UTC time,3_temperature,3_humidity,3_pressure,3_pm1,3_pm25,3_pm10,140_temperature,140_humidity,140_pressure,140_pm1,140_pm25,140_pm10,142_temperature,142_humidity,142_pressure,142_pm1,142_pm25,142_pm10,147_temperature,147_humidity,147_pressure,147_pm1,147_pm25,147_pm10,169_temperature,169_humidity,169_pressure,169_pm1,169_pm25,169_pm10,170_temperature,170_humidity,170_pressure,170_pm1,170_pm25,170_pm10,171_temperature,171_humidity,171_pressure,171_pm1,171_pm25,171_pm10,172_temperature,172_humidity,172_pressure,172_pm1,172_pm25,172_pm10,173_temperature,173_humidity,173_pressure,173_pm1,173_pm25,173_pm10,174_temperature,174_humidity,174_pressure,174_pm1,174_pm25,174_pm10,176_temperature,176_humidity,176_pressure,176_pm1,176_pm25,176_pm10,177_temperature,177_humidity,177_pressure,177_pm1,177_pm25,177_pm10,178_temperature,178_humidity,178_pressure,178_pm1,178_pm25,178_pm10,179_temperature,179_humidity,179_pressure,179_pm1,179_pm25,179_pm10,180_temperature,180_humidity,180_pressure,180_pm1,180_pm25,180_pm10,181_temperature,181_humidity,181_pressure,181_pm1,181_pm25,181_pm10,182_temperature,182_humidity,182_pressure,182_pm1,182_pm25,182_pm10,183_temperature,183_humidity,183_pressure,183_pm1,183_pm25,183_pm10,184_temperature,184_humidity,184_pressure,184_pm1,184_pm25,184_pm10,185_temperature,185_humidity,185_pressure,185_pm1,185_pm25,185_pm10,187_temperature,187_humidity,187_pressure,187_pm1,187_pm25,187_pm10,189_temperature,189_humidity,189_pressure,189_pm1,189_pm25,189_pm10,192_temperature,192_humidity,192_pressure,192_pm1,192_pm25,192_pm10,194_temperature,194_humidity,194_pressure,194_pm1,194_pm25,194_pm10,195_temperature,195_humidity,195_pressure,195_pm1,195_pm25,195_pm10,196_temperature,196_humidity,196_pressure,196_pm1,196_pm25,196_pm10,201_temperature,201_humidity,201_pressure,201_pm1,201_pm25,201_pm10,202_temperature,202_humidity,202_pressure,202_pm1,202_pm25,202_pm10,203_temperature,203_humidity,203_pressure,203_pm1,203_pm25,203_pm10,204_temperature,204_humidity,204_pressure,204_pm1,204_pm25,204_pm10,205_temperature,205_humidity,205_pressure,205_pm1,205_pm25,205_pm10,208_temperature,208_humidity,208_pressure,208_pm1,208_pm25,208_pm10,209_temperature,209_humidity,209_pressure,209_pm1,209_pm25,209_pm10,210_temperature,210_humidity,210_pressure,210_pm1,210_pm25,210_pm10,211_temperature,211_humidity,211_pressure,211_pm1,211_pm25,211_pm10,212_temperature,212_humidity,212_pressure,212_pm1,212_pm25,212_pm10,213_temperature,213_humidity,213_pressure,213_pm1,213_pm25,213_pm10,214_temperature,214_humidity,214_pressure,214_pm1,214_pm25,214_pm10,215_temperature,215_humidity,215_pressure,215_pm1,215_pm25,215_pm10,216_temperature,216_humidity,216_pressure,216_pm1,216_pm25,216_pm10,218_temperature,218_humidity,218_pressure,218_pm1,218_pm25,218_pm10,219_temperature,219_humidity,219_pressure,219_pm1,219_pm25,219_pm10,220_temperature,220_humidity,220_pressure,220_pm1,220_pm25,220_pm10,221_temperature,221_humidity,221_pressure,221_pm1,221_pm25,221_pm10,222_temperature,222_humidity,222_pressure,222_pm1,222_pm25,222_pm10,223_temperature,223_humidity,223_pressure,223_pm1,223_pm25,223_pm10,225_temperature,225_humidity,225_pressure,225_pm1,225_pm25,225_pm10,226_temperature,226_humidity,226_pressure,226_pm1,226_pm25,226_pm10,227_temperature,227_humidity,227_pressure,227_pm1,227_pm25,227_pm10,228_temperature,228_humidity,228_pressure,228_pm1,228_pm25,228_pm10,263_temperature,263_humidity,263_pressure,263_pm1,263_pm25,263_pm10,622_temperature,622_humidity,622_pressure,622_pm1,622_pm25,622_pm10,713_temperature,713_humidity,713_pressure,713_pm1,713_pm25,713_pm10,808_temperature,808_humidity,808_pressure,808_pm1,808_pm25,808_pm10,857_temperature,857_humidity,857_pressure,857_pm1,857_pm25,857_pm10,895_temperature,895_humidity,895_pressure,895_pm1,895_pm25,895_pm10
2017-05-01T00:00:00,,,,,,,8,104,101967,48,54,89,,,,,,,,,101916,62,66,94,0,96,101962,35,41,59,14,62,101956,35,40,59,10,109,101968,41,47,70,,,101964,38,44,65,11,121,101969,38,45,66,12,78,101912,38,44,64,12,88,,40,47,77,11,94,102048,38,45,66,,,,,,,11,100,,36,42,62,13,91,,38,43,64,11,97,,41,48,72,8,104,,41,47,70,10,98,,38,45,65,11,86,,42,47,71,12,96,,38,43,64,,,,,,,13,89,102065,39,45,66,10,96,101958,43,49,74,12,0,101860,39,46,69,11,86,102071,36,42,62,12,87,,36,43,62,13,84,,44,48,72,6,150,102162,45,51,74,12,108,,39,46,67,15,76,102023,37,44,65,,,,,,,9,118,102024,40,45,66,11,83,101853,35,40,60,13,83,101986,43,48,71,,,,,,,11,98,101885,37,43,64,12,128,101905,36,42,62,9,145,102111,40,46,69,13,83,102075,33,39,57,12,88,102104,44,50,75,9,115,102142,43,50,75,13,87,102091,36,42,61,9,111,101930,40,47,70,13,87,101992,37,43,64,11,94,101927,46,49,68,7,138,102074,45,53,78,11,88,101985,40,44,58,9,108,101959,41,47,69,11,92,102269,39,45,67,11,102,102038,39,45,68,12,88,102004,40,45,68,11,77,102234,50,58,86,,,,,,,,,,,,,,,,,,,9,84,102068,39,47,77
2017-05-01T01:00:00,,,,,,,7,109,101969,51,58,96,,,,,,,,,101920,58,62,92,0,101,101968,35,41,60,13,62,101957,36,42,61,10,113,101974,43,49,74,,,101967,37,44,64,10,122,101970,40,47,70,12,80,101915,37,43,63,11,91,,39,45,75,11,94,102049,40,47,70,,,,,,,11,99,,38,45,65,12,90,,38,43,64,10,101,,41,48,72,8,101,,41,47,70,,,,,,,11,86,,41,46,70,11,95,,40,45,67,,,,,,,12,93,102070,41,48,71,10,97,101956,42,49,73,11,0,101862,43,51,75,11,86,102079,38,44,65,12,89,,37,44,64,13,85,,45,50,74,6,150,102163,46,51,74,11,110,,41,48,72,14,80,102025,37,44,65,,,,,,,9,124,102032,44,48,69,10,82,101852,34,40,58,13,85,101990,45,49,71,,,,,,,10,105,101883,39,45,66,12,111,101909,38,44,66,8,144,102121,42,49,73,13,85,102075,34,41,59,12,91,102107,43,50,75,8,120,102141,41,49,73,12,88,102098,36,42,62,9,114,101931,43,50,75,13,90,101992,40,46,70,10,98,101932,45,49,68,7,144,102078,41,49,74,11,90,101983,41,45,59,9,105,101961,41,46,69,11,96,102272,36,42,61,11,99,102037,38,44,66,11,87,102004,37,42,63,11,76,102233,45,52,81,,,,,,,,,,,,,,,,,,,9,85,102069,41,50,81
2017-05-01T02:00:00,,,,,,,6,112,101975,54,61,101,,,,,,,,,101927,59,66,96,3,93,101984,37,43,64,13,62,101963,36,43,62,9,118,101981,44,50,76,,,101975,39,46,69,10,124,101975,41,48,72,12,82,101923,39,45,67,10,95,,41,48,79,10,95,102059,41,48,70,,,,,,,10,100,,39,46,67,12,91,,38,44,65,10,104,,42,50,75,7,105,,39,45,66,,,,,,,11,93,,45,49,76,11,96,,41,47,69,,,,,,,12,95,102078,42,48,72,10,99,101965,44,51,77,11,0,101875,41,48,72,10,85,102096,38,45,67,11,94,,38,45,67,12,88,,47,53,77,5,150,102168,47,53,77,11,111,,42,49,73,13,83,102031,38,45,67,,,,,,,8,130,102042,46,50,70,10,86,101859,36,43,63,13,85,102001,41,47,70,,,,,,,10,109,101888,40,47,70,12,104,101916,39,45,68,8,144,102133,44,51,77,12,85,102087,36,42,61,12,95,102112,44,50,76,7,126,102142,41,49,73,12,89,102110,37,43,63,9,111,101937,43,50,74,12,91,102003,40,47,70,9,118,101944,47,54,74,7,146,102086,41,49,74,12,92,101988,39,44,59,8,109,101965,41,47,70,11,102,102282,36,43,64,9,106,102045,39,46,69,10,90,102013,37,42,62,10,80,102246,46,55,86,,,,,,,,,,,,,,,,,,,9,86,102077,41,50,81
2017-05-01T03:00:00,,,,,,,6,114,101980,52,60,98,,,,,,,,,101937,54,60,91,8,94,101989,36,42,63,13,66,101971,38,45,66,9,125,101989,45,52,78,,,101982,41,48,73,10,134,101978,43,51,76,12,87,101927,39,45,67,10,99,,39,46,75,10,100,102072,42,50,73,,,,38,45,68,10,103,,40,47,70,12,91,,37,42,62,9,109,,40,48,71,8,107,,37,44,64,,,,,,,12,94,,43,48,73,11,99,,42,47,71,,,,,,,11,97,102082,43,50,75,10,100,101973,48,55,81,10,0,101882,43,51,76,10,89,102104,41,48,71,11,103,,40,47,70,11,92,,43,49,74,4,150,102179,44,50,73,11,116,,42,49,73,12,86,102034,40,47,71,,,,,,,7,142,102054,46,51,71,10,102,101868,40,47,70,12,92,102012,41,47,70,,,,,,,9,118,101891,39,46,69,11,118,101922,41,48,73,8,145,102137,46,53,81,12,87,102098,35,42,61,11,100,102120,41,48,72,6,143,102148,40,48,71,12,91,102115,36,42,62,8,123,101944,45,52,78,12,94,102009,41,47,71,9,134,101955,43,49,71,6,147,102093,38,46,69,12,92,101996,36,41,56,8,112,101976,39,45,67,11,102,102288,35,42,62,9,111,102055,38,44,66,10,95,102021,35,39,58,9,86,102253,42,51,83,,,,,,,,,,,,,,,,,,,9,90,102083,41,50,81
2017-05-01T04:00:00,,,,,,,6,112,101963,48,55,90,,,,,,,,,101917,48,55,84,13,92,101968,36,43,63,14,66,101957,39,46,67,10,117,101970,44,50,75,,,101967,40,48,72,10,140,101964,38,46,68,12,90,101912,35,41,61,11,96,,38,45,74,10,97,102047,39,46,67,,,,,,,10,103,,40,47,69,12,91,,35,41,60,9,108,,37,44,65,8,108,,36,42,61,,,,,,,12,92,,38,43,67,12,99,,42,48,71,,,,,,,11,97,102068,37,44,65,11,105,101959,44,51,75,15,0,101867,43,50,72,11,99,102083,39,46,68,11,120,,36,44,64,11,94,,39,45,69,5,150,102157,43,49,71,11,118,,38,45,66,11,88,102018,35,43,63,,,,,,,10,114,102021,39,43,63,12,95,101846,38,44,65,12,95,101994,39,45,67,,,,,,,9,114,101876,35,41,61,10,154,101908,38,45,67,7,145,102127,42,48,70,12,88,102081,32,38,55,11,100,102103,39,45,68,7,138,102133,35,41,61,12,89,102094,32,38,55,10,113,101927,44,51,76,12,95,101988,38,45,67,9,130,101937,38,44,63,7,146,102075,39,47,69,12,90,101981,33,39,53,8,112,101953,36,43,62,11,100,102272,35,41,61,9,109,102033,36,43,64,9,98,102003,32,36,54,10,83,102236,40,49,80,,,,,,,,,,,,,,,,,,,9,89,102068,41,50,82
2017-05-01T05:00:00,,,,,,,8,105,101920,43,48,77,,,,,,,,,101870,44,50,76,14,85,101925,38,44,62,14,65,101908,27,32,45,13,93,101930,32,36,53,,,101919,30,35,49,16,83,101928,32,37,54,13,85,101865,32,37,54,12,93,,36,42,69,11,93,102010,30,35,49,,,,,,,11,101,,30,35,49,13,89,,34,40,59,11,102,,33,40,58,9,107,,34,41,59,,,,,,,13,90,,34,39,58,12,97,,34,38,55,,,,,,,18,76,102019,30,34,49,12,99,101911,34,39,57,21,0,101835,30,35,51,11,98,102039,31,36,51,13,104,,30,35,49,12,89,,37,43,64,7,150,102109,37,42,60,13,103,,30,35,50,12,84,101973,29,35,49,,,,,,,15,76,101978,26,29,42,12,97,101809,27,31,43,22,56,101957,32,36,52,,,,,,,13,89,101833,30,34,49,11,143,101862,28,33,47,8,145,102073,32,36,50,12,89,102044,23,27,36,13,90,102051,35,41,60,9,120,102087,29,34,48,12,91,102062,24,27,37,14,82,101879,31,36,52,12,94,101947,31,36,52,12,103,101880,33,37,53,8,138,102030,36,43,64,13,90,101935,31,35,48,12,95,101905,31,36,52,12,94,102229,32,38,56,12,96,101986,33,37,55,10,100,101955,31,35,51,10,80,102191,38,45,74,,,,,,,,,,,,,,,,,,,10,82,102023,32,38,60
2017-05-01T06:00:00,,,,,,,8,99,101895,25,26,37,,,,,,,,,101845,29,32,44,12,80,101904,17,19,26,13,65,101879,17,20,26,20,63,101912,17,19,25,,,101894,20,23,30,16,78,101901,20,23,30,13,85,101837,20,22,30,13,90,,22,25,37,11,93,102004,18,20,26,,,,,,,11,98,,18,20,26,15,87,,25,28,40,11,100,,19,22,29,12,100,,25,28,38,,,,,,,13,89,,21,23,31,12,95,,18,19,26,,,,,,,27,55,101992,19,22,29,12,94,101884,21,24,30,24,0,101815,20,23,30,11,101,102029,21,24,32,12,99,,19,22,29,13,85,,23,26,34,10,122,102082,29,32,42,15,84,,18,20,26,18,67,101952,19,21,28,,,,,,,17,65,101963,16,18,24,11,99,101793,17,19,25,26,37,101938,18,20,27,,,,,,,17,67,101819,19,21,28,18,70,101835,17,19,24,9,132,102048,27,28,38,13,89,102033,13,15,19,16,77,102025,23,26,36,12,90,102065,19,22,29,12,93,102048,17,19,24,15,68,101857,19,20,27,12,94,101920,18,20,27,15,80,101853,23,25,33,10,119,101993,27,31,44,13,92,101905,25,28,35,14,84,101880,24,27,37,13,89,102194,20,22,30,12,93,101965,25,28,39,11,102,101927,22,24,34,12,75,102166,26,30,45,,,,,,,,,,,,,,,,,,,12,70,101998,18,20,27
2017-05-01T07:00:00,,,,,,,10,87,101864,13,13,18,,,,,,,,,101816,12,13,16,11,80,101875,7,8,11,15,59,101848,10,11,15,21,56,101887,9,10,13,,,101864,13,15,19,13,97,101860,12,13,17,14,78,101802,11,12,15,13,87,,9,9,14,13,88,101976,11,12,15,,,,,,,12,94,,10,11,14,15,86,,8,8,11,12,94,,10,11,14,13,93,,8,9,11,,,,,,,14,86,,8,9,12,13,92,,11,11,15,,,,,,,24,59,101964,11,12,15,12,92,101853,16,18,22,25,0,101787,10,11,13,13,91,101998,12,13,17,13,85,,12,13,18,13,83,,12,13,17,11,92,102058,11,12,14,16,76,,9,9,12,21,59,101925,10,12,15,12,118,101967,5,6,8,16,68,101940,9,10,13,12,96,101762,10,11,14,23,44,101901,12,13,17,,,,,,,20,54,101794,10,11,14,22,54,101805,10,10,14,11,105,102004,14,15,19,15,80,101996,6,8,9,18,70,101997,10,10,13,14,79,102035,10,11,14,13,89,102016,11,12,14,13,77,101830,11,12,16,13,90,101886,9,10,13,16,68,101821,12,12,14,13,91,101959,10,11,14,14,84,101867,12,12,14,14,81,101854,11,11,15,,,102152,4,4,7,12,91,101938,9,10,13,12,98,101899,8,8,12,14,64,102135,13,13,18,,,,,,,,,,,,,,,,,,,13,68,101968,12,13,17
2017-05-01T08:00:00,,,,,,,11,82,101837,10,10,14,,,,,,,,,101795,9,9,12,13,81,101855,6,7,10,16,52,101816,8,9,12,17,67,101856,10,10,12,,,101829,11,12,15,13,96,101824,9,10,13,16,71,101767,8,9,12,13,86,,7,8,12,14,83,101937,11,11,14,,,,,,,14,86,,9,10,13,16,80,,5,6,8,13,88,,7,8,11,13,91,,6,7,9,12,92,,15,15,18,16,80,,5,5,7,14,87,,10,10,13,,,,,,,22,63,101928,8,9,11,13,89,101815,12,13,16,22,0,101759,9,10,12,14,83,101961,10,11,14,15,71,,9,11,14,14,79,,9,9,12,12,76,102024,7,8,10,20,58,,10,10,12,16,71,101876,7,9,11,12,118,101945,7,9,12,13,84,101937,10,10,14,12,92,101734,10,11,14,18,59,101872,9,10,12,,,,,,,17,64,101760,7,8,11,19,61,101769,7,8,11,12,96,101973,19,20,26,18,66,101964,6,8,10,21,58,101950,6,7,9,15,74,101999,9,10,12,14,85,101991,13,13,16,12,81,101800,10,11,14,13,86,101859,10,11,14,17,59,101778,8,8,9,14,82,101924,8,9,12,16,72,101827,7,7,8,15,79,101817,7,8,10,,,102124,4,4,6,13,87,101891,6,7,10,13,93,101864,6,6,9,14,63,102105,11,10,14,,,,,,,,,,,,,,,,,,,14,65,101926,10,10,14
2017-05-01T09:00:00,,,,,,,12,78,101853,11,11,15,,,,,,,,,101809,11,11,14,14,81,101849,7,9,11,17,46,101825,8,9,11,14,79,101856,8,9,11,,,101840,12,12,16,13,92,101839,9,10,13,17,67,101781,9,10,13,14,85,,9,10,15,16,78,101937,9,10,12,,,,,,,14,85,,8,9,12,18,77,,5,6,8,15,84,,10,11,14,13,90,,7,8,11,13,89,,11,12,15,17,76,,5,6,8,15,83,,10,10,13,,,,,,,18,72,101943,7,8,11,14,80,101831,10,11,13,18,0,101757,10,11,14,15,77,101956,15,15,19,16,61,,9,9,12,14,79,,10,11,14,11,79,102037,9,9,12,19,59,,7,7,9,14,74,101884,7,8,11,13,105,101950,7,8,11,12,91,101945,8,8,11,13,86,101742,7,9,11,17,65,101872,11,12,15,,,,,,,15,73,101769,8,9,12,17,68,101786,7,8,10,12,93,101983,16,16,22,18,60,101966,5,5,7,20,60,101969,8,8,11,12,85,102008,7,8,10,15,77,101980,7,8,10,13,78,101807,9,10,13,13,84,101862,7,8,11,16,68,101796,9,9,11,16,76,101932,10,11,14,18,68,101844,7,7,8,14,81,101824,8,9,12,,,102138,5,5,8,13,86,101903,7,8,10,13,92,101873,6,7,9,14,64,102118,12,12,16,,,,,,,,,,,,,,,,,,,13,67,101949,11,11,15
2017-05-01T10:00:00,,,,,,,14,72,101810,10,9,13,,,,,,,,,101770,9,9,11,12,80,101794,6,7,9,19,43,101781,7,8,10,15,78,101806,7,8,10,,,101792,10,10,13,15,89,101791,9,10,12,22,58,101735,9,10,12,15,83,,8,9,12,17,77,101886,7,8,10,,,,,,,15,83,,7,8,10,19,75,,5,6,8,21,69,,8,9,11,15,85,,7,8,10,14,86,,9,9,12,18,74,,5,5,7,16,82,,7,8,10,,,,,,,21,67,101888,7,8,10,15,79,101782,10,11,13,18,0,101707,6,7,10,16,76,101901,8,9,12,17,59,,7,7,9,18,69,,9,9,12,13,67,101995,11,11,13,21,54,,7,7,9,16,72,101836,7,9,12,14,99,101901,5,6,8,13,85,101888,7,8,10,14,84,101692,7,8,10,18,64,101822,9,10,12,,,,,,,16,74,101724,8,9,11,18,64,101733,6,7,9,12,89,101932,11,12,15,21,55,101920,4,5,6,23,51,101910,7,8,10,13,86,101964,14,15,19,17,70,101936,7,7,9,14,75,101758,9,9,12,15,81,101817,7,7,10,22,38,101737,8,8,9,24,46,101875,9,9,12,24,50,101810,7,7,8,15,79,101783,8,8,11,,,102091,4,5,6,13,86,101862,6,7,9,14,91,101828,6,7,9,15,61,102063,12,11,15,,,,,,,,,,,,,,,,,,,14,65,101894,9,9,11
2017-05-01T11:00:00,,,,,,,16,68,101780,9,9,12,,,,,,,,,101730,11,10,13,14,78,101753,6,7,9,19,43,101747,8,8,10,15,80,101772,8,9,11,,,101757,10,10,12,15,92,101759,8,9,11,24,52,101703,8,9,11,16,83,,10,10,15,18,76,101847,9,10,12,,,,,,,15,86,,7,8,11,21,72,,6,7,9,21,71,,8,9,11,16,84,,8,9,11,14,89,,11,12,15,21,70,,6,6,9,18,80,,9,9,11,,,,,,,20,70,101854,6,7,9,15,79,101747,9,9,11,17,0,101667,7,9,11,16,76,101862,8,9,11,19,57,,6,7,9,17,75,,9,9,12,15,62,101953,9,9,11,24,48,,8,8,10,16,72,101801,8,9,12,15,95,101865,5,7,9,13,88,101855,8,9,12,15,83,101655,8,9,12,18,66,101780,8,9,11,,,,,,,16,76,101691,7,8,10,17,71,101695,5,6,8,13,90,101894,14,14,18,25,48,101881,6,7,8,23,54,101867,7,8,10,14,85,101923,9,9,12,19,66,101894,10,9,12,14,76,101726,9,10,13,16,79,101783,9,9,12,19,54,101706,10,9,11,23,47,101831,9,9,11,29,35,101774,6,6,7,16,75,101740,7,8,10,,,102055,5,4,6,15,82,101816,6,8,11,16,87,101777,4,5,7,16,63,102023,13,12,16,,,,,,,,,,,,,,,,,,,16,61,101853,10,9,12
2017-05-01T12:00:00,,,,,,,19,62,101740,9,8,11,,,,,,,,,101677,11,10,13,17,78,101705,6,7,9,20,43,101700,7,8,9,15,83,101724,8,9,11,,,101707,10,9,12,14,97,101709,8,9,11,29,39,101666,8,8,11,15,85,,12,12,18,18,77,101799,9,9,12,,,,,,,16,86,,8,8,11,24,68,,6,7,9,23,67,,8,8,10,16,85,,10,10,13,15,89,,12,12,15,24,63,,6,7,9,19,79,,8,9,11,,,,,,,20,72,101804,6,7,9,15,81,101696,9,9,11,17,0,101622,7,8,10,18,70,101808,6,8,10,20,55,,7,8,10,16,77,,8,9,11,15,61,101908,9,9,11,28,35,,7,7,9,17,71,101757,8,9,12,15,96,101817,6,7,10,14,90,101810,8,8,11,15,84,101611,8,9,11,18,67,101739,7,8,11,,,,,,,15,82,101643,7,8,10,16,78,101644,5,6,8,14,88,101845,11,11,15,31,33,101834,6,6,8,23,58,101822,8,8,10,14,86,101872,10,10,13,21,61,101849,10,10,12,14,77,101678,9,10,12,18,74,101740,8,9,12,17,70,101659,10,9,11,25,42,101778,9,9,11,33,25,101729,7,6,7,16,78,101689,7,8,10,27,40,102020,6,6,8,15,85,101770,7,9,12,16,88,101727,4,5,7,16,64,101974,13,12,17,,,,,,,,,,,,,,,,,,,17,59,101803,10,9,12
2017-05-01T13:00:00,,,,,,,21,55,101708,11,10,13,,,,,,,,,101634,12,12,15,16,82,101671,7,8,11,20,43,101665,8,8,11,15,87,101686,10,11,13,,,101670,10,10,13,14,104,101670,9,10,13,32,33,101637,9,9,12,15,88,,11,12,17,16,83,101768,10,11,13,,,,,,,17,81,,9,10,12,26,64,,6,7,9,25,63,,9,9,12,17,85,,9,10,12,14,92,,13,14,17,32,50,,7,7,10,26,64,,10,10,13,,,,,,,19,74,101765,7,8,10,15,84,101659,11,12,15,15,0,101584,8,9,12,18,69,101770,8,9,12,24,46,,9,10,12,16,81,,10,10,13,15,61,101864,9,9,11,27,39,,12,13,16,17,73,101717,9,11,14,15,103,101780,7,8,11,14,94,101773,9,10,13,15,87,101572,9,10,13,18,72,101697,9,9,12,,,,,,,14,88,101604,8,9,11,16,87,101605,7,8,10,13,93,101807,14,14,19,40,10,101788,7,7,9,22,62,101784,8,9,11,14,88,101831,8,9,11,32,34,101800,10,10,13,15,79,101636,10,11,14,18,74,101698,10,10,13,16,79,101624,11,10,12,26,38,101735,10,10,13,34,22,101690,7,7,7,16,81,101645,8,9,11,31,28,101992,16,16,21,15,87,101731,7,7,10,16,87,101686,5,6,8,15,68,101935,14,13,18,,,,,,,,,,,,,,,,,,,17,59,101765,11,10,14
2017-05-01T14:00:00,,,,,,,20,57,101690,11,10,14,,,,,,,,,101613,13,13,16,13,84,101652,9,10,13,21,40,101643,9,9,12,14,88,101665,11,12,15,,,101647,12,12,16,14,106,101652,11,11,14,28,38,101612,11,11,14,14,90,,14,14,21,15,85,101755,12,13,17,,,,,,,18,79,,10,11,14,28,60,,9,9,12,26,61,,10,10,13,16,85,,11,12,15,14,92,,15,15,19,34,47,,9,9,12,34,51,,12,12,15,,,,,,,18,78,101748,8,9,12,15,86,101637,11,12,15,15,0,101562,9,11,14,19,63,101745,9,10,13,26,40,,9,9,11,15,82,,11,11,15,15,62,101843,11,11,13,18,73,,15,16,21,17,74,101694,10,11,15,15,102,101761,8,10,13,14,93,101750,11,12,16,15,87,101550,11,12,15,18,72,101678,10,11,14,,,,,,,14,92,101583,9,10,13,16,89,101584,8,9,11,13,94,101789,16,17,22,41,7,101768,7,7,9,21,65,101766,10,10,13,14,91,101804,10,10,13,32,28,101788,11,11,14,15,79,101614,11,12,16,17,75,101679,11,12,15,15,85,101599,12,12,14,25,38,101712,12,12,15,34,21,101667,9,8,9,15,84,101621,10,10,13,,,101980,10,10,12,15,88,101709,10,12,16,17,86,101664,6,7,10,15,69,101914,15,14,20,,,,,,,,,,,,,,,,,,,16,62,101744,13,14,18
2017-05-01T15:00:00,,,,,,,17,65,101682,13,12,17,,,,,,,,,101608,15,15,20,14,83,101648,10,11,14,19,47,101634,11,12,15,14,89,101660,13,14,19,,,101640,14,15,19,14,105,101645,12,13,17,19,63,101593,12,12,16,14,89,,12,12,18,14,87,101756,14,15,20,,,,,,,16,86,,12,13,17,24,67,,9,10,13,24,65,,11,11,15,16,86,,11,12,15,14,93,,19,20,25,31,49,,10,10,14,28,59,,14,14,18,,,,,,,17,80,101745,10,11,15,15,83,101630,13,14,17,15,0,101554,11,12,16,21,57,101736,11,11,15,25,41,,10,10,13,15,82,,13,13,18,14,66,101843,14,14,17,16,80,,13,14,18,16,75,101690,11,13,18,15,100,101756,11,12,16,13,94,101749,14,15,21,14,87,101546,14,16,21,17,73,101670,12,13,17,,,,,,,14,92,101577,10,11,15,15,91,101582,9,10,13,13,94,101786,19,20,27,40,8,101766,33,33,43,19,68,101766,11,12,16,14,92,101797,13,14,18,33,26,101781,15,16,20,15,78,101609,13,14,18,16,79,101674,14,15,20,15,87,101594,14,14,17,23,47,101710,13,13,17,25,45,101653,11,11,12,15,86,101618,12,12,15,34,21,101981,9,8,10,14,89,101707,12,15,21,16,86,101663,7,8,11,15,69,101910,16,16,22,,,,,,,,,,,,,,,,,,,15,64,101743,14,15,20
2017-05-01T16:00:00,,,,,,,17,67,101658,17,17,24,,,,,,,,,101587,20,21,27,15,84,101626,15,17,23,17,55,101611,14,16,21,14,90,101637,17,20,26,,,101621,17,19,26,14,107,101623,16,18,23,16,74,101569,15,16,22,14,90,,16,18,25,14,88,101730,18,21,27,,,,,,,14,90,,15,17,23,20,75,,11,12,15,16,83,,14,15,20,15,87,,12,13,17,13,94,,22,25,32,29,52,,14,15,20,18,80,,18,19,25,,,,,,,16,82,101728,14,16,21,15,84,101611,17,19,24,14,0,101531,15,17,22,21,56,101716,16,17,22,22,47,,13,14,18,15,81,,17,18,23,13,75,101824,15,14,18,15,85,,17,19,24,16,76,101671,15,18,24,14,103,101735,15,17,22,13,95,101712,19,21,29,14,89,101526,18,20,26,16,76,101649,16,17,23,,,,,,,13,96,101556,13,15,20,15,95,101559,13,15,20,13,99,101767,22,23,31,31,25,101756,19,21,27,17,75,101752,15,17,22,13,95,101775,16,17,22,29,33,101766,17,18,24,14,82,101590,17,19,25,16,81,101653,17,19,25,14,90,101570,18,19,22,15,81,101706,14,16,20,20,62,101623,16,16,18,14,88,101596,13,13,17,,,101963,11,11,14,14,90,101686,11,12,16,16,86,101642,7,9,12,15,70,101888,20,22,30,,,,,,,,,,,,,,,,,,,13,73,101724,18,20,28
2017-05-01T17:00:00,,,,,,,12,73,101668,17,17,24,,,,,,,,,101601,23,24,31,11,74,101646,17,19,26,12,70,101622,15,18,23,11,74,101651,18,20,26,,,101636,18,20,26,11,74,101639,16,18,23,12,74,101583,15,17,22,11,74,,16,17,25,11,74,101743,20,23,30,,,,,,,11,74,,15,17,23,12,74,,15,16,21,11,74,,13,15,19,11,74,,14,15,20,11,74,,21,24,31,14,74,,15,16,22,12,74,,19,21,28,,,,,,,12,74,101740,15,17,22,11,74,101629,18,20,25,11,49,101544,15,17,23,12,74,101751,15,17,22,12,73,,13,14,18,11,74,,17,18,24,11,72,101843,17,17,21,11,74,,17,19,25,12,74,101686,15,18,24,11,74,101746,15,17,23,11,74,101725,20,23,32,11,74,101538,19,22,29,12,74,101665,24,25,33,,,,,,,11,74,101572,13,15,20,11,74,101575,14,15,20,11,74,101784,19,20,27,13,74,101775,14,16,21,12,74,101773,17,19,24,11,74,101791,14,16,20,13,74,101795,20,23,29,11,74,101605,17,19,26,12,74,101666,18,20,26,11,74,101588,20,21,25,11,74,101728,17,19,25,12,74,101637,26,27,33,11,74,101614,15,17,22,,,101971,13,14,18,11,74,101702,13,14,19,11,74,101667,10,12,15,11,72,101900,23,25,36,,,,,,,,,,,,,,,,,,,11,70,101743,19,22,30
2017-05-01T18:00:00,,,,,,,10,78,101712,21,22,31,,,,,,,,,101650,26,28,37,10,78,101696,12,14,18,11,75,101674,18,21,27,10,78,101700,21,23,30,,,101687,20,23,30,10,78,101689,18,20,26,11,78,101632,17,19,25,10,78,,16,18,26,10,78,101791,23,27,35,,,,18,22,29,10,78,,18,20,26,11,78,,13,14,19,10,78,,16,18,24,10,78,,16,17,22,10,78,,26,29,40,11,78,,17,18,24,11,78,,23,25,33,,,,,,,11,78,101790,16,18,24,10,78,101678,22,24,31,10,53,101592,18,21,27,11,78,101806,18,20,26,11,78,,16,18,23,11,78,,20,22,29,10,78,101891,16,17,21,11,78,,21,23,30,11,78,101737,18,21,28,,,,,,,10,78,101772,23,26,36,10,78,101588,24,27,37,11,78,101717,25,27,35,,,,,,,10,78,101621,15,17,23,10,78,101625,16,18,24,10,78,101840,22,23,31,11,78,101828,15,18,25,11,78,101819,20,22,28,10,78,101843,16,18,23,11,78,101839,25,28,39,10,78,101655,20,22,30,11,78,101716,19,21,28,10,78,101640,20,21,26,10,78,101783,18,20,26,11,78,101690,28,30,36,10,78,101663,16,17,22,11,78,102000,15,15,20,10,78,101752,14,15,20,10,78,101720,13,14,19,10,77,101952,25,28,42,,,,,,,,,,,,,,,,,,,10,75,101794,22,26,37
2017-05-01T19:00:00,,,,,,,9,81,101737,22,23,32,,,,,,,,,101676,27,30,39,9,81,101712,19,22,29,10,80,101700,20,23,29,9,81,101723,21,24,31,,,101713,20,23,30,9,81,101713,18,21,27,9,81,101658,18,19,26,9,81,,18,21,30,9,81,101817,24,28,36,,,,,,,9,81,,18,20,27,10,81,,15,16,21,9,81,,17,20,25,9,81,,16,17,23,,,,,,,10,81,,17,18,24,9,81,,23,25,33,,,,,,,9,81,101818,17,19,25,9,81,101706,22,25,31,9,56,101615,18,21,28,9,81,101835,18,20,26,9,81,,16,18,23,9,81,,21,22,29,8,81,101916,18,19,24,9,81,,21,23,30,10,81,101765,19,22,30,9,81,101844,18,21,28,9,81,101792,23,26,36,9,81,101611,26,30,41,10,81,101740,28,29,39,,,,,,,9,81,101644,16,18,24,9,81,101652,16,18,24,8,81,101870,20,21,28,10,81,101839,16,18,23,10,81,101847,21,23,30,8,81,101868,16,18,23,10,81,101858,25,28,37,9,81,101680,21,23,32,9,81,101738,19,21,29,9,81,101666,21,23,27,9,81,101813,21,23,30,10,81,101720,25,27,33,9,81,101686,17,19,24,9,81,102018,23,26,37,9,81,101774,16,18,24,9,81,101744,14,14,20,9,81,101980,27,31,47,,,,,,,,,,,,,,,,,,,9,81,101820,23,27,37
2017-05-01T20:00:00,,,,,,,8,81,101752,22,23,33,,,,,,,,,101690,26,27,36,9,81,101727,22,24,32,9,81,101716,19,22,28,8,81,101739,22,24,32,,,101732,21,23,30,8,81,101730,18,21,27,9,81,101675,18,20,26,8,81,,19,22,31,8,81,101840,24,26,35,,,,,,,8,81,,18,21,27,9,81,,21,23,30,8,81,,17,20,25,9,81,,18,20,26,8,81,,28,33,45,9,81,,17,17,24,9,81,,23,24,33,,,,,,,9,81,101837,17,19,25,9,81,101725,23,24,31,9,56,101632,18,21,28,9,81,101859,18,21,27,9,81,,16,18,24,9,81,,21,22,29,8,81,101934,27,29,37,9,81,,20,22,28,9,81,101776,16,19,25,8,81,101847,18,21,28,8,81,101816,22,25,36,8,81,101630,25,28,38,9,81,101757,28,29,39,,,,,,,8,81,101659,17,19,25,9,81,101669,16,19,25,8,81,101888,17,18,25,9,81,101862,15,18,26,9,81,101867,21,23,30,8,81,101890,16,17,23,9,81,101878,26,29,39,8,81,101697,22,24,33,9,81,101756,19,22,29,9,81,101693,22,23,28,8,81,101829,22,25,32,9,81,101745,33,35,43,8,81,101713,22,24,31,9,81,102030,20,22,31,8,81,101793,18,20,26,9,81,101765,15,15,20,9,81,102000,26,29,44,,,,,,,,,,,,,,,,,,,8,81,101841,23,27,38
2017-05-01T21:00:00,,,,,,,7,85,101761,23,24,33,,,,,,,,,101702,26,28,37,8,85,101746,19,22,28,8,85,101728,18,20,26,8,85,101753,21,22,29,,,101746,20,22,29,7,85,101743,19,22,28,8,85,101689,18,20,26,8,85,,22,24,36,8,85,101855,21,24,31,,,,,,,8,85,,18,20,26,8,85,,24,26,35,8,85,,18,20,26,8,85,,21,23,29,7,85,,24,26,33,8,85,,17,18,24,8,85,,20,22,28,,,,,,,8,85,101850,19,21,28,8,85,101739,23,25,31,8,60,101644,18,20,26,8,85,101875,18,20,26,8,85,,16,18,24,8,85,,21,22,29,7,85,101951,28,30,39,8,85,,19,21,27,8,85,101786,17,20,26,8,85,101867,16,18,25,7,85,101837,20,22,30,8,85,101643,21,23,30,8,85,101771,32,33,45,,,,,,,7,85,101669,17,19,26,8,85,101684,16,18,24,7,85,101910,17,18,25,8,85,101880,13,14,19,8,85,101885,21,22,29,7,85,101896,17,19,24,8,85,101886,25,27,35,8,85,101709,24,27,37,8,85,101767,19,21,27,8,85,101711,23,24,29,7,85,101850,22,25,33,9,85,101756,49,56,73,7,85,101732,24,26,34,,,102034,13,13,18,8,85,101809,18,19,25,8,85,101784,14,15,21,8,85,102016,26,29,44,,,,,,,,,,,,,,,,,,,7,85,101856,22,25,34
2017-05-01T22:00:00,,,,,,,7,88,101756,22,23,32,,,,,,,,,101696,28,31,41,7,88,101744,18,20,26,8,88,101720,16,19,24,7,88,101747,19,21,27,,,101742,18,20,26,7,88,101737,18,21,26,7,88,101685,17,19,25,7,88,,18,20,29,7,88,101854,20,22,28,,,,,,,7,88,,17,18,24,8,88,,19,21,28,7,88,,16,19,24,7,88,,19,21,27,7,88,,22,24,31,8,88,,16,17,23,7,88,,18,20,26,,,,,,,7,88,101847,17,20,26,7,88,101735,21,22,28,7,63,101639,17,20,25,7,88,101877,17,18,24,7,88,,16,17,22,7,88,,20,21,27,6,88,101945,26,27,35,7,88,,18,20,25,8,88,101775,15,17,22,7,88,101868,15,16,22,7,88,101836,19,21,29,7,88,101642,19,21,27,8,88,101767,35,35,48,,,,,,,7,88,101663,17,19,24,7,88,101681,15,16,22,7,88,101907,17,18,24,8,88,101868,13,14,20,8,88,101878,22,24,32,7,88,101893,17,19,25,8,88,101883,24,26,34,7,88,101705,21,23,30,8,88,101759,17,19,25,7,88,101708,23,24,29,7,88,101848,22,25,33,8,88,101757,41,47,62,7,88,101726,22,24,31,,,102026,14,14,19,7,88,101804,17,19,25,7,88,101782,14,15,21,7,88,102010,29,32,50,,,,,,,,,,,,,,,,,,,7,88,101857,21,23,31
2017-05-01T23:00:00,,,,,,,6,90,101770,21,21,30,,,,,,,,,101711,26,27,36,6,90,101758,15,17,22,7,90,101733,15,17,23,7,90,101761,18,20,26,,,101757,17,19,25,7,90,101753,17,19,25,7,90,101703,16,17,23,7,90,,18,20,28,7,90,101870,19,21,27,,,,,,,7,90,,16,17,22,7,90,,17,18,24,7,90,,16,18,23,7,90,,19,21,26,6,90,,23,25,34,7,90,,15,16,22,7,90,,18,19,25,,,,,,,7,90,101866,15,17,22,7,90,101753,20,22,27,7,65,101652,16,18,24,7,90,101894,15,17,23,7,90,,15,16,21,7,90,,19,20,26,6,90,101958,24,25,31,7,90,,17,19,24,7,90,101788,13,15,20,,,,,,,6,90,101856,19,20,27,7,90,101656,18,20,26,8,90,101781,48,45,58,,,,,,,7,90,101679,15,17,23,7,90,101697,14,15,20,6,90,101920,14,15,21,7,90,101886,12,14,19,7,90,101901,20,22,28,6,90,101911,17,19,24,7,90,101893,24,26,33,7,90,101720,18,20,27,7,90,101770,16,18,24,7,90,101725,22,23,27,6,90,101866,21,24,31,8,90,101778,40,45,57,6,90,101746,20,21,28,,,102037,10,10,15,7,90,101822,17,18,24,7,90,101799,13,14,19,7,90,102024,27,30,45,,,,,,,,,,,,,,,,,,,6,90,101876,20,22,30
2017-05-02T00:00:00,,,,,,,6,94,101780,21,21,30,,,,,,,,,101724,25,26,34,3,88,101764,15,17,22,6,94,101747,17,20,25,6,94,101772,18,20,26,,,101772,18,20,26,6,94,101761,17,19,24,6,94,101713,16,17,23,6,94,,20,22,32,6,94,101883,19,21,27,,,,,,,6,94,,16,18,23,7,94,,17,18,24,6,94,,16,17,23,6,94,,22,24,32,6,94,,24,26,35,6,94,,14,15,20,6,94,,20,22,29,,,,,,,6,94,101879,15,16,21,6,94,101766,21,22,28,6,69,101660,16,18,23,6,94,101905,16,18,23,6,94,,14,15,20,6,94,,19,20,25,5,94,101967,25,26,33,6,94,,18,19,25,6,94,101804,13,15,20,,,,,,,6,94,101863,20,21,27,6,94,101667,17,20,26,6,94,101790,18,19,25,,,,,,,6,94,101688,15,17,23,6,94,101709,15,16,21,5,94,101931,13,14,20,6,94,101898,13,13,19,7,94,101916,18,20,26,5,94,101922,17,19,24,6,94,101905,22,23,29,6,94,101732,18,20,26,6,94,101779,16,19,24,6,94,101735,21,22,26,6,94,101877,20,22,29,7,94,101788,33,37,47,6,94,101757,20,22,28,,,102045,10,11,14,6,94,101831,17,18,24,6,94,101811,14,15,20,6,94,102035,25,28,41,,,,,,,,,,,,,,,,,,,6,94,101884,21,23,32
2017-05-02T01:00:00,,,,,,,6,94,101762,22,23,31,,,,,,,,,101706,24,25,32,0,74,101759,16,18,24,6,94,101727,17,19,25,6,94,101754,19,21,27,,,101751,18,20,27,6,94,101740,18,20,26,6,94,101693,16,18,24,6,94,,29,33,52,6,94,101861,21,23,30,,,,,,,6,94,,17,19,24,6,94,,17,19,25,6,94,,16,18,24,6,94,,23,25,33,6,94,,21,23,30,6,94,,15,15,20,6,94,,20,21,28,,,,,,,6,94,101859,16,17,22,6,94,101741,22,23,30,6,69,101646,17,19,25,6,94,101890,16,18,24,6,94,,15,17,22,6,94,,18,20,26,5,94,101950,29,32,41,6,94,,18,20,26,6,94,101787,14,16,22,6,94,101873,15,17,23,6,94,101838,20,22,30,6,94,101644,19,21,27,6,94,101778,19,20,26,,,,,,,6,94,101667,16,18,23,6,94,101689,15,17,22,5,94,101917,14,16,22,6,94,101877,14,16,20,6,94,101903,18,19,25,5,94,101899,16,18,24,6,94,101890,24,26,34,6,94,101715,19,21,28,6,94,101769,19,21,27,6,94,101715,21,22,26,6,94,101860,22,26,34,7,94,101764,31,34,44,6,94,101735,25,27,35,,,102030,12,12,16,6,94,101809,17,19,25,6,94,101795,14,14,19,6,94,102020,23,26,36,,,,,,,,,,,,,,,,,,,5,94,101863,22,24,33
2017-05-02T02:00:00,,,,,,,5,92,101751,24,25,35,,,,,,,,,101695,28,30,40,0,73,101739,17,19,25,6,92,101722,17,20,26,6,92,101744,21,23,30,,,101745,19,21,28,6,92,101736,18,21,27,6,92,101686,17,19,25,6,92,,22,24,35,6,92,101853,21,24,31,,,,,,,6,92,,17,19,25,6,92,,18,19,25,6,92,,17,20,26,6,92,,24,26,34,6,92,,24,26,35,6,92,,16,16,22,6,92,,20,21,28,,,,,,,6,92,101851,17,19,25,6,92,101740,22,23,30,6,67,101631,18,21,27,6,92,101875,18,20,26,6,92,,16,18,23,6,92,,20,22,28,5,92,101946,25,26,32,6,92,,19,21,28,6,92,101777,15,17,22,6,92,101870,16,18,24,5,92,101828,21,24,32,6,92,101637,20,22,30,6,92,101762,20,21,27,,,,,,,6,92,101662,16,19,25,6,92,101683,16,18,24,5,92,101905,16,17,23,6,92,101867,16,17,24,6,92,101890,21,23,30,5,92,101898,17,19,25,6,92,101867,27,30,40,6,92,101705,19,22,29,6,92,101754,19,21,28,6,92,101713,22,23,28,6,92,101855,25,29,39,6,92,101765,29,32,41,6,92,101735,22,23,30,6,92,102023,19,20,26,6,92,101806,19,21,28,6,92,101783,15,16,22,6,92,102011,26,29,43,,,,,,,,,,,,,,,,,,,5,92,101858,22,25,34
2017-05-02T03:00:00,,,,,,,5,94,101770,25,26,37,,,,,,,,,101715,28,30,40,-1,73,101767,18,20,26,6,94,101739,19,22,29,6,94,101765,22,23,31,,,101760,20,22,30,5,94,101755,19,23,29,6,94,101703,18,20,27,6,94,,24,27,39,6,94,101869,23,26,34,,,,,,,5,94,,18,21,27,6,94,,19,20,27,5,94,,18,21,27,5,94,,24,27,35,5,94,,22,24,32,6,94,,18,19,26,6,94,,21,23,30,,,,,,,6,94,101869,17,19,25,6,94,101756,24,26,33,6,69,101656,20,23,30,5,94,101897,20,23,30,6,94,,17,20,26,6,94,,22,23,30,5,94,101959,26,28,35,6,94,,20,23,30,6,94,101796,16,18,24,,,,,,,5,94,101846,22,24,33,6,94,101655,21,24,31,6,94,101784,21,23,30,,,,,,,5,94,101677,17,20,26,6,94,101699,17,19,26,5,94,101927,16,18,24,6,94,101893,15,18,24,6,94,101903,22,24,32,5,94,101914,18,21,27,6,94,101895,26,29,38,6,94,101723,21,24,32,6,94,101778,19,22,29,5,94,101728,23,25,31,5,94,101872,26,30,41,6,94,101776,24,27,34,5,94,101748,22,24,31,6,94,102044,19,21,28,5,94,101818,20,22,29,5,94,101801,16,17,23,6,94,102028,27,30,46,,,,,,,,,,,,,,,,,,,5,94,101873,23,27,37
2017-05-02T04:00:00,,,,,,,6,94,101801,25,26,37,,,,,,,,,101748,30,33,46,3,81,101797,18,20,27,7,94,101773,17,20,26,6,94,101798,20,22,30,,,101795,19,22,29,6,94,101792,19,22,28,7,94,101736,18,20,27,7,94,,22,25,37,6,94,101902,20,23,29,,,,,,,6,94,,17,19,25,7,94,,21,22,29,6,94,,18,21,28,6,94,,25,27,36,6,94,,19,22,29,7,94,,19,20,26,6,94,,20,21,28,,,,,,,6,94,101903,16,18,24,7,94,101789,22,24,31,7,69,101689,17,20,26,6,94,101929,20,23,30,7,94,,16,19,24,7,94,,22,23,31,6,94,101993,27,28,36,7,94,,18,21,27,7,94,101828,15,18,24,,,,,,,6,94,101875,20,22,30,6,94,101690,19,21,27,7,94,101818,20,23,29,,,,,,,6,94,101715,17,19,25,7,94,101730,17,19,24,6,94,101956,16,18,24,7,94,101917,13,15,21,7,94,101932,24,27,36,6,94,101945,18,21,27,7,94,101924,24,26,34,6,94,101756,19,22,29,7,94,101810,18,20,27,6,94,101760,23,25,31,6,94,101905,25,30,41,7,94,101808,28,31,40,6,94,101781,23,25,32,7,94,102085,23,26,36,7,94,101855,23,25,33,6,94,101831,16,18,24,7,94,102061,27,31,47,,,,,,,,,,,,,,,,,,,6,94,101904,21,25,34
2017-05-02T05:00:00,,,,,,,7,92,101801,24,25,36,,,,,,,,,101747,32,36,52,7,92,101793,15,17,22,8,92,101768,15,18,23,8,92,101799,18,20,26,,,101790,18,21,27,8,92,101790,18,21,27,8,92,101730,17,19,26,8,92,,17,20,29,8,92,101903,18,21,27,,,,,,,8,92,,16,18,24,8,92,,19,21,27,8,92,,19,22,28,8,92,,21,23,31,8,92,,20,21,28,8,92,,20,22,31,8,92,,18,19,25,,,,,,,8,92,101899,15,17,23,8,92,101782,20,23,29,9,67,101691,16,18,24,8,92,101921,18,20,27,8,92,,16,19,25,8,92,,23,25,33,7,92,101995,25,26,33,8,92,,16,18,23,8,92,101827,14,16,22,,,,,,,8,92,101878,18,20,27,8,92,101689,17,19,25,9,92,101816,22,25,32,,,,,,,8,92,101714,16,19,25,8,92,101726,15,16,22,7,92,101955,18,19,26,8,92,101919,13,14,19,8,92,101923,25,29,39,7,92,101947,19,21,28,9,92,101923,17,18,23,8,92,101753,20,22,30,8,92,101807,16,18,25,8,92,101755,23,25,32,8,92,101899,23,26,35,9,92,101804,23,25,31,8,92,101784,21,23,29,8,92,102081,16,17,23,8,92,101855,22,24,32,7,92,101829,16,17,23,8,92,102059,27,31,47,,,,,,,,,,,,,,,,,,,7,92,101897,19,21,29
2017-05-02T06:00:00,,,,,,,8,90,101817,26,27,39,,,,,,,,,101764,26,27,35,8,90,101818,15,17,22,9,90,101786,17,20,26,9,90,101816,20,22,29,,,101804,20,22,29,9,90,101803,23,26,35,9,90,101746,21,24,32,9,90,,19,21,31,9,90,101915,20,23,29,,,,,,,9,90,,17,20,25,9,90,,17,19,26,9,90,,20,23,31,9,90,,18,20,26,9,90,,17,19,27,9,90,,18,20,27,9,90,,20,21,28,,,,,,,9,90,101909,19,22,29,9,90,101797,22,24,31,9,65,101712,17,20,26,9,90,101934,22,25,34,9,90,,18,21,27,9,90,,20,22,28,8,90,102005,25,26,33,9,90,,17,20,26,9,90,101848,18,22,29,,,,,,,8,90,101898,20,23,31,9,90,101700,20,22,30,10,90,101837,23,25,34,,,,,,,9,90,101730,20,23,31,9,90,101740,17,19,25,8,90,101964,18,20,27,9,90,101938,14,16,21,9,90,101936,45,58,83,8,90,101965,20,23,31,9,90,101947,19,21,27,9,90,101769,20,23,31,9,90,101826,18,20,26,9,90,101768,23,25,32,9,90,101911,21,25,33,10,90,101818,20,21,24,9,90,101795,21,23,30,,,102095,16,17,23,9,90,101873,19,21,28,9,90,101837,17,18,24,9,90,102072,23,25,36,,,,,,,,,,,,,,,,,,,8,90,101911,21,24,32
2017-05-02T07:00:00,,,,,,,9,88,101817,28,30,44,,,,,,,,,101761,26,29,38,11,88,101803,15,18,23,11,88,101792,19,21,27,10,88,101813,22,24,32,,,101804,22,25,33,10,88,101807,23,26,35,11,88,101747,22,25,34,10,88,,18,21,30,10,88,101905,22,25,33,,,,,,,10,88,,19,22,28,11,88,,17,19,26,10,88,,22,26,34,10,88,,18,21,27,9,88,,21,25,33,10,88,,21,23,32,10,88,,22,24,31,,,,,,,10,88,101908,20,23,30,10,88,101799,23,27,35,10,63,101704,18,21,27,10,88,101916,24,27,36,10,88,,19,22,28,10,88,,25,27,38,9,88,102005,23,24,30,10,88,,18,20,26,10,88,101851,19,22,29,,,,,,,9,88,101885,22,25,35,10,88,101699,23,26,35,10,88,101825,23,25,33,,,,,,,10,88,101733,21,24,31,10,88,101739,18,21,27,9,88,101956,23,25,34,10,88,101932,15,17,23,10,88,101932,24,28,38,9,88,101971,23,26,34,10,88,101935,20,23,30,9,88,101766,23,26,34,10,88,101821,20,22,29,10,88,101763,24,26,34,10,88,101907,21,24,32,10,88,101820,19,21,23,10,88,101796,19,21,28,,,102092,16,17,22,9,88,101872,18,20,27,10,88,101835,15,17,23,10,88,102065,23,26,37,,,,,,,,,,,,,,,,,,,9,88,101913,22,26,36
2017-05-02T08:00:00,,,,,,,10,85,101799,25,26,37,,,,,,,,,101738,27,30,41,10,85,101781,18,20,26,12,85,101770,19,21,27,11,85,101793,22,24,32,,,101782,22,24,31,11,85,101788,22,25,32,11,85,101724,21,23,31,11,85,,19,21,31,11,85,101879,22,25,32,,,,,,,11,85,,19,22,28,12,85,,19,20,27,11,85,,20,23,30,11,85,,19,21,28,10,85,,21,24,33,11,85,,20,22,30,11,85,,22,24,32,,,,,,,11,85,101886,20,22,29,11,85,101777,23,26,33,11,60,101687,18,21,27,11,85,101891,21,24,32,11,85,,18,21,27,11,85,,23,25,34,10,85,101979,24,25,32,11,85,,18,21,27,11,85,101829,17,20,27,11,85,101880,19,22,30,10,85,101868,21,24,35,11,85,101679,23,27,36,11,85,101807,21,22,29,,,,,,,11,85,101713,19,22,29,11,85,101716,18,20,26,10,85,101930,20,22,30,11,85,101906,15,18,25,11,85,101902,22,25,34,10,85,101950,21,24,31,11,85,101919,22,25,33,10,85,101745,22,25,33,11,85,101806,21,23,30,11,85,101740,24,26,34,11,85,101876,21,24,33,11,85,101798,20,21,24,11,85,101770,20,22,28,11,85,102070,17,17,23,11,85,101843,18,21,27,11,85,101806,16,18,24,11,85,102039,25,28,42,,,,,,,,,,,,,,,,,,,10,85,101887,22,25,36
2017-05-02T09:00:00,,,,,,,11,83,101797,24,25,36,,,,,,,,,101734,28,31,43,8,76,101774,17,20,26,12,83,101765,19,20,26,11,83,101790,21,23,30,,,101775,21,23,31,11,83,101784,21,24,31,12,83,101718,20,22,30,11,83,,19,21,31,11,83,101870,22,24,31,,,,,,,11,83,,19,21,28,13,83,,19,20,27,12,83,,20,23,30,11,83,,20,23,31,11,83,,20,23,30,12,83,,21,23,31,12,83,,22,24,31,,,,,,,12,83,101878,19,22,28,11,83,101770,22,25,31,12,58,101685,18,20,26,12,83,101877,20,23,30,12,83,,17,20,26,11,83,,23,26,34,11,83,101981,23,24,31,12,83,,18,20,25,12,83,101827,17,20,26,11,83,101878,18,21,28,11,83,101856,21,24,33,11,83,101674,21,24,31,12,83,101804,21,23,30,,,,,,,11,83,101714,18,21,28,12,83,101711,17,19,25,11,83,101915,20,22,30,12,83,101900,15,17,23,12,83,101894,22,25,33,11,83,101943,20,22,28,12,83,101910,19,21,27,11,83,101740,21,23,31,11,83,101803,19,22,29,11,83,101737,23,25,32,11,83,101870,21,25,33,12,83,101776,21,22,25,12,83,101771,21,22,29,,,102071,17,17,22,11,83,101837,19,21,28,11,83,101804,15,17,24,11,83,102029,24,27,41,,,,,,,,,,,,,,,,,,,11,83,101876,21,25,35
2017-05-02T10:00:00,,,,,,,12,83,101802,25,25,36,,,,,,,,,101741,25,28,36,10,78,101781,17,20,25,13,83,101770,17,19,25,12,83,101793,20,21,28,,,101782,19,22,28,12,83,101788,20,23,29,13,83,101727,20,22,29,13,83,,19,21,31,12,83,101874,20,22,28,,,,,,,12,83,,18,20,26,13,83,,19,20,27,13,83,,20,23,30,12,83,,21,24,32,12,83,,18,20,27,13,83,,20,22,30,13,83,,20,21,28,,,,,,,13,83,101881,18,21,27,12,83,101778,21,22,28,13,58,101687,17,20,26,13,83,101873,20,23,30,13,83,,17,20,25,12,83,,23,26,36,11,83,101991,23,24,31,13,83,,17,19,24,12,83,101832,18,22,29,12,83,101884,16,19,25,12,83,101861,20,22,30,12,83,101684,18,21,27,13,83,101808,23,26,35,,,,,,,12,83,101720,18,20,27,13,83,101719,16,18,24,12,83,101916,20,21,29,13,83,101907,14,16,21,13,83,101903,20,21,28,12,83,101954,19,22,28,13,83,101912,17,19,24,12,83,101744,20,22,30,12,83,101804,18,20,27,13,83,101730,23,25,32,12,83,101878,20,23,31,13,83,101797,18,18,20,12,83,101782,20,22,28,,,102078,16,16,21,12,83,101852,17,20,26,12,83,101809,16,18,24,12,83,102034,22,24,34,,,,,,,,,,,,,,,,,,,12,83,101883,19,22,30
2017-05-02T11:00:00,,,,,,,13,82,101799,23,23,32,,,,,,,,,101736,26,29,39,14,82,101768,18,20,26,14,80,101766,16,18,23,13,82,101787,20,22,29,,,101777,19,21,28,13,82,101786,21,24,31,14,82,101719,19,21,29,14,82,,20,22,31,14,82,101854,20,22,28,,,,,,,13,82,,18,20,26,15,82,,19,20,27,14,82,,20,23,30,13,82,,22,24,32,13,82,,18,21,27,14,82,,20,22,30,14,82,,20,21,28,,,,,,,14,82,101876,17,19,25,13,82,101774,20,22,27,14,57,101681,18,20,26,14,82,101867,18,20,27,14,82,,17,19,24,13,82,,22,25,33,13,82,101984,23,24,30,15,82,,17,19,24,13,82,101829,18,21,27,13,82,101876,16,19,25,13,82,101853,20,22,30,13,82,101676,18,21,27,14,82,101799,21,23,30,,,,,,,13,82,101717,18,20,27,14,82,101712,16,18,23,13,82,101905,18,20,26,15,82,101897,13,16,21,14,82,101888,21,24,32,13,82,101954,19,21,27,14,82,101904,17,18,23,13,82,101739,23,25,33,13,82,101801,19,21,27,14,82,101726,21,23,27,14,82,101868,20,23,31,15,82,101786,19,19,21,13,82,101775,21,22,28,,,102077,15,15,21,13,82,101845,18,20,26,13,82,101804,16,18,24,13,82,102022,23,26,38,,,,,,,,,,,,,,,,,,,13,82,101871,19,22,30
2017-05-02T12:00:00,,,,,,,14,80,101814,23,22,31,,,,,,,,,101747,25,28,36,14,80,101760,18,20,26,15,77,101788,18,20,25,14,80,101796,20,22,29,,,101798,20,22,29,14,80,101807,20,23,29,15,80,101739,20,21,28,14,80,,21,23,34,15,80,101861,21,23,29,,,,,,,14,80,,19,21,27,16,80,,19,21,28,15,80,,20,22,29,14,80,,20,22,28,14,80,,19,22,29,15,80,,18,19,26,15,80,,21,22,30,,,,,,,15,80,101883,17,20,25,14,80,101801,21,22,28,15,55,101683,18,20,26,15,80,101867,25,29,39,15,80,,16,18,23,14,80,,22,25,34,14,80,101999,24,25,32,16,80,,18,19,24,15,80,101846,18,21,28,14,80,101868,15,16,21,14,80,101858,20,23,32,14,80,101689,20,22,29,15,80,101800,21,23,31,,,,,,,14,80,101737,18,20,27,15,80,101731,17,19,25,14,80,101907,18,19,26,15,80,101915,15,17,23,15,80,101905,20,22,29,14,80,101993,18,20,26,15,80,101901,19,20,26,14,80,101751,25,28,39,14,80,101807,19,21,27,15,80,101768,20,22,25,15,80,101882,21,24,33,16,80,101816,19,19,21,14,80,101798,20,22,28,16,80,102090,18,18,24,14,80,101864,19,21,28,14,80,101816,15,17,23,14,80,102026,23,25,37,,,,,,,,,,,,,,,,,,,14,80,101899,20,23,31
2017-05-02T13:00:00,,,,,,,14,82,101850,24,24,34,,,,,,,,,101780,27,30,41,14,82,101778,19,21,28,15,81,101828,19,21,27,14,82,101828,21,23,30,,,101837,21,23,30,14,82,101846,20,22,29,15,82,101779,20,22,29,14,82,,21,24,34,14,82,101896,22,24,31,,,,,,,14,82,,20,22,28,15,82,,20,22,29,15,82,,24,27,36,14,82,,21,23,30,14,82,,20,23,30,15,82,,18,20,27,14,82,,23,25,33,,,,,,,14,82,101925,19,21,27,14,82,101842,22,24,31,14,57,101705,19,21,27,15,82,101889,37,44,60,14,82,,18,19,24,14,82,,23,25,35,14,82,102044,24,26,33,15,82,,19,20,26,14,82,101889,21,25,33,,,,,,,14,82,101882,21,23,33,14,82,101727,22,25,33,15,82,101829,23,26,35,,,,,,,14,82,101778,19,21,28,15,82,101771,19,20,26,14,82,101933,19,21,28,14,82,101948,15,18,25,15,82,101945,21,23,31,14,82,102040,22,24,32,15,82,101926,21,23,31,14,82,101785,23,26,35,14,82,101837,20,22,29,14,82,101780,20,21,25,14,82,101923,21,24,33,15,82,101867,20,21,23,14,82,101844,21,22,29,15,82,102120,18,18,25,14,82,101906,23,26,35,14,82,101858,16,18,25,14,82,102055,24,27,40,,,,,,,,,,,,,,,,,,,14,82,101939,22,25,35
2017-05-02T14:00:00,,,,,,,13,92,101891,27,28,40,,,,,,,,,101823,27,30,41,14,92,101836,21,23,31,14,92,101850,23,26,36,13,92,101877,23,26,36,,,101858,26,30,42,13,92,101870,25,29,40,14,92,101805,23,26,36,14,92,,26,29,45,14,92,101927,25,28,39,14,92,,25,28,38,13,92,,23,27,36,14,92,,22,25,34,13,92,,26,29,41,13,92,,23,26,36,13,92,,26,30,42,14,92,,21,24,33,13,92,,27,30,43,,,,,,,14,92,101958,22,24,32,13,92,101860,28,32,45,14,67,101764,22,26,34,14,92,101944,21,24,31,13,92,,21,24,31,14,92,,25,27,39,13,92,102078,38,41,56,14,92,,21,23,29,14,92,101925,23,27,38,,,,,,,13,92,101924,24,26,38,13,92,101757,28,32,45,14,92,101883,24,27,37,,,,,,,13,92,101800,23,26,36,14,92,101800,22,25,33,13,92,101979,24,27,37,14,92,101991,20,22,29,14,92,101977,24,27,36,13,92,102056,24,27,37,13,92,101990,22,25,33,13,92,101824,25,28,39,14,92,101894,22,25,33,13,92,101819,25,27,36,13,92,101956,24,28,39,14,92,101885,26,29,37,13,92,101871,25,27,37,14,92,102168,23,26,35,13,92,101937,36,45,62,13,92,101893,19,21,28,13,92,102105,26,28,43,,,,,,,,,,,,,,,,,,,13,92,101955,30,35,55
2017-05-02T15:00:00,,,,,,,13,94,101888,29,31,45,,,,,,,,,101821,30,32,46,15,94,101857,25,28,40,14,94,101859,25,29,41,13,94,101871,26,29,41,,,101868,28,32,46,13,94,101878,26,30,42,14,94,101811,25,28,40,13,94,,26,30,46,14,94,101931,27,31,43,,,,25,28,39,13,94,,27,31,43,14,94,,25,28,40,14,94,,25,28,40,13,94,,28,31,44,13,94,,30,35,50,14,94,,25,28,40,14,94,,30,34,48,,,,,,,,,,,,,13,94,101872,31,35,51,13,69,101767,25,29,41,14,94,101940,54,66,93,13,94,,26,30,40,13,94,,26,30,43,13,94,102082,34,37,51,14,94,,26,29,41,14,94,101926,25,29,41,,,,,,,13,94,101923,25,28,41,13,94,101759,30,35,50,14,94,101885,25,28,38,,,,,,,13,94,101808,25,28,39,14,94,101807,23,26,36,13,94,101979,26,29,41,14,94,101977,20,23,31,14,94,101983,26,29,41,13,94,102068,26,30,44,13,94,101990,26,29,41,13,94,101823,28,32,45,13,94,101893,26,30,42,14,94,101825,27,30,41,13,94,101960,27,31,44,14,94,101894,27,29,37,13,94,101878,27,30,41,14,94,102173,23,27,36,13,94,101944,26,29,41,13,94,101897,22,24,32,13,94,102107,27,30,46,,,,,,,,,,,,,,,,,,,13,94,101963,30,35,56
2017-05-02T16:00:00,,,,,,,14,90,101915,31,33,51,,,,,,,,,101848,33,37,53,15,90,101859,29,33,47,15,90,101885,24,27,38,14,90,101895,27,31,44,,,101891,27,31,44,14,90,101904,27,31,43,15,90,101835,26,29,41,14,90,,26,29,47,14,90,101961,27,31,43,,,,,,,14,90,,25,29,39,15,90,,26,29,42,14,90,,26,30,43,14,90,,29,33,47,14,90,,32,37,53,15,90,,26,29,44,14,90,,27,30,43,,,,,,,14,90,101986,26,30,41,14,90,101895,28,32,46,14,65,101782,24,28,39,14,90,101965,54,69,98,15,90,,23,27,36,14,90,,30,34,51,13,90,102109,30,33,45,14,90,,26,30,42,14,90,101954,26,31,44,,,,,,,14,90,101948,26,30,44,14,90,101782,35,40,59,14,90,101903,28,32,46,,,,,,,14,90,101835,25,29,41,14,90,101833,23,27,37,13,90,102006,24,27,37,15,90,102011,23,26,36,14,90,102013,27,30,42,14,90,102096,27,31,44,15,90,101995,27,31,44,14,90,101848,32,37,53,14,90,101911,25,29,41,14,90,101847,28,31,41,14,90,101988,27,31,44,15,90,101936,27,30,38,14,90,101906,26,28,40,15,90,102200,23,26,36,14,90,101974,24,28,39,14,90,101926,23,25,35,14,90,102126,29,33,51,,,,,,,,,,,,,,,,,,,14,90,101990,28,32,50
2017-05-02T17:00:00,,,,,,,13,88,101951,31,33,51,,,,,,,,,101884,34,38,55,14,88,101904,28,32,46,14,88,101916,25,28,40,14,88,101931,29,33,47,,,101926,27,31,45,14,88,101934,27,30,43,14,88,101871,26,29,42,14,88,,28,32,51,14,88,101989,31,35,50,,,,,,,14,88,,27,31,44,15,88,,29,33,48,14,88,,27,31,45,14,88,,28,32,46,14,88,,30,35,50,14,88,,26,30,44,14,88,,30,34,48,,,,,,,14,88,102023,26,30,42,14,88,101926,27,31,43,14,63,101822,28,32,46,14,88,102007,27,31,45,14,88,,26,30,40,14,88,,29,33,48,13,88,102147,33,36,51,14,88,,28,32,46,14,88,101988,27,32,46,,,,,,,14,88,101985,28,32,47,14,88,101825,31,36,52,14,88,101947,28,32,46,,,,,,,14,88,101866,25,28,40,14,88,101867,25,28,39,13,88,102042,27,31,45,14,88,102045,30,34,48,14,88,102046,29,33,48,14,88,102130,31,36,52,14,88,102044,28,33,47,14,88,101887,37,43,62,14,88,101951,28,32,47,14,88,101894,30,33,46,14,88,102025,36,40,57,14,88,101954,26,28,35,14,88,101938,28,31,44,14,88,102235,25,29,41,14,88,102008,29,33,48,14,88,101967,24,28,39,14,88,102167,31,35,55,,,,,,,,,,,,,,,,,,,14,88,102027,29,34,53
2017-05-02T18:00:00,,,,,,,13,90,101988,33,36,57,,,,,,,,,101922,34,38,55,14,90,101943,26,30,42,13,90,101952,29,34,48,13,90,101970,30,34,49,,,101960,31,36,52,13,90,101969,30,35,50,13,90,101903,29,33,47,13,90,,28,32,52,13,90,102019,31,36,51,,,,,,,13,90,,29,34,47,14,90,,29,33,48,13,90,,28,33,47,13,90,,38,43,61,13,90,,46,53,75,14,90,,27,31,46,13,90,,32,36,53,,,,,,,13,90,102039,30,34,48,13,90,101962,31,35,51,13,65,101858,29,34,49,13,90,102042,29,34,49,13,90,,32,37,52,14,90,,30,34,50,12,90,102178,33,38,53,13,90,,28,32,46,14,90,102025,28,33,47,,,,,,,13,90,102020,28,32,47,13,90,101859,31,35,51,13,90,101984,29,33,47,,,,,,,13,90,101899,28,32,46,13,90,101902,27,31,44,12,90,102083,29,33,48,13,90,102093,26,30,44,13,90,102085,29,33,48,13,90,102160,28,32,46,13,90,102079,28,32,46,13,90,101925,36,41,60,13,90,101990,29,33,48,13,90,101934,30,33,45,13,90,102063,30,35,50,13,90,101983,28,30,39,13,90,101971,30,34,49,13,90,102273,30,35,50,13,90,102039,30,34,50,13,90,102005,25,28,40,13,90,102207,30,34,54,,,,,,,,,,,,,,,,,,,13,90,102058,31,36,58
2017-05-02T19:00:00,,,,,,,12,90,102028,32,35,54,,,,,,,,,101966,34,37,54,14,90,101985,29,34,49,13,90,101993,27,31,45,12,90,102008,29,33,47,,,102003,29,32,47,12,90,102016,29,33,48,13,90,101946,28,31,44,12,90,,30,34,54,13,90,102066,30,35,51,13,90,,27,31,44,12,90,,28,32,46,13,90,,31,36,53,13,90,,27,31,45,13,90,,34,39,56,13,90,,38,43,61,13,90,,26,29,44,13,90,,32,37,53,,,,,,,13,90,102111,29,33,47,12,90,102007,29,33,47,13,65,101903,30,35,50,13,90,102087,27,31,44,12,90,,25,29,40,13,90,,29,33,48,12,90,102220,38,42,60,13,90,,29,33,47,13,90,102064,26,31,45,12,90,102100,29,34,49,12,90,102065,27,31,45,13,90,101901,33,38,56,13,90,102026,32,36,52,,,,,,,12,90,101940,27,31,44,13,90,101946,26,29,42,12,90,102126,30,34,50,13,90,102129,23,27,39,13,90,102132,28,32,47,12,90,102208,30,36,52,13,90,102122,25,29,41,12,90,101967,32,36,52,13,90,102031,28,31,46,12,90,101989,28,31,42,12,90,102107,30,35,50,13,90,102038,34,37,47,12,90,102017,32,36,52,13,90,102313,37,43,62,12,90,102083,29,33,49,13,90,102047,25,28,39,13,90,102253,30,34,53,,,,,,,,,,,,,,,,,,,12,90,102101,36,42,68
2017-05-02T20:00:00,,,,,,,11,92,102047,34,37,59,,,,,,,,,101986,36,40,59,13,92,102010,28,32,46,12,92,102016,31,36,52,12,92,102032,31,35,51,,,102025,31,35,52,12,92,102035,30,34,49,12,92,101965,28,32,46,12,92,,32,37,60,12,92,102083,38,43,61,,,,,,,12,92,,30,34,49,13,92,,46,51,73,12,92,,30,34,50,12,92,,34,38,57,12,92,,33,38,55,12,92,,28,32,48,12,92,,38,43,64,,,,,,,12,92,102123,29,33,47,11,92,102025,30,34,50,12,67,101925,31,36,53,12,92,102110,27,31,44,12,92,,30,34,49,12,92,,31,35,53,11,92,102238,41,46,64,12,92,,30,34,49,12,92,102084,27,32,46,12,92,102103,35,41,60,12,92,102087,29,33,49,12,92,101920,35,40,59,12,92,102044,29,34,49,,,,,,,12,92,101961,28,31,45,12,92,101963,28,32,46,11,92,102148,33,38,56,12,92,102146,25,29,41,12,92,102149,30,34,49,11,92,102218,27,32,45,11,92,102151,28,32,46,11,92,101987,33,37,55,12,92,102051,29,33,48,12,92,102002,29,33,45,11,92,102126,31,35,51,12,92,102043,29,32,42,12,92,102035,31,35,50,12,92,102333,32,37,54,12,92,102102,32,37,55,12,92,102063,28,32,46,12,92,102271,30,35,55,,,,,,,,,,,,,,,,,,,11,92,102122,46,54,81
2017-05-02T21:00:00,,,,,,,10,94,102068,37,40,64,,,,,,,,,102008,37,42,61,13,94,102031,28,32,46,11,94,102044,34,39,57,11,94,102056,33,37,54,,,102055,34,39,56,11,94,102061,32,37,54,11,94,101994,31,35,51,11,94,,31,36,58,11,94,102110,46,51,71,11,94,,29,33,47,11,94,,31,36,52,12,94,,40,46,67,11,94,,31,37,53,11,94,,34,39,58,11,94,,31,36,52,11,94,,29,33,50,11,94,,40,45,66,,,,,,,11,94,102148,31,36,52,11,94,102056,32,37,54,11,69,101948,31,37,53,11,94,102136,27,32,45,11,94,,31,36,51,11,94,,31,36,53,10,94,102262,38,43,61,11,94,,34,39,57,12,94,102108,29,34,49,11,94,102132,36,42,61,11,94,102104,32,36,53,11,94,101947,34,40,58,12,94,102067,31,36,52,,,,,,,11,94,101986,30,34,49,11,94,101991,33,38,56,10,94,102177,35,41,60,11,94,102165,28,32,45,11,94,102174,30,35,51,10,94,102251,28,32,46,11,94,102167,32,37,54,10,94,102009,34,39,58,11,94,102071,29,34,49,11,94,102029,28,32,43,10,94,102152,33,38,55,11,94,102079,30,34,45,11,94,102061,33,37,54,11,94,102354,31,36,52,11,94,102132,33,38,56,11,94,102087,31,36,53,11,94,102288,31,36,56,,,,,,,,,,,,,,,,,,,10,94,102150,38,44,71
2017-05-02T22:00:00,,,,,,,10,97,102090,38,42,66,,,,,,,,,102026,38,43,63,12,97,102045,30,35,51,11,97,102065,34,39,56,11,97,102080,36,41,59,,,102079,37,42,63,10,97,102083,33,39,56,11,97,102021,36,40,59,11,97,,30,35,57,11,97,102130,37,42,62,11,97,,36,42,58,10,97,,36,42,61,11,97,,35,39,59,11,97,,33,38,56,11,97,,37,42,62,11,97,,28,32,46,11,97,,34,39,60,10,97,,34,38,56,,,,,,,11,97,102174,34,39,57,10,97,102077,33,39,56,11,72,101968,31,37,53,11,97,102157,28,33,47,11,97,,31,36,52,11,97,,32,37,56,10,97,102281,39,43,63,11,97,,35,40,58,11,97,102137,32,38,56,10,97,102156,31,36,53,10,97,102122,34,38,57,10,97,101967,33,38,56,11,97,102088,31,36,51,,,,,,,10,97,102009,31,35,51,11,97,102015,35,41,61,10,97,102201,37,43,64,11,97,102189,28,33,47,11,97,102194,35,40,59,10,97,102269,30,35,51,11,97,102189,34,40,58,10,97,102030,37,43,63,11,97,102094,29,34,49,10,97,102050,28,32,43,10,97,102173,34,39,57,11,97,102100,30,34,45,10,97,102080,34,39,57,11,97,102375,33,38,55,11,97,102154,34,40,59,11,97,102110,33,37,56,11,97,102314,32,37,60,,,,,,,,,,,,,,,,,,,10,97,102169,35,42,68
2017-05-02T23:00:00,,,,,,,11,94,102087,37,40,64,,,,,,,,,102026,37,42,62,13,94,102051,31,36,52,12,94,102056,27,31,45,11,94,102078,30,34,48,,,102072,34,39,57,11,94,102081,31,36,52,12,94,102016,32,36,53,11,94,,32,36,59,12,94,102128,32,37,52,12,94,,31,36,51,11,94,,31,37,52,12,94,,32,37,55,11,94,,32,37,54,11,94,,34,39,58,11,94,,28,33,46,12,94,,32,37,56,11,94,,31,35,50,,,,,,,12,94,102171,31,36,51,11,94,102074,31,36,52,11,69,101971,30,36,51,11,94,102157,28,33,47,11,94,,29,34,49,12,94,,33,38,57,10,94,102281,40,45,65,12,94,,32,37,53,12,94,102134,30,36,52,11,94,102163,29,33,48,11,94,102134,28,33,48,11,94,101970,30,34,49,12,94,102087,29,33,48,,,,,,,11,94,102004,29,33,48,12,94,102009,30,34,50,11,94,102201,34,39,58,11,94,102186,27,30,45,12,94,102189,34,38,56,11,94,102260,26,31,44,11,94,102191,34,40,58,11,94,102029,32,37,54,11,94,102094,28,32,47,11,94,102040,28,32,44,11,94,102172,34,39,58,11,94,102090,31,35,47,11,94,102076,33,38,55,12,94,102377,32,37,54,11,94,102154,32,37,54,12,94,102114,31,35,53,12,94,102307,32,37,59,,,,,,,,,,,,,,,,,,,11,94,102166,30,37,58
2017-05-03T00:00:00,,,,,,,11,94,102087,32,34,53,,,,,,,,,102024,33,37,54,13,94,102058,29,33,48,11,94,102054,26,31,43,11,94,102072,29,33,47,,,102070,28,33,47,11,94,102079,29,33,48,11,94,102013,27,31,45,11,94,,29,33,52,12,94,102141,29,33,46,,,,,,,11,94,,27,31,44,12,94,,30,34,50,11,94,,28,32,45,11,94,,31,35,51,11,94,,28,32,45,12,94,,27,31,46,11,94,,30,34,49,,,,,,,11,94,102174,27,32,44,11,94,102074,30,34,50,11,69,101966,29,34,48,11,94,102158,27,31,44,11,94,,25,30,41,12,94,,29,32,47,10,94,102282,36,40,57,12,94,,29,33,48,12,94,102128,26,31,44,11,94,102163,28,32,46,11,94,102132,27,31,45,11,94,101969,28,32,46,12,94,102086,29,33,47,,,,,,,11,94,102001,27,31,45,11,94,102007,27,30,44,11,94,102201,28,33,48,11,94,102186,24,28,37,12,94,102197,28,32,47,11,94,102258,25,29,41,12,94,102191,31,36,51,11,94,102029,28,32,46,11,94,102093,28,32,47,11,94,102046,28,32,43,11,94,102172,29,34,49,11,94,102095,28,32,41,11,94,102077,32,36,53,11,94,102372,26,30,43,11,94,102154,30,35,52,11,94,102113,28,32,47,11,94,102313,28,32,50,,,,,,,,,,,,,,,,,,,11,94,102169,28,33,52
2017-05-03T01:00:00,,,,,,,11,94,102098,31,33,52,,,,,,,,,102034,33,37,53,13,94,102069,26,30,43,12,94,102063,25,29,41,11,94,102082,29,32,46,,,102076,27,32,45,11,94,102083,27,32,45,11,94,102019,26,29,42,11,94,,29,33,52,11,94,102156,27,31,43,,,,,,,11,94,,26,30,42,12,94,,29,33,48,11,94,,26,31,44,11,94,,31,35,51,11,94,,25,29,39,12,94,,26,29,43,11,94,,29,31,45,,,,,,,11,94,102184,27,31,42,11,94,102078,30,34,48,11,69,101975,28,32,46,11,94,102168,26,30,44,11,94,,25,29,40,11,94,,28,32,46,10,94,102289,33,36,51,11,94,,28,31,45,12,94,102137,24,29,41,11,94,102174,25,29,42,11,94,102140,27,31,45,11,94,101978,27,31,44,12,94,102096,29,33,47,,,,,,,11,94,102008,26,29,42,11,94,102016,26,29,42,11,94,102212,29,33,46,11,94,102193,23,27,39,12,94,102208,28,31,44,11,94,102266,25,29,41,11,94,102201,28,32,46,11,94,102039,28,32,46,11,94,102101,27,31,45,11,94,102051,27,31,42,11,94,102182,27,32,46,11,94,102099,27,31,40,11,94,102082,28,32,45,11,94,102379,26,30,42,11,94,102162,27,31,44,11,94,102118,26,30,42,11,94,102324,28,32,50,,,,,,,,,,,,,,,,,,,11,94,102175,27,32,49
2017-05-03T02:00:00,,,,,,,11,94,102086,32,34,52,,,,,,,,,102027,33,37,53,12,94,102067,25,29,41,12,94,102054,25,29,41,11,94,102072,28,31,45,,,102068,27,31,45,11,94,102074,27,32,45,11,94,102010,26,29,42,11,94,,28,32,52,11,94,102146,28,32,45,,,,,,,11,94,,26,31,42,12,94,,28,31,45,11,94,,25,29,41,11,94,,28,32,45,11,94,,26,30,40,11,94,,25,29,41,11,94,,29,33,47,,,,,,,11,94,102175,26,30,41,11,94,102069,29,33,47,11,69,101969,25,30,41,11,94,102167,26,31,44,11,94,,25,29,39,11,94,,28,32,47,10,94,102285,34,38,53,11,94,,26,30,41,12,94,102126,24,28,39,11,94,102168,26,30,43,11,94,102134,27,31,46,11,94,101969,27,32,45,12,94,102089,27,30,43,,,,,,,11,94,102004,26,29,41,11,94,102007,25,28,40,10,94,102203,26,30,43,11,94,102191,24,28,38,11,94,102200,27,30,43,11,94,102264,25,29,41,11,94,102196,27,31,44,11,94,102029,28,32,46,11,94,102094,27,31,45,11,94,102045,27,30,40,11,94,102177,29,33,48,11,94,102096,26,29,38,11,94,102077,29,33,47,11,94,102372,25,29,41,11,94,102153,28,31,45,11,94,102113,26,30,42,11,94,102319,28,32,50,,,,,,,,,,,,,,,,,,,11,94,102167,27,32,50
2017-05-03T03:00:00,,,,,,,10,94,102100,32,35,53,,,,,,,,,102040,32,36,52,13,94,102082,23,26,36,12,94,102071,26,30,42,11,94,102088,28,32,46,,,102085,28,32,46,11,94,102090,28,32,45,11,94,102027,26,29,43,11,94,,27,31,49,11,94,102162,28,33,46,,,,26,30,44,11,94,,27,31,43,12,94,,26,30,43,11,94,,26,29,41,11,94,,27,31,44,11,94,,26,31,42,11,94,,25,28,42,11,94,,30,34,48,,,,,,,11,94,102191,27,31,43,11,94,102085,30,34,49,11,69,101982,25,28,39,11,94,102186,26,30,42,11,94,,25,29,40,11,94,,28,32,47,10,94,102298,34,37,53,11,94,,25,28,37,12,94,102138,24,29,40,11,94,102184,26,31,44,11,94,102154,28,32,46,11,94,101987,28,32,46,11,94,102104,26,29,40,,,,,,,11,94,102018,26,30,42,11,94,102023,25,29,41,10,94,102223,26,30,42,11,94,102200,23,26,37,11,94,102217,26,30,42,11,94,102275,26,30,42,11,94,102207,28,31,44,11,94,102044,28,32,47,11,94,102105,27,31,45,11,94,102051,26,29,40,11,94,102193,28,32,46,11,94,102106,26,28,36,11,94,102089,28,32,45,11,94,102386,25,29,40,11,94,102164,27,31,44,11,94,102127,24,27,38,11,94,102337,28,32,50,,,,,,,,,,,,,,,,,,,11,94,102183,28,33,52
2017-05-03T04:00:00,,,,,,,10,94,102118,31,34,52,,,,,,,,,102060,35,39,57,13,94,102115,17,19,25,11,94,102085,24,27,38,11,94,102110,25,28,39,,,102099,26,31,43,11,94,102106,28,33,48,11,94,102044,26,30,43,11,94,,23,26,38,11,94,102192,25,29,39,,,,,,,11,94,,25,29,39,11,94,,22,25,34,11,94,,25,29,41,11,94,,22,24,32,11,94,,22,25,34,11,94,,28,32,47,11,94,,26,30,42,,,,,,,11,94,102208,26,31,42,11,94,102098,30,34,49,11,69,102004,22,25,32,11,94,102209,24,28,37,11,94,,23,27,36,11,94,,28,32,46,10,94,102311,32,36,50,11,94,,20,22,28,12,94,102157,24,29,40,11,94,102206,23,26,36,10,94,102181,23,26,38,11,94,102001,24,27,36,11,94,102126,24,28,38,,,,,,,11,94,102031,26,31,44,11,94,102037,25,29,40,10,94,102249,21,24,33,11,94,102230,17,19,27,11,94,102235,28,32,46,11,94,102285,28,33,47,11,94,102238,25,27,36,11,94,102063,26,30,42,11,94,102126,22,25,33,11,94,102066,29,32,45,11,94,102213,26,31,44,11,94,102117,28,31,40,11,94,102101,29,33,46,11,94,102404,19,20,28,11,94,102171,29,33,49,11,94,102143,21,24,33,11,94,102359,28,31,49,,,,,,,,,,,,,,,,,,,10,94,102205,25,30,45
2017-05-03T05:00:00,,,,,,,10,90,102117,27,28,41,,,,,,,,,102061,35,40,58,13,90,102115,15,18,23,12,90,102087,22,25,34,10,90,102110,23,26,35,,,102102,24,28,38,11,90,102105,26,31,43,11,90,102044,24,28,40,11,90,,23,26,38,11,90,102198,24,27,35,,,,,,,11,90,,22,25,33,11,90,,20,22,30,11,90,,23,26,35,11,90,,21,23,30,10,90,,20,23,31,11,90,,26,30,44,11,90,,24,27,37,,,,,,,11,90,102208,23,26,34,11,90,102098,28,32,46,11,65,102004,18,20,26,11,90,102215,20,23,29,11,90,,20,24,31,11,90,,26,29,41,10,90,102309,27,30,40,11,90,,17,19,24,11,90,102153,21,25,34,11,90,102212,23,26,36,10,90,102184,22,26,37,10,90,102006,24,27,36,11,90,102125,25,28,38,,,,,,,11,90,102030,24,28,39,11,90,102038,21,24,32,10,90,102253,17,19,25,11,90,102233,15,16,22,11,90,102230,30,35,50,10,90,102285,27,32,46,11,90,102244,19,20,26,10,90,102061,23,26,36,11,90,102124,18,21,27,11,90,102072,29,32,45,10,90,102213,24,29,41,11,90,102117,25,28,37,11,90,102097,24,27,36,11,90,102397,19,20,27,,,,,,,11,90,102145,17,19,26,11,90,102358,29,33,52,,,,,,,,,,,,,,,,,,,10,90,102207,25,30,45
2017-05-03T06:00:00,,,,,,,9,94,102127,25,26,37,,,,,,,,,102072,30,33,48,12,94,102120,17,19,25,11,94,102097,20,23,30,10,94,102119,22,25,33,,,102110,23,26,34,10,94,102115,23,26,35,11,94,102055,22,24,33,10,94,,21,23,34,10,94,102206,23,27,35,10,94,,28,32,44,10,94,,20,23,30,11,94,,21,23,32,10,94,,19,22,29,10,94,,20,22,29,10,94,,21,25,33,11,94,,21,23,32,10,94,,23,25,34,,,,,,,10,94,102228,19,21,28,10,94,102105,24,27,36,10,69,102012,18,20,27,10,94,102229,19,22,29,10,94,,18,21,28,10,94,,22,24,33,9,94,102317,27,30,40,10,94,,18,20,27,10,94,102162,18,22,29,,,,,,,10,94,102191,21,25,35,10,94,102009,24,28,38,10,94,102134,22,24,33,,,,,,,10,94,102039,21,23,31,10,94,102049,20,22,30,9,94,102265,18,20,27,10,94,102234,16,19,25,11,94,102247,25,28,39,10,94,102291,23,26,36,10,94,102246,21,23,30,10,94,102072,22,24,33,10,94,102133,20,22,30,10,94,102077,25,29,39,10,94,102222,24,28,39,11,94,102127,28,32,42,10,94,102110,24,27,36,10,94,102402,17,17,23,,,,,,,10,94,102150,18,20,27,10,94,102372,27,31,49,,,,,,,,,,,,,,,,,,,9,94,102214,23,27,40
2017-05-03T07:00:00,,,,,,,10,92,102135,29,32,47,,,,,,,,,102080,33,37,54,12,92,102122,19,22,29,11,92,102108,21,24,32,10,92,102126,24,27,36,,,102122,23,26,35,10,92,102124,26,30,42,11,92,102065,24,28,39,10,92,,23,26,39,10,92,102206,24,28,37,,,,,,,10,92,,21,25,32,11,92,,22,25,34,10,92,,25,29,40,10,92,,21,24,32,10,92,,21,25,33,11,92,,25,29,42,10,92,,24,27,36,,,,,,,10,92,102228,24,28,38,10,92,102116,25,29,39,10,67,102016,21,24,32,10,92,102225,23,27,37,11,92,,21,24,31,10,92,,25,29,41,9,92,102324,27,30,39,10,92,,20,22,28,10,92,102170,22,27,37,,,,,,,10,92,102187,23,26,39,10,92,102013,23,27,36,11,92,102141,24,28,38,,,,,,,10,92,102048,23,27,38,10,92,102057,21,24,32,9,92,102265,18,20,27,10,92,102230,17,20,27,11,92,102251,27,31,44,10,92,102303,24,29,40,10,92,102247,20,23,30,10,92,102077,23,26,36,10,92,102141,21,24,32,10,92,102085,26,29,39,10,92,102225,24,28,40,11,92,102143,26,29,38,10,92,102119,24,26,35,10,92,102415,20,23,31,,,,,,,10,92,102155,18,20,28,10,92,102374,29,34,53,,,,,,,,,,,,,,,,,,,10,92,102224,23,27,40
2017-05-03T08:00:00,,,,,,,11,90,102147,33,37,58,,,,,,,,,102091,37,42,63,13,90,102133,20,22,29,12,90,102124,22,25,35,11,90,102141,25,28,40,,,102131,25,29,41,11,90,102138,28,32,46,12,90,102077,26,30,43,11,90,,24,28,42,11,90,102211,24,28,39,,,,,,,11,90,,24,29,39,12,90,,22,25,36,12,90,,27,32,46,11,90,,21,24,32,11,90,,25,30,40,12,90,,30,34,53,12,90,,25,28,40,,,,,,,11,90,102237,26,30,42,11,90,102126,28,32,46,12,65,102033,23,27,37,11,90,102228,27,32,45,12,90,,23,27,37,11,90,,31,36,54,10,90,102335,27,30,41,12,90,,22,25,33,12,90,102187,25,30,42,,,,,,,11,90,102202,24,28,42,11,90,102026,25,30,41,12,90,102156,29,33,48,,,,,,,11,90,102061,26,30,43,12,90,102070,25,29,42,10,90,102271,22,25,34,12,90,102252,17,20,26,12,90,102252,31,36,52,11,90,102314,25,30,42,12,90,102259,23,26,34,11,90,102090,25,29,41,11,90,102156,23,27,37,11,90,102092,28,32,44,11,90,102234,24,28,40,12,90,102148,26,29,39,11,90,102132,23,27,36,12,90,102434,20,23,31,11,90,102203,28,33,47,11,90,102168,19,21,29,11,90,102379,30,35,57,,,,,,,,,,,,,,,,,,,11,90,102232,24,28,43
2017-05-03T09:00:00,,,,,,,12,85,102129,31,34,52,,,,,,,,,102070,35,40,60,15,85,102101,22,25,34,13,85,102107,23,27,37,12,85,102119,26,30,44,,,102111,26,30,43,12,85,102121,28,33,48,13,85,102057,27,31,45,13,85,,26,30,48,12,85,102186,26,30,42,13,85,,28,34,50,12,85,,25,30,41,14,85,,23,27,39,13,85,,26,31,44,12,85,,22,25,34,12,85,,25,30,42,13,85,,28,34,52,13,85,,27,30,44,,,,,,,12,85,102212,26,31,43,12,85,102109,28,33,47,13,60,102012,24,28,40,12,85,102199,28,33,47,13,85,,24,28,39,12,85,,29,34,50,11,85,102314,30,33,46,13,85,,23,27,37,13,85,102167,26,31,44,,,,,,,12,85,102177,26,30,44,12,85,102004,26,30,43,13,85,102133,29,33,48,,,,,,,12,85,102045,26,31,45,13,85,102051,26,30,43,11,85,102242,24,28,39,13,85,102237,20,23,32,13,85,102229,29,34,49,12,85,102295,26,30,44,13,85,102233,24,28,39,12,85,102068,26,31,44,12,85,102134,25,29,42,13,85,102071,28,32,44,12,85,102207,25,29,42,13,85,102130,27,31,40,12,85,102110,24,27,38,13,85,102413,21,24,34,12,85,102182,27,31,45,12,85,102141,20,23,31,12,85,102351,29,34,54,,,,,,,,,,,,,,,,,,,12,85,102210,25,30,46
2017-05-03T10:00:00,,,,,,,13,85,102120,31,34,54,,,,,,,,,102059,34,38,57,14,85,102082,22,26,37,14,85,102091,23,27,38,13,85,102106,27,31,45,,,102095,26,31,44,13,85,102109,28,33,48,14,85,102045,27,30,44,14,85,,27,31,50,13,85,102164,26,31,44,,,,,,,13,85,,25,30,42,14,85,,24,28,41,14,85,,27,31,45,13,85,,23,27,37,13,85,,26,30,42,14,85,,28,32,50,14,85,,27,30,44,,,,,,,14,85,102197,27,31,44,13,85,102093,28,33,47,14,60,102003,25,29,42,13,85,102183,27,32,47,14,85,,25,29,42,13,85,,29,34,51,12,85,102305,30,34,48,14,85,,23,27,38,14,85,102156,26,32,46,,,,,,,13,85,102159,26,31,46,13,85,101985,26,31,44,14,85,102121,28,32,47,,,,,,,13,85,102033,26,30,44,14,85,102036,25,29,42,12,85,102223,23,27,38,14,85,102215,22,26,37,14,85,102219,28,33,48,13,85,102284,25,29,43,14,85,102219,23,26,37,13,85,102055,26,30,44,13,85,102124,25,30,44,14,85,102054,27,31,42,13,85,102193,26,30,44,14,85,102118,27,30,40,13,85,102101,25,28,40,14,85,102405,22,25,36,13,85,102170,30,35,51,13,85,102132,22,25,35,13,85,102337,28,32,52,,,,,,,,,,,,,,,,,,,13,85,102192,24,29,46
2017-05-03T11:00:00,,,,,,,13,85,102085,31,35,54,,,,,,,,,102022,33,38,56,14,85,102043,23,27,39,14,85,102060,24,28,40,13,85,102070,27,31,45,,,102062,27,32,47,13,85,102076,30,35,51,14,85,102006,27,32,47,13,85,,25,29,46,13,85,102145,27,31,45,,,,,,,13,85,,26,31,44,14,85,,25,28,42,14,85,,27,32,46,13,85,,24,27,38,13,85,,27,32,45,14,85,,28,33,51,14,85,,27,31,45,,,,,,,14,85,102162,28,33,48,13,85,102062,29,34,50,13,60,101963,25,30,43,13,85,102142,28,33,48,14,85,,25,29,42,13,85,,29,34,51,12,85,102264,31,34,49,14,85,,24,28,39,14,85,102120,28,34,49,,,,,,,13,85,102129,27,31,47,13,85,101957,27,32,46,14,85,102082,29,34,49,,,,,,,13,85,102000,27,32,46,14,85,102001,27,31,46,12,85,102187,25,29,43,14,85,102193,21,24,34,14,85,102183,28,32,47,13,85,102254,26,31,44,13,85,102185,25,29,41,13,85,102022,27,32,47,13,85,102087,25,30,43,13,85,102022,27,31,43,13,85,102152,24,28,41,14,85,102084,25,28,36,13,85,102061,25,28,39,14,85,102365,20,24,34,13,85,102132,25,29,42,13,85,102090,24,27,38,13,85,102302,28,33,52,,,,,,,,,,,,,,,,,,,13,85,102161,25,30,48
2017-05-03T12:00:00,,,,,,,13,88,102090,31,34,53,,,,,,,,,102027,32,37,54,13,88,102046,24,28,40,14,88,102058,24,28,40,13,88,102070,28,32,46,,,102063,27,31,46,13,88,102074,29,34,49,14,88,102008,26,31,44,13,88,,26,31,50,13,88,102144,28,32,47,14,88,,27,31,45,13,88,,26,30,43,14,88,,26,30,44,14,88,,27,32,47,13,88,,25,29,42,13,88,,26,31,44,14,88,,28,33,50,14,88,,28,32,47,,,,,,,13,88,102164,26,31,44,13,88,102061,29,34,50,13,63,101966,26,31,44,13,88,102147,27,31,45,13,88,,24,28,40,13,88,,29,33,49,12,88,102270,30,33,47,14,88,,25,29,41,14,88,102124,27,33,47,,,,,,,13,88,102126,27,31,47,13,88,101957,28,33,48,14,88,102086,27,31,45,,,,,,,13,88,102002,26,30,44,14,88,102002,26,30,44,12,88,102185,27,31,46,14,88,102185,22,26,38,14,88,102183,27,32,46,13,88,102255,25,30,43,14,88,102182,26,30,42,13,88,102025,27,31,46,13,88,102090,26,31,45,13,88,102022,27,31,43,13,88,102158,26,30,44,14,88,102083,26,30,39,13,88,102064,26,29,42,14,88,102371,24,27,39,13,88,102135,29,34,49,13,88,102100,23,26,37,13,88,102305,28,33,52,,,,,,,,,,,,,,,,,,,13,88,102162,27,33,51
2017-05-03T13:00:00,,,,,,,13,88,102030,32,35,55,,,,,,,,,101965,33,38,56,14,88,102000,25,28,41,14,88,101998,25,29,42,13,88,102016,29,33,48,,,101999,28,32,47,13,88,102015,29,34,49,14,88,101944,27,31,46,14,88,,32,36,57,13,88,102085,29,34,49,14,88,,28,32,45,13,88,,27,32,46,15,88,,27,30,45,14,88,,26,30,43,13,88,,26,29,42,13,88,,30,36,52,14,88,,28,32,50,14,88,,29,33,49,,,,,,,14,88,102103,27,32,46,13,88,101997,30,34,50,14,63,101914,26,31,45,14,88,102090,28,33,49,14,88,,25,29,42,14,88,,32,37,54,13,88,102210,31,35,49,14,88,,25,29,41,14,88,102064,28,33,49,13,88,102084,28,33,47,13,88,102075,28,33,50,13,88,101899,30,36,52,14,88,102030,28,32,47,,,,,,,13,88,101941,27,31,45,14,88,101940,27,31,46,13,88,102127,27,31,45,14,88,102146,22,25,35,14,88,102118,28,32,46,13,88,102187,25,30,43,14,88,102134,25,29,42,13,88,101966,28,33,48,13,88,102036,27,32,47,14,88,101962,28,32,45,14,88,102093,26,31,44,14,88,102017,26,29,38,14,88,102003,27,31,45,14,88,102314,23,26,38,13,88,102074,28,33,49,14,88,102037,24,27,39,14,88,102240,29,34,54,,,,,,,,,,,,,,,,,,,13,88,102096,27,34,53
2017-05-03T14:00:00,,,,,,,14,86,101988,30,33,52,,,,,,,,,101922,33,38,56,15,86,101952,25,29,41,15,86,101959,24,28,40,14,86,101972,28,32,48,,,101960,27,32,46,14,86,101973,28,33,48,14,86,101906,27,31,45,14,86,,27,31,51,14,86,102046,29,33,48,,,,27,31,44,14,86,,27,32,46,15,86,,27,30,45,14,86,,26,30,44,14,86,,27,32,45,14,86,,27,32,46,15,86,,27,32,49,14,86,,28,32,47,,,,,,,14,86,102063,26,31,44,14,86,101959,29,34,49,14,61,101866,26,31,44,14,86,102046,28,33,48,14,86,,24,29,41,14,86,,28,33,49,13,86,102171,31,34,48,14,86,,26,30,43,14,86,102023,28,33,48,14,86,102057,27,32,47,13,86,102026,28,32,49,14,86,101862,29,34,50,15,86,101985,27,31,45,,,,,,,14,86,101901,26,30,44,14,86,101901,26,31,45,13,86,102086,24,28,40,15,86,102088,22,26,38,15,86,102078,28,32,46,14,86,102155,28,33,48,15,86,102087,26,30,42,14,86,101923,28,33,48,14,86,101990,27,32,46,14,86,101921,28,32,44,14,86,102049,26,31,45,15,86,101980,26,29,38,14,86,101963,27,30,43,15,86,102269,23,26,38,14,86,102035,29,33,49,14,86,101997,29,33,48,14,86,102199,29,34,54,,,,,,,,,,,,,,,,,,,14,86,102060,26,31,49
2017-05-03T15:00:00,,,,,,,13,88,101981,30,33,50,,,,,,,,,101915,33,37,55,15,88,101952,28,32,47,14,88,101949,23,27,39,13,88,101966,26,31,45,,,101953,25,30,43,13,88,101964,27,32,46,14,88,101897,27,31,45,13,88,,29,33,53,13,88,102043,27,32,46,,,,,,,13,88,,25,29,41,14,88,,28,32,48,13,88,,26,30,43,13,88,,26,30,43,13,88,,28,33,48,14,88,,27,32,48,14,88,,28,32,47,,,,,,,14,88,102056,25,30,41,13,88,101950,28,32,46,13,63,101861,24,29,41,13,88,102044,26,31,45,14,88,,25,29,41,13,88,,28,32,47,12,88,102164,32,36,52,14,88,,24,28,40,14,88,102016,27,32,47,13,88,102049,26,30,44,13,88,102027,27,31,47,13,88,101851,29,34,50,14,88,101980,26,30,43,,,,,,,13,88,101889,24,29,41,14,88,101893,25,29,42,13,88,102085,23,27,38,14,88,102072,25,30,42,14,88,102075,28,32,46,13,88,102145,25,29,42,14,88,102084,29,33,47,13,88,101917,26,31,45,13,88,101987,25,30,43,13,88,101916,27,31,43,13,88,102047,27,33,48,14,88,101969,26,29,37,13,88,101951,28,32,46,14,88,102264,23,27,39,13,88,102026,28,33,49,13,88,101994,32,37,53,13,88,102199,28,33,53,,,,,,,,,,,,,,,,,,,13,88,102053,25,31,48
2017-05-03T16:00:00,,,,,,,12,90,101936,30,33,52,,,,,,,,,101874,33,37,55,16,90,101921,25,29,41,13,90,101908,23,27,39,13,90,101926,27,32,46,,,101915,25,30,43,12,90,101923,27,32,46,13,90,101857,26,30,43,13,90,,32,35,57,12,90,102008,27,32,47,,,,,,,13,90,,25,30,41,14,90,,28,32,47,13,90,,25,29,42,13,90,,26,30,44,12,90,,28,34,48,13,90,,27,31,47,13,90,,28,32,46,,,,,,,13,90,102015,25,30,41,13,90,101909,28,33,47,13,65,101822,25,30,43,13,90,102012,26,31,45,13,90,,23,28,38,13,90,,28,32,47,12,90,102124,33,38,54,13,90,,25,29,42,13,90,101972,26,32,46,12,90,102016,25,30,43,12,90,101992,26,31,46,12,90,101819,28,33,48,13,90,101941,26,30,44,,,,,,,13,90,101847,24,28,40,13,90,101856,25,29,41,12,90,102055,25,28,40,13,90,102045,23,27,38,13,90,102038,27,30,44,12,90,102102,23,28,39,13,90,102047,29,33,48,12,90,101875,27,31,46,13,90,101943,26,30,44,13,90,101881,26,30,42,13,90,102011,27,32,47,14,90,101928,29,32,41,13,90,101911,29,33,47,13,90,102221,28,33,47,13,90,101988,28,33,48,13,90,101954,26,30,43,13,90,102159,28,33,53,,,,,,,,,,,,,,,,,,,12,90,102016,26,31,49
2017-05-03T17:00:00,,,,,,,12,88,101937,31,34,53,,,,,,,,,101873,33,37,54,15,88,101915,26,30,43,13,88,101908,25,29,40,12,88,101924,28,32,47,,,101917,27,32,47,12,88,101924,29,35,50,13,88,101859,26,30,44,12,88,,26,31,49,12,88,102003,29,33,48,,,,27,32,44,12,88,,26,31,44,13,88,,28,32,47,12,88,,25,30,42,12,88,,26,30,44,12,88,,30,36,51,13,88,,28,32,49,12,88,,29,33,48,,,,,,,13,88,102019,27,31,43,12,88,101912,29,34,49,12,63,101818,26,31,44,12,88,102012,27,31,45,12,88,,25,30,41,12,88,,29,33,48,11,88,102132,33,37,53,12,88,,26,30,43,13,88,101973,26,32,46,12,88,102018,26,31,45,12,88,101989,28,32,48,12,88,101818,29,34,49,13,88,101938,28,32,45,,,,,,,12,88,101851,25,30,42,12,88,101858,26,30,43,11,88,102057,24,28,39,13,88,102030,22,26,35,13,88,102045,28,31,45,12,88,102109,24,29,42,13,88,102041,31,34,49,12,88,101876,28,32,47,12,88,101940,26,31,45,12,88,101888,27,31,43,12,88,102017,28,33,49,13,88,101939,38,43,57,12,88,101921,29,33,48,12,88,102218,26,30,45,12,88,101994,29,34,50,12,88,101959,24,28,39,12,88,102163,28,33,53,,,,,,,,,,,,,,,,,,,12,88,102019,28,33,52
2017-05-03T18:00:00,,,,,,,11,90,101979,34,37,58,,,,,,,,,101913,35,40,59,14,90,101949,27,31,45,12,90,101948,26,30,43,12,90,101968,30,34,50,,,101960,28,33,48,12,90,101969,30,35,50,12,90,101900,28,32,47,12,90,,31,36,58,12,90,102032,30,35,51,12,90,,28,33,47,12,90,,28,33,46,12,90,,29,34,50,12,90,,27,32,46,11,90,,30,34,50,12,90,,29,34,49,12,90,,29,34,51,12,90,,30,34,49,,,,,,,12,90,102060,28,33,48,12,90,101956,30,35,51,12,65,101855,28,34,49,12,90,102050,29,34,49,12,90,,26,31,44,12,90,,30,34,51,11,90,102168,35,40,58,12,90,,29,34,49,12,90,102017,29,35,50,12,90,102055,27,32,46,11,90,102024,29,34,50,12,90,101854,30,35,51,12,90,101979,30,34,49,,,,,,,12,90,101890,27,32,46,12,90,101896,27,31,45,11,90,102099,28,33,48,12,90,102074,24,28,40,12,90,102087,30,33,49,11,90,102138,26,31,44,12,90,102079,30,34,49,11,90,101919,29,34,49,12,90,101983,29,33,48,12,90,101928,29,32,45,12,90,102057,31,36,53,13,90,101973,39,43,54,12,90,101953,30,34,50,12,90,102262,30,35,52,12,90,102028,31,36,54,12,90,102000,26,30,43,12,90,102207,30,35,55,,,,,,,,,,,,,,,,,,,11,90,102059,29,35,55
2017-05-03T19:00:00,,,,,,,10,94,101912,36,41,65,,,,,,,,,101847,38,44,66,13,94,101905,31,37,54,11,94,101873,27,32,46,11,94,101903,32,37,55,,,101886,29,34,50,11,94,101901,31,37,53,11,94,101831,29,33,49,11,94,,31,36,60,11,94,101955,34,39,56,,,,,,,11,94,,30,35,51,12,94,,31,36,53,11,94,,29,34,49,10,94,,31,36,53,11,94,,31,36,53,12,94,,34,39,60,11,94,,32,37,55,,,,,,,11,94,101992,30,36,52,11,94,101884,31,37,54,11,69,101803,31,37,53,11,94,101985,32,38,56,11,94,,27,33,47,11,94,,31,36,53,10,94,102105,40,45,66,11,94,,31,36,53,12,94,101950,30,35,52,11,94,101983,30,35,52,11,94,101951,31,36,53,11,94,101779,32,38,55,12,94,101925,32,37,53,,,,,,,11,94,101820,28,33,48,11,94,101827,29,34,49,10,94,102048,33,39,59,11,94,102030,27,31,45,11,94,102015,31,35,51,10,94,102071,26,32,45,11,94,102027,33,38,54,11,94,101848,32,37,55,11,94,101922,30,35,52,11,94,101858,30,34,48,11,94,101993,32,38,56,12,94,101913,44,52,69,11,94,101895,33,38,56,11,94,102201,29,34,50,11,94,101969,32,38,57,11,94,101934,28,32,47,11,94,102142,32,38,62,,,,,,,,,,,,,,,,,,,11,94,101981,30,37,59
2017-05-03T20:00:00,,,,,,,10,94,101906,40,45,73,,,,,,,,,101844,41,47,71,13,94,101903,29,33,48,11,94,101878,27,32,46,10,94,101901,34,40,60,,,101889,30,35,52,11,94,101899,32,38,56,11,94,101834,30,35,51,11,94,,31,37,61,11,94,101963,31,37,54,,,,,,,11,94,,30,36,52,12,94,,32,36,53,11,94,,32,38,56,10,94,,31,36,53,11,94,,32,38,55,12,94,,32,37,57,11,94,,32,37,54,,,,,,,11,94,101994,32,38,55,11,94,101887,32,37,55,11,69,101798,31,38,55,11,94,101977,34,40,59,11,94,,29,35,50,11,94,,33,38,57,10,94,102097,36,41,60,11,94,,32,39,57,11,94,101950,32,38,56,11,94,101982,29,34,50,10,94,101956,32,37,56,11,94,101786,32,38,56,12,94,101918,33,38,56,,,,,,,11,94,101822,29,34,50,11,94,101832,31,35,52,10,94,102050,35,42,63,11,94,102027,27,31,45,11,94,102015,31,36,53,10,94,102072,27,32,47,11,94,102022,28,33,48,11,94,101850,32,37,55,11,94,101924,31,36,54,11,94,101860,30,35,48,10,94,101992,30,37,54,12,94,101905,35,39,50,11,94,101886,30,34,49,11,94,102192,27,32,46,11,94,101966,31,36,52,11,94,101922,27,31,44,11,94,102140,32,38,62,,,,,,,,,,,,,,,,,,,10,94,101988,30,37,58
2017-05-03T21:00:00,,,,,,,10,94,101751,37,41,65,,,,,,,,,101689,40,45,68,13,94,101762,26,30,43,11,94,101719,25,29,41,10,94,101748,29,34,49,,,101735,27,32,45,10,94,101741,32,38,54,11,94,101672,28,32,46,11,94,,27,31,50,11,94,101828,28,32,46,,,,,,,11,94,,27,31,43,11,94,,28,31,46,11,94,,29,33,47,10,94,,29,34,49,10,94,,26,31,44,11,94,,29,33,50,11,94,,28,32,46,,,,,,,11,94,101838,30,35,50,11,94,101730,30,36,52,11,69,101651,27,31,44,11,94,101833,30,35,50,11,94,,28,33,46,11,94,,31,35,52,10,94,101929,34,39,56,10,94,,28,32,46,11,94,101787,27,33,46,11,94,101834,25,29,41,10,94,101817,27,31,46,11,94,101643,28,32,46,11,94,101771,28,32,45,,,,,,,11,94,101666,28,32,46,11,94,101667,30,35,50,10,94,101903,35,41,60,11,94,101913,24,28,38,11,94,101858,29,33,48,10,94,101885,27,31,44,11,94,101881,26,29,41,10,94,101698,28,33,47,11,94,101774,26,30,43,11,94,101696,30,34,47,10,94,101826,30,36,52,11,94,101726,26,29,37,10,94,101714,29,33,47,11,94,102037,26,30,42,11,94,101799,29,33,47,11,94,101768,25,29,41,11,94,101991,30,35,56,,,,,,,,,,,,,,,,,,,10,94,101839,27,33,51
2017-05-03T22:00:00,,,,,,,10,94,101678,34,38,59,,,,,,,,,101619,37,42,61,13,94,101676,24,27,38,11,94,101648,22,25,34,10,94,101666,25,29,40,,,101659,24,28,38,10,94,101670,28,33,47,11,94,101607,25,29,41,11,94,,25,29,45,11,94,101754,24,27,36,,,,,,,11,94,,23,26,35,11,94,,26,29,42,11,94,,29,34,49,10,94,,27,31,44,10,94,,22,26,35,11,94,,29,33,50,11,94,,25,28,38,,,,,,,11,94,101772,26,29,39,11,94,101659,27,31,43,10,69,101561,24,29,39,11,94,101762,24,27,36,11,94,,22,26,34,11,94,,33,38,56,10,94,101879,34,39,55,10,94,,25,29,38,11,94,101717,23,26,35,11,94,101759,21,24,31,10,94,101735,24,27,40,11,94,101562,23,26,35,11,94,101689,28,32,47,,,,,,,10,94,101601,27,31,44,11,94,101598,23,26,34,10,94,101828,29,34,49,11,94,101773,18,21,30,11,94,101799,27,31,45,10,94,101840,27,32,45,11,94,101781,25,29,39,11,94,101619,24,28,37,11,94,101685,23,27,36,11,94,101637,29,33,46,10,94,101776,28,33,49,11,94,101683,26,29,38,10,94,101670,29,33,48,11,94,101969,25,29,40,11,94,101743,27,31,45,11,94,101713,25,28,38,11,94,101936,28,33,52,,,,,,,,,,,,,,,,,,,10,94,101770,25,29,44
2017-05-03T23:00:00,,,,,,,10,94,101647,32,35,54,,,,,,,,,101587,34,38,56,13,94,101649,23,27,37,11,94,101623,21,25,33,10,94,101643,25,29,39,,,101632,24,28,37,11,94,101640,29,34,49,11,94,101580,26,30,43,11,94,,27,31,49,11,94,101732,23,27,35,,,,,,,11,94,,23,26,34,11,94,,26,29,42,11,94,,25,29,39,11,94,,27,30,43,11,94,,20,24,31,11,94,,27,30,44,11,94,,24,27,36,,,,,,,11,94,101744,28,33,46,11,94,101630,28,33,46,11,69,101540,27,31,44,11,94,101730,29,33,48,11,94,,25,29,39,11,94,,27,30,43,10,94,101836,33,37,52,11,94,,25,29,38,11,94,101687,27,32,45,11,94,101735,21,24,32,10,94,101718,24,27,40,11,94,101540,23,26,35,11,94,101662,26,30,41,,,,,,,10,94,101567,26,30,43,11,94,101572,24,27,37,10,94,101803,29,34,48,11,94,101783,18,21,27,11,94,101769,26,30,43,10,94,101812,26,30,42,11,94,101772,24,27,37,11,94,101594,24,27,37,11,94,101664,23,27,36,11,94,101609,28,31,42,10,94,101740,28,32,47,11,94,101649,25,28,35,10,94,101624,28,32,46,11,94,101932,23,27,36,10,94,101702,27,32,45,11,94,101666,25,28,38,11,94,101901,29,34,53,,,,,,,,,,,,,,,,,,,10,94,101745,24,28,42
2017-05-04T00:00:00,,,,,,,10,94,101580,33,37,58,,,,,,,,,101519,35,39,58,12,94,101566,23,27,36,11,94,101561,22,25,34,11,94,101575,26,29,41,,,101575,24,28,38,11,94,101580,28,33,46,11,94,101516,26,30,43,11,94,,27,31,49,11,94,101676,25,29,41,,,,,,,11,94,,23,27,35,11,94,,26,29,41,11,94,,26,30,42,11,94,,26,30,42,10,94,,22,27,36,11,94,,27,30,44,11,94,,25,28,39,,,,,,,11,94,101680,26,30,40,11,94,101569,27,31,44,11,69,101468,25,30,41,11,94,101663,26,30,42,11,94,,24,28,38,11,94,,27,31,45,10,94,101775,32,36,51,11,94,,24,28,37,11,94,101623,25,29,41,11,94,101681,23,26,35,10,94,101653,25,29,43,11,94,101484,25,29,39,11,94,101587,28,33,47,,,,,,,11,94,101509,26,30,43,11,94,101509,23,27,35,10,94,101733,27,32,47,11,94,101704,20,23,31,11,94,101698,27,31,45,10,94,101751,26,31,44,11,94,101703,26,30,41,10,94,101535,25,29,40,11,94,101596,24,27,37,11,94,101547,28,31,43,10,94,101675,27,32,47,11,94,101589,25,28,36,10,94,101566,27,31,44,11,94,101858,23,26,36,11,94,101643,26,30,43,11,94,101603,23,25,35,11,94,101825,29,34,55,,,,,,,,,,,,,,,,,,,10,94,101683,24,30,45
2017-05-04T01:00:00,,,,,,,10,94,101549,34,38,60,,,,,,,,,101487,36,41,62,13,94,101530,27,31,45,11,94,101528,24,28,41,11,94,101540,29,33,49,,,101539,25,30,44,11,94,101547,29,34,49,11,94,101484,26,30,43,11,94,,31,37,61,11,94,101639,27,31,46,,,,,,,11,94,,26,31,43,11,94,,28,32,47,11,94,,26,31,45,11,94,,29,34,50,11,94,,25,30,41,11,94,,29,33,50,11,94,,27,31,45,,,,,,,11,94,101647,27,32,44,11,94,101537,29,34,50,11,69,101431,26,31,45,11,94,101631,27,32,46,11,94,,25,30,42,11,94,,28,33,49,10,94,101746,34,40,57,11,94,,25,30,42,11,94,101590,25,30,43,,,,,,,10,94,101616,27,32,47,11,94,101443,26,31,43,11,94,101555,29,34,49,,,,,,,11,94,101477,26,30,44,11,94,101477,26,30,43,10,94,101696,30,37,56,11,94,101666,23,26,35,11,94,101667,29,33,48,10,94,101725,26,31,44,11,94,101667,28,32,45,11,94,101498,28,32,48,11,94,101562,26,31,45,11,94,101514,27,31,43,10,94,101646,31,37,55,11,94,101564,27,31,40,11,94,101543,28,33,48,11,94,101831,27,32,47,11,94,101611,30,36,53,11,94,101573,26,29,42,11,94,101788,30,36,58,,,,,,,,,,,,,,,,,,,10,94,101646,25,32,50
2017-05-04T02:00:00,,,,,,,10,94,101520,34,38,61,,,,,,,,,101460,36,42,63,11,94,101498,26,31,45,11,94,101497,24,30,42,11,94,101511,29,33,49,,,101505,26,31,46,11,94,101516,29,35,52,11,94,101450,26,31,46,11,94,,37,41,67,11,94,101600,27,32,47,,,,,,,11,94,,26,31,44,12,94,,30,35,52,11,94,,27,32,47,11,94,,30,36,52,11,94,,25,31,44,11,94,,30,35,54,11,94,,28,33,48,,,,,,,11,94,101614,28,33,48,11,94,101510,30,35,52,11,69,101400,26,32,45,11,94,101595,28,33,48,11,94,,25,31,44,11,94,,30,35,51,10,94,101714,35,42,61,11,94,,25,29,41,11,94,101563,26,32,46,,,,,,,10,94,101579,27,32,47,11,94,101412,26,31,45,11,94,101526,29,34,49,,,,,,,11,94,101444,26,31,46,11,94,101443,27,32,47,10,94,101663,30,37,57,11,94,101637,22,26,36,11,94,101632,29,34,50,10,94,101692,26,32,47,11,94,101631,27,32,44,11,94,101466,28,33,49,11,94,101529,26,31,45,11,94,101475,28,33,47,11,94,101614,30,37,54,11,94,101526,27,32,42,11,94,101510,29,34,51,11,94,101803,27,32,47,11,94,101580,30,36,54,11,94,101544,27,31,46,11,94,101750,29,35,57,,,,,,,,,,,,,,,,,,,10,94,101615,25,33,52
2017-05-04T03:00:00,,,,,,,10,94,101493,31,34,53,,,,,,,,,101433,33,37,55,13,94,101461,21,24,33,11,94,101470,23,27,39,11,94,101482,26,30,43,,,101477,24,29,41,11,94,101491,27,33,47,11,94,101423,24,28,42,12,94,,32,37,61,11,94,101566,25,29,42,,,,,,,11,94,,24,28,38,12,94,,29,35,52,11,94,,24,29,41,11,94,,26,31,45,11,94,,24,28,40,11,94,,28,32,49,11,94,,27,30,44,,,,,,,11,94,101587,25,30,40,11,94,101481,28,33,48,11,69,101370,25,29,40,11,94,101570,25,29,41,11,94,,23,27,36,11,94,,27,31,45,10,94,101694,36,43,63,11,94,,23,26,35,12,94,101538,23,28,39,,,,,,,11,94,101545,26,30,44,11,94,101376,25,30,41,12,94,101498,25,29,40,,,,,,,11,94,101419,25,29,42,11,94,101421,25,29,41,10,94,101629,30,36,55,11,94,101607,21,24,33,11,94,101615,27,31,46,11,94,101674,24,30,43,11,94,101596,24,28,39,11,94,101438,26,30,43,11,94,101500,24,28,40,11,94,101455,27,32,45,11,94,101591,31,37,55,11,94,101507,27,32,43,11,94,101495,29,35,51,11,94,101781,26,31,45,11,94,101562,30,36,54,11,94,101524,26,31,46,11,94,101731,26,32,50,,,,,,,,,,,,,,,,,,,11,94,101587,24,30,48
2017-05-04T04:00:00,,,,,,,11,97,101491,32,35,54,,,,,,,,,101429,33,37,55,13,97,101467,24,28,38,12,97,101466,24,28,40,11,97,101481,26,31,44,,,101474,26,30,44,11,97,101487,26,31,44,12,97,101418,26,29,43,12,97,,27,31,49,11,97,101557,25,30,43,,,,,,,11,97,,25,29,39,12,97,,27,31,46,11,97,,25,29,41,11,97,,25,29,41,11,97,,23,28,38,11,97,,27,31,47,11,97,,27,31,45,,,,,,,11,97,101582,26,30,42,11,97,101475,28,32,47,11,72,101373,24,29,40,12,97,101562,25,29,41,11,97,,23,28,37,11,97,,27,31,45,10,97,101691,33,38,55,11,97,,23,26,35,12,97,101534,23,28,38,,,,,,,11,97,101539,25,30,43,11,97,101371,25,30,42,12,97,101496,24,28,39,,,,,,,11,97,101414,24,29,41,11,97,101415,24,28,40,10,97,101622,30,37,56,11,97,101594,21,25,34,11,97,101610,27,31,44,11,97,101675,24,29,42,11,97,101596,22,26,35,11,97,101434,27,31,45,11,97,101501,24,29,41,11,97,101449,28,32,45,11,97,101589,28,34,50,12,97,101505,26,31,42,11,97,101494,25,30,42,11,97,101779,25,30,43,11,97,101561,29,34,51,11,97,101524,22,26,37,11,97,101725,27,32,50,,,,,,,,,,,,,,,,,,,11,97,101583,24,31,48
2017-05-04T05:00:00,,,,,,,11,100,101513,35,39,62,,,,,,,,,101450,35,40,60,13,100,101481,23,27,37,12,100,101485,26,30,43,11,100,101500,29,34,50,,,101494,26,31,46,11,100,101505,26,31,45,12,100,101440,26,30,44,12,100,,25,29,46,11,100,101573,27,32,46,,,,,,,11,100,,26,31,43,12,100,,24,28,41,11,100,,27,31,45,11,100,,24,29,41,11,100,,31,35,49,12,100,,28,32,49,11,100,,28,32,47,,,,,,,11,100,101599,29,34,49,11,100,101496,28,33,48,11,75,101391,26,31,44,12,100,101579,27,32,46,12,100,,25,30,43,11,100,,29,33,49,10,100,101710,27,32,44,11,100,,25,30,42,12,100,101554,25,30,44,,,,,,,11,100,101554,27,31,47,11,100,101389,26,31,44,12,100,101514,27,32,46,,,,,,,11,100,101433,24,29,41,12,100,101434,26,30,44,10,100,101636,34,41,62,11,100,101608,27,32,45,11,100,101627,27,31,46,11,100,101698,23,28,41,11,100,101611,25,29,41,11,100,101453,28,33,49,11,100,101520,26,31,45,11,100,101472,25,30,41,11,100,101606,24,29,42,12,100,101525,23,27,36,11,100,101511,23,27,36,11,100,101797,21,25,35,11,100,101579,24,28,41,11,100,101542,17,20,27,11,100,101748,26,32,51,,,,,,,,,,,,,,,,,,,11,100,101601,25,32,51
2017-05-04T06:00:00,,,,,,,11,97,101525,34,37,59,,,,,,,,,101464,35,40,59,12,97,101491,23,28,40,12,97,101498,27,32,47,12,97,101513,33,38,58,,,101508,28,34,50,12,97,101520,29,34,50,12,97,101452,25,29,44,12,97,,24,28,44,12,97,101574,29,35,51,,,,,,,12,97,,28,34,49,12,97,,27,31,45,12,97,,29,34,50,11,97,,25,29,41,12,97,,26,32,46,12,97,,29,34,52,12,97,,31,36,54,,,,,,,12,97,101611,31,37,53,12,97,101511,29,35,51,12,72,101403,30,36,53,12,97,101583,30,36,53,12,97,,28,34,48,12,97,,29,34,51,11,97,101723,30,34,49,12,97,,29,34,50,12,97,101568,26,32,47,,,,,,,12,97,101562,30,36,53,12,97,101396,30,35,52,12,97,101524,28,33,47,,,,,,,12,97,101448,26,30,45,12,97,101448,28,33,48,11,97,101647,35,42,65,12,97,101624,25,30,44,12,97,101636,28,32,46,12,97,101710,23,29,42,12,97,101622,24,29,41,12,97,101465,31,37,55,12,97,101534,32,38,56,12,97,101483,26,30,42,11,97,101617,24,28,41,12,97,101537,26,30,40,11,97,101525,24,28,39,12,97,101809,23,27,38,12,97,101592,25,29,42,11,97,101553,18,21,29,12,97,101761,26,32,50,,,,,,,,,,,,,,,,,,,11,97,101609,27,34,55
2017-05-04T07:00:00,,,,,,,12,94,101544,31,35,55,,,,,,,,,101481,32,36,54,13,94,101509,23,27,39,13,94,101516,28,33,48,12,94,101532,34,39,60,,,101525,28,33,49,12,94,101535,27,32,46,13,94,101469,26,30,44,13,94,,25,29,47,13,94,101580,31,37,56,,,,,,,12,94,,31,37,54,13,94,,24,27,39,12,94,,27,32,47,12,94,,24,28,39,13,94,,28,34,50,13,94,,28,32,49,13,94,,30,35,52,,,,,,,12,94,101627,31,37,53,12,94,101530,30,36,53,12,69,101423,25,30,42,13,94,101603,28,33,49,13,94,,27,33,47,12,94,,28,33,49,11,94,101741,29,34,49,12,94,,25,30,43,13,94,101588,28,34,49,,,,,,,12,94,101575,36,42,60,13,94,101414,31,37,55,12,94,101541,28,32,47,,,,,,,12,94,101467,25,30,43,13,94,101466,29,33,49,11,94,101662,35,42,64,12,94,101642,26,31,46,12,94,101654,26,30,44,12,94,101728,24,29,43,12,94,101641,22,26,36,12,94,101483,34,40,61,12,94,101554,30,35,53,12,94,101502,25,30,42,12,94,101633,23,27,39,13,94,101553,25,29,39,12,94,101539,26,30,44,12,94,101831,24,29,42,12,94,101609,26,30,45,12,94,101569,18,20,28,12,94,101776,26,31,49,,,,,,,,,,,,,,,,,,,12,94,101623,28,35,57
2017-05-04T08:00:00,,,,,,,12,94,101559,30,33,52,,,,,,,,,101495,33,38,56,14,94,101509,23,27,38,13,94,101531,26,31,45,13,94,101544,29,34,50,,,101540,27,32,47,12,94,101551,27,32,47,13,94,101488,25,29,43,13,94,,24,28,45,13,94,101594,30,36,53,,,,,,,12,94,,28,34,49,13,94,,25,30,43,13,94,,26,30,44,12,94,,25,29,42,13,94,,28,33,49,13,94,,27,32,49,,,,,,,,,,,,,13,94,101643,27,32,46,12,94,101546,29,35,51,13,69,101430,25,29,42,13,94,101615,26,31,45,12,94,,25,30,44,13,94,,27,32,47,11,94,101760,31,35,50,13,94,,24,29,42,13,94,101599,26,31,45,12,94,101635,29,33,49,13,94,101590,31,36,53,13,94,101426,31,37,55,13,94,101548,26,30,43,,,,,,,12,94,101482,25,30,44,13,94,101482,27,31,45,11,94,101670,32,39,59,12,94,101654,25,30,43,12,94,101666,27,31,46,12,94,101748,24,30,43,12,94,101644,24,29,42,12,94,101497,29,35,52,12,94,101559,27,32,48,13,94,101520,25,30,41,12,94,101647,25,30,43,13,94,101571,25,29,39,12,94,101559,25,29,43,13,94,101841,22,26,37,12,94,101624,27,31,46,12,94,101582,23,26,37,12,94,101787,27,32,52,,,,,,,,,,,,,,,,,,,12,94,101641,27,34,55
2017-05-04T09:00:00,,,,,,,13,94,101584,32,36,58,,,,,,,,,101515,33,38,58,15,94,101519,23,26,38,14,94,101559,25,30,43,14,94,101562,27,32,47,,,101571,26,31,47,13,94,101580,28,34,49,13,94,101514,28,33,48,14,94,,26,30,48,14,94,101625,27,33,47,,,,,,,13,94,,27,32,47,14,94,,29,33,49,13,94,,31,37,55,13,94,,26,31,44,13,94,,26,31,45,13,94,,30,36,55,13,94,,30,34,51,,,,,,,14,94,101664,28,33,48,13,94,101576,29,35,52,15,69,101450,24,28,41,13,94,101630,27,32,47,13,94,,26,31,45,13,94,,31,37,55,12,94,101782,35,41,59,15,94,,24,29,42,14,94,101625,31,38,54,13,94,101647,27,32,48,14,94,101610,29,33,50,13,94,101461,28,33,49,14,94,101562,27,31,44,,,,,,,13,94,101512,27,32,47,14,94,101511,27,31,46,13,94,101680,32,39,58,14,94,101665,23,28,41,13,94,101686,30,34,51,13,94,101784,27,33,49,13,94,101654,24,29,42,13,94,101518,29,34,50,13,94,101573,27,32,48,14,94,101542,29,34,49,13,94,101668,27,32,48,13,94,101612,28,33,44,13,94,101584,30,35,51,13,94,101856,23,28,40,13,94,101648,30,36,54,13,94,101601,26,31,45,13,94,101803,29,36,58,,,,,,,,,,,,,,,,,,,13,94,101671,26,34,55
2017-05-04T10:00:00,,,,,,,12,95,101613,36,41,66,,,,,,,,,101548,36,42,63,13,95,101554,26,31,45,13,95,101583,28,34,50,13,95,101598,30,36,55,,,101597,28,34,52,12,95,101605,29,35,52,13,95,101538,29,34,51,13,95,,29,34,56,13,95,101645,30,36,54,,,,,,,12,95,,31,37,54,13,95,,30,35,53,13,95,,32,38,56,12,95,,29,35,51,13,95,,29,35,51,13,95,,31,37,56,13,95,,32,38,57,,,,,,,13,95,101694,32,37,54,12,95,101597,31,37,56,14,70,101482,28,34,50,13,95,101659,31,38,56,13,95,,29,35,52,13,95,,33,38,58,12,95,101812,36,41,59,13,95,,27,33,49,14,95,101657,34,40,59,13,95,101667,29,36,54,13,95,101638,33,39,58,13,95,101484,32,39,58,13,95,101595,30,36,53,,,,,,,13,95,101533,27,32,47,13,95,101539,30,35,52,12,95,101717,34,42,64,13,95,101698,27,33,48,13,95,101715,30,35,52,13,95,101808,26,31,45,13,95,101690,26,32,46,13,95,101548,31,37,56,13,95,101608,29,35,53,13,95,101568,26,30,41,12,95,101697,28,34,50,13,95,101627,27,32,42,12,95,101609,29,33,49,12,95,101884,26,32,46,13,95,101680,29,34,51,12,95,101634,26,30,44,13,95,101830,31,38,62,,,,,,,,,,,,,,,,,,,12,95,101696,29,37,62
2017-05-04T11:00:00,,,,,,,12,94,101604,35,39,61,,,,,,,,,101539,35,40,59,13,94,101577,27,32,46,13,94,101562,26,30,44,13,94,101590,30,35,53,,,101575,26,31,46,13,94,101585,26,31,44,13,94,101521,26,30,43,13,94,,26,30,49,13,94,101640,29,34,49,,,,,,,13,94,,28,33,48,13,94,,27,30,44,13,94,,29,34,49,12,94,,29,34,49,13,94,,24,29,42,13,94,,29,33,49,13,94,,30,34,51,,,,,,,13,94,101682,28,32,46,12,94,101571,29,34,49,14,69,101484,28,33,48,13,94,101668,29,35,51,13,94,,27,33,47,13,94,,29,35,51,12,94,101799,32,36,51,13,94,,29,35,52,14,94,101642,33,39,55,13,94,101662,27,32,47,13,94,101632,30,34,51,13,94,101472,27,32,45,14,94,101601,29,34,50,,,,,,,13,94,101515,24,28,40,13,94,101519,26,30,43,12,94,101714,35,43,65,13,94,101702,26,31,46,13,94,101708,29,33,48,13,94,101779,27,33,48,13,94,101694,27,33,49,13,94,101537,30,35,52,13,94,101609,29,35,52,13,94,101545,28,32,44,13,94,101687,27,32,47,13,94,101594,27,31,41,12,94,101592,27,31,45,13,94,101878,25,30,43,13,94,101662,26,31,44,13,94,101623,26,30,42,13,94,101822,29,34,54,,,,,,,,,,,,,,,,,,,12,94,101678,28,35,55
2017-05-04T12:00:00,,,,,,,12,97,101590,31,34,53,,,,,,,,,101524,39,43,63,13,97,101557,24,28,41,14,97,101552,24,27,39,13,97,101570,27,30,44,,,101563,26,30,43,13,97,101575,27,32,45,13,97,101508,25,27,40,13,97,,25,28,45,13,97,101633,26,30,43,,,,,,,13,97,,25,29,41,14,97,,23,27,37,13,97,,27,31,45,12,97,,26,30,42,13,97,,24,28,39,13,97,,26,30,44,13,97,,28,31,45,,,,,,,13,97,101666,26,31,43,13,97,101560,27,32,45,14,72,101466,25,29,41,13,97,101653,26,31,45,13,97,,24,29,40,13,97,,28,33,49,12,97,101785,28,31,43,13,97,,25,30,43,14,97,101624,29,34,49,13,97,101651,24,28,40,13,97,101627,24,28,41,13,97,101456,25,29,40,13,97,101583,27,31,44,,,,,,,13,97,101506,25,28,41,14,97,101506,24,28,39,12,97,101702,32,38,58,13,97,101689,21,24,34,13,97,101690,26,29,42,13,97,101766,25,30,43,13,97,101682,22,26,36,13,97,101523,28,32,47,13,97,101590,26,30,44,13,97,101539,28,32,43,13,97,101671,24,28,40,14,97,101583,27,32,42,13,97,101577,24,28,40,13,97,101866,22,25,34,13,97,101647,24,27,38,13,97,101610,20,23,31,13,97,101806,26,30,47,,,,,,,,,,,,,,,,,,,13,97,101666,26,31,49
2017-05-04T13:00:00,,,,,,,13,100,101579,27,29,42,,,,,,,,,101513,32,35,52,14,100,101538,21,24,33,14,100,101547,22,26,36,13,100,101558,24,27,39,,,101558,24,28,39,13,100,101572,25,29,41,14,100,101502,25,29,41,14,100,,21,24,36,14,100,101622,24,28,40,,,,,,,13,100,,25,29,40,14,100,,18,20,27,13,100,,25,28,40,13,100,,23,26,36,14,100,,22,25,35,14,100,,24,27,39,14,100,,26,29,41,,,,,,,13,100,101656,24,27,36,13,100,101557,26,30,42,14,75,101452,23,27,38,13,100,101636,24,28,38,13,100,,22,26,35,14,100,,31,35,50,12,100,101775,26,29,38,14,100,,22,25,35,14,100,101617,27,31,45,13,100,101640,22,26,37,13,100,101612,24,27,40,14,100,101450,21,24,33,13,100,101567,25,28,39,,,,,,,13,100,101503,24,27,38,14,100,101502,25,28,40,12,100,101689,30,35,52,13,100,101667,21,25,35,13,100,101680,23,26,35,13,100,101767,25,29,42,13,100,101665,17,20,27,13,100,101514,25,28,41,13,100,101578,25,29,42,13,100,101532,24,27,37,13,100,101662,22,26,36,14,100,101585,25,29,38,13,100,101571,24,28,39,13,100,101855,19,20,28,13,100,101640,22,25,35,13,100,101597,20,22,31,13,100,101794,22,25,37,,,,,,,,,,,,,,,,,,,13,100,101658,24,29,45
2017-05-04T14:00:00,,,,,,,14,92,101586,25,26,38,,,,,,,,,101515,30,33,47,15,92,101544,18,20,27,15,92,101551,21,24,35,15,92,101565,23,26,36,,,101558,23,26,37,14,92,101571,21,23,31,15,92,101506,21,23,32,15,92,,21,24,36,14,92,101622,23,27,37,15,92,,20,23,30,14,92,,22,26,34,15,92,,20,22,30,15,92,,22,25,35,14,92,,20,22,29,15,92,,20,23,30,15,92,,21,23,33,15,92,,25,28,40,,,,,,,15,92,101656,23,26,36,14,92,101558,23,27,36,15,67,101460,23,26,37,14,92,101638,22,25,34,14,92,,22,26,34,14,92,,24,27,39,13,92,101778,26,29,39,15,92,,21,25,33,15,92,101621,25,30,42,15,92,101635,22,25,35,14,92,101615,24,28,41,14,92,101449,22,25,34,14,92,101573,21,24,32,,,,,,,14,92,101505,21,24,32,15,92,101505,21,24,33,13,92,101689,29,35,51,15,92,101679,21,24,32,15,92,101678,21,24,32,15,92,101762,23,27,38,14,92,101669,20,23,31,14,92,101519,23,27,38,14,92,101586,23,26,37,15,92,101527,24,27,36,15,92,101659,21,24,35,15,92,101589,22,26,32,14,92,101575,23,27,37,15,92,101859,19,21,29,14,92,101644,23,26,36,14,92,101605,18,21,28,14,92,101795,22,25,37,,,,,,,,,,,,,,,,,,,14,92,101652,22,26,39
2017-05-04T15:00:00,,,,,,,16,90,101584,25,27,38,,,,,,,,,101510,28,31,45,15,90,101537,17,19,25,16,90,101543,20,23,32,16,90,101556,22,25,33,,,101547,23,27,38,16,90,101562,22,26,35,16,90,101501,21,24,34,16,90,,20,23,34,16,90,101604,22,25,34,,,,,,,15,90,,22,25,33,17,90,,22,25,35,17,90,,24,27,39,15,90,,20,23,31,16,90,,22,26,36,17,90,,22,25,36,16,90,,24,27,39,,,,,,,16,90,101646,23,26,35,16,90,101550,23,26,35,16,65,101452,22,25,35,16,90,101621,20,23,31,16,90,,20,23,30,16,90,,25,28,41,15,90,101772,29,32,44,16,90,,21,23,31,16,90,101610,24,28,40,16,90,101622,22,25,34,16,90,101601,22,25,36,16,90,101435,22,25,34,16,90,101564,22,25,34,,,,,,,15,90,101502,21,24,34,16,90,101495,22,25,34,14,90,101679,28,32,47,18,90,101659,16,18,24,16,90,101667,22,25,35,16,90,101757,21,24,34,18,90,101652,16,18,24,15,90,101507,23,27,37,15,90,101577,22,25,36,16,90,101519,22,25,33,16,90,101646,21,24,35,17,90,101581,23,26,33,15,90,101567,22,25,34,,,101863,15,15,21,15,90,101634,26,30,41,15,90,101596,20,22,31,16,90,101781,23,26,39,,,,,,,,,,,,,,,,,,,16,90,101640,22,26,40
2017-05-04T16:00:00,,,,,,,15,90,101574,26,28,41,,,,,,,,,101499,29,33,48,15,90,101525,19,22,29,16,90,101528,23,27,38,15,90,101545,23,26,36,,,101535,23,27,37,15,90,101549,23,27,37,16,90,101487,23,26,38,16,90,,23,26,41,15,90,101602,24,28,40,,,,,,,15,90,,24,27,37,16,90,,24,27,39,15,90,,25,29,41,15,90,,21,24,31,15,90,,28,33,47,16,90,,23,27,40,15,90,,26,29,42,,,,,,,15,90,101635,24,28,38,15,90,101537,25,28,39,15,65,101441,21,25,34,16,90,101604,22,26,35,15,90,,22,26,35,15,90,,26,29,42,14,90,101758,28,31,42,15,90,,21,24,31,15,90,101598,25,29,42,15,90,101615,22,26,36,15,90,101593,23,26,38,15,90,101428,25,30,42,15,90,101555,25,28,39,,,,,,,15,90,101488,22,26,35,15,90,101479,23,26,37,14,90,101668,28,33,48,17,90,101653,18,20,28,15,90,101658,23,27,37,15,90,101743,22,26,36,16,90,101661,17,20,26,15,90,101496,25,29,41,15,90,101569,22,25,35,15,90,101502,24,27,37,15,90,101637,24,28,40,16,90,101564,21,24,29,15,90,101554,23,26,36,17,90,101852,18,17,24,15,90,101623,25,28,40,15,90,101585,19,22,30,15,90,101776,25,28,44,,,,,,,,,,,,,,,,,,,15,90,101634,24,29,45
2017-05-04T17:00:00,,,,,,,15,92,101591,26,28,42,,,,,,,,,101517,31,34,50,16,92,101540,38,43,59,15,92,101546,24,27,39,14,92,101565,25,28,41,,,101557,23,27,39,15,92,101571,27,31,44,15,92,101505,26,29,42,15,92,,25,29,46,15,92,101623,26,30,43,,,,,,,14,92,,25,29,39,15,92,,23,26,37,15,92,,25,29,41,14,92,,26,29,41,15,92,,28,32,46,16,92,,22,25,38,15,92,,27,30,43,,,,,,,15,92,101657,24,28,38,14,92,101559,25,29,41,15,67,101454,25,28,40,15,92,101629,22,25,35,15,92,,23,26,36,15,92,,28,32,46,13,92,101778,31,34,48,15,92,,23,26,35,15,92,101618,24,28,40,,,,,,,15,92,101619,25,29,42,15,92,101449,33,38,56,15,92,101573,28,32,46,,,,,,,14,92,101509,24,28,39,15,92,101492,23,26,36,14,92,101690,28,33,49,15,92,101676,20,23,30,15,92,101680,23,27,37,14,92,101763,23,27,38,15,92,101680,21,24,32,14,92,101519,27,31,44,15,92,101589,24,27,39,15,92,101548,25,28,37,14,92,101661,24,28,40,15,92,101589,21,24,28,14,92,101575,24,27,37,16,92,101876,19,20,27,15,92,101646,29,33,46,15,92,101608,21,23,32,15,92,101800,26,30,46,,,,,,,,,,,,,,,,,,,14,92,101656,27,32,50
2017-05-04T18:00:00,,,,,,,13,97,101643,34,37,58,,,,,,,,,101570,32,36,52,14,97,101602,27,31,45,13,97,101597,26,30,42,13,97,101620,30,34,49,,,101610,28,32,46,13,97,101621,26,31,44,13,97,101558,27,31,44,13,97,,36,41,66,13,97,101670,32,37,53,,,,,,,13,97,,30,35,50,13,97,,27,30,43,13,97,,29,33,48,12,97,,32,36,52,13,97,,29,34,49,13,97,,23,26,37,13,97,,31,34,50,,,,,,,13,97,101710,27,32,45,12,97,101610,26,30,43,13,72,101511,29,34,48,13,97,101699,21,23,31,13,97,,37,42,58,13,97,,30,34,50,12,97,101830,37,41,58,13,97,,30,35,50,13,97,101674,31,36,53,,,,,,,13,97,101670,29,33,50,13,97,101507,36,42,61,13,97,101626,29,33,48,,,,,,,13,97,101562,25,28,40,13,97,101553,27,31,45,12,97,101741,32,37,54,13,97,101734,22,26,34,13,97,101738,26,29,42,12,97,101817,30,35,50,12,97,101738,21,24,33,12,97,101570,33,37,54,13,97,101640,28,32,46,13,97,101580,26,29,39,12,97,101717,29,33,48,13,97,101637,23,25,31,12,97,101626,31,35,50,13,97,101927,25,28,39,13,97,101697,37,42,60,13,97,101663,23,26,36,13,97,101856,31,36,56,,,,,,,,,,,,,,,,,,,13,97,101709,38,48,75
2017-05-04T19:00:00,,,,,,,12,97,101660,39,43,69,,,,,,,,,101590,42,47,71,14,97,101623,27,31,45,13,97,101626,33,38,54,12,97,101644,33,37,54,,,101635,33,37,54,12,97,101642,29,34,49,12,97,101579,30,34,49,13,97,,48,54,82,13,97,101688,38,42,61,,,,,,,12,97,,34,39,57,13,97,,39,43,64,13,97,,32,37,55,12,97,,45,49,69,13,97,,38,43,62,12,97,,24,27,39,13,97,,39,42,63,,,,,,,13,97,101732,32,37,53,12,97,101630,26,29,41,13,72,101537,34,40,58,12,97,101728,22,25,33,12,97,,31,36,52,13,97,,37,42,62,11,97,101849,68,71,92,12,97,,39,44,63,13,97,101701,35,41,59,,,,,,,12,97,101689,40,44,61,12,97,101533,34,39,57,13,97,101648,39,44,64,,,,,,,12,97,101579,28,33,47,13,97,101576,31,36,52,11,97,101767,36,42,62,12,97,101756,28,33,47,12,97,101753,34,38,56,12,97,101837,26,30,43,12,97,101762,23,26,35,12,97,101590,37,41,60,13,97,101666,31,36,53,12,97,101604,26,29,39,12,97,101738,40,44,62,12,97,101658,25,28,36,12,97,101648,40,45,67,13,97,101944,32,36,53,12,97,101714,46,53,78,12,97,101680,29,33,48,13,97,101870,42,48,75,,,,,,,,,,,,,,,,,,,12,97,101732,42,52,80
2017-05-04T20:00:00,,,,,,,11,97,101685,45,49,80,,,,,,,,,101616,49,53,78,15,97,101649,30,34,49,12,97,101654,41,46,63,12,97,101672,37,42,62,,,101663,33,38,56,11,97,101672,33,39,56,12,97,101608,32,36,53,12,97,,45,50,78,12,97,101731,61,67,85,,,,,,,11,97,,39,45,66,12,97,,40,44,66,12,97,,36,41,61,11,97,,60,65,84,12,97,,39,45,66,11,97,,25,28,41,11,97,,62,66,86,,,,,,,12,97,101760,34,39,57,11,97,101655,27,31,44,12,72,101564,41,47,67,11,97,101751,29,33,48,12,97,,34,40,57,12,97,,41,45,65,10,97,101877,65,67,87,11,97,,43,48,69,12,97,101730,39,45,65,11,97,101758,60,68,91,12,97,101715,43,47,64,11,97,101554,41,47,69,12,97,101680,36,42,61,,,,,,,12,97,101604,33,38,56,12,97,101606,35,40,60,10,97,101796,41,48,72,11,97,101778,33,38,55,12,97,101783,33,37,54,11,97,101861,30,36,52,11,97,101787,29,34,48,11,97,101616,47,51,74,12,97,101696,39,44,65,11,97,101638,38,40,52,11,97,101771,48,53,70,11,97,101688,26,29,38,11,97,101676,49,54,76,12,97,101975,40,45,66,11,97,101745,48,54,79,11,97,101711,31,35,51,12,97,101898,39,44,69,,,,,,,,,,,,,,,,,,,11,97,101758,47,55,81
2017-05-04T21:00:00,,,,,,,10,100,101673,47,51,83,,,,,,,,,101608,54,57,82,13,100,101649,33,38,56,11,100,101644,52,59,76,11,100,101669,42,46,68,,,101656,39,44,64,11,100,101667,36,42,62,11,100,101601,35,39,58,11,100,,46,50,79,11,100,101731,58,64,83,,,,,,,11,100,,42,47,70,12,100,,51,56,78,11,100,,38,43,64,10,100,,67,72,94,11,100,,37,43,64,11,100,,32,36,55,11,100,,60,64,85,,,,,,,11,100,101753,37,43,63,11,100,101652,34,39,57,11,75,101566,44,50,70,11,100,101738,35,41,60,11,100,,38,43,63,12,100,,46,50,70,10,100,101858,48,52,74,11,100,,45,50,73,12,100,101721,36,43,64,11,100,101754,53,60,80,11,100,101715,44,49,66,11,100,101548,40,46,69,11,100,101678,39,44,65,,,,,,,11,100,101596,36,41,61,12,100,101599,42,47,69,10,100,101789,48,54,81,11,100,101780,35,41,61,11,100,101772,38,43,63,11,100,101842,27,32,46,10,100,101789,35,41,59,11,100,101611,48,53,76,11,100,101697,47,53,73,11,100,101611,32,36,51,10,100,101758,56,62,80,11,100,101662,28,31,41,11,100,101657,35,40,59,11,100,101967,41,47,69,11,100,101729,41,46,69,11,100,101694,28,32,47,11,100,101895,48,54,79,,,,,,,,,,,,,,,,,,,11,100,101755,47,57,83
2017-05-04T22:00:00,,,,,,,11,100,101673,49,53,86,,,,,,,,,101609,59,63,87,15,100,101642,41,46,65,12,100,101647,44,50,68,12,100,101664,40,45,67,,,101654,40,45,67,11,100,101668,40,46,68,12,100,101602,40,44,65,12,100,,48,54,81,12,100,101713,47,52,72,,,,,,,11,100,,40,47,69,12,100,,51,56,77,12,100,,38,44,65,11,100,,53,57,77,12,100,,35,41,59,12,100,,34,39,60,11,100,,50,54,74,,,,,,,12,100,101754,39,45,67,11,100,101655,44,50,73,12,75,101553,42,48,68,12,100,101731,40,46,68,12,100,,36,42,61,12,100,,48,53,73,10,100,101867,50,54,77,11,100,,41,47,69,12,100,101722,36,43,63,11,100,101735,44,50,71,11,100,101710,40,44,62,11,100,101544,36,42,63,12,100,101671,42,46,68,,,,,,,11,100,101598,36,42,61,12,100,101601,46,51,73,11,100,101787,45,52,78,12,100,101770,34,40,58,12,100,101776,42,46,68,11,100,101851,32,37,55,11,100,101777,42,49,70,11,100,101609,48,53,76,12,100,101686,42,47,69,11,100,101617,32,37,52,11,100,101762,59,66,85,11,100,101666,30,34,45,11,100,101667,35,40,59,11,100,101966,48,55,76,11,100,101737,39,44,68,11,100,101700,29,33,47,11,100,101899,49,56,81,,,,,,,,,,,,,,,,,,,11,100,101749,41,50,77
2017-05-04T23:00:00,,,,,,,9,100,101657,51,54,88,,,,,,,,,101597,65,69,93,12,100,101631,33,39,56,10,100,101635,39,45,65,10,100,101651,40,45,67,,,101641,41,46,69,10,100,101655,41,47,69,10,100,101589,38,42,62,10,100,,45,50,79,10,100,101700,42,47,68,,,,,,,10,100,,38,45,66,11,100,,45,50,72,10,100,,41,46,68,10,100,,47,51,72,11,100,,31,36,52,10,100,,37,42,64,10,100,,47,50,71,,,,,,,11,100,101743,39,45,66,10,100,101643,38,44,66,10,75,101542,40,46,67,10,100,101722,33,39,57,10,100,,38,44,64,11,100,,49,54,74,9,100,101850,43,48,70,10,100,,44,50,72,11,100,101711,38,44,65,10,100,101723,40,46,66,10,100,101700,31,35,53,10,100,101535,33,38,56,10,100,101659,42,47,68,,,,,,,10,100,101583,37,43,63,10,100,101582,41,47,70,9,100,101779,44,51,78,10,100,101758,32,37,54,10,100,101765,43,48,70,10,100,101839,30,34,50,9,100,101765,37,43,64,10,100,101596,43,48,72,10,100,101674,39,44,66,10,100,101611,35,39,55,9,100,101750,54,61,80,10,100,101653,31,35,47,10,100,101654,36,41,61,10,100,101950,46,52,74,10,100,101726,41,46,69,10,100,101688,26,29,42,10,100,101897,57,65,92,,,,,,,,,,,,,,,,,,,10,100,101736,37,45,72
2017-05-05T00:00:00,,,,,,,9,97,101659,47,52,85,,,,,,,,,101598,51,56,82,12,97,101641,29,32,46,10,97,101629,37,43,63,10,97,101651,39,44,66,,,101638,38,44,65,10,97,101651,41,47,70,10,97,101588,37,42,61,10,97,,34,39,64,10,97,101700,39,44,65,,,,,,,9,97,,37,44,64,10,97,,39,44,67,10,97,,40,47,68,9,97,,41,46,67,10,97,,26,30,42,10,97,,44,49,74,10,97,,40,45,66,,,,,,,10,97,101741,42,49,72,9,97,101638,40,46,69,10,72,101543,37,43,63,10,97,101727,35,41,62,10,97,,37,44,64,10,97,,42,48,69,8,97,101848,44,50,72,9,97,,40,46,68,10,97,101707,40,47,69,10,97,101721,34,40,58,9,97,101704,30,34,52,9,97,101535,29,34,48,10,97,101660,39,44,65,,,,,,,10,97,101580,38,44,65,10,97,101582,39,45,68,9,97,101784,45,51,77,10,97,101760,29,34,48,10,97,101766,41,46,68,9,97,101835,31,37,54,9,97,101766,35,40,59,9,97,101594,43,49,73,10,97,101674,35,40,59,10,97,101609,36,40,56,9,97,101749,35,41,60,9,97,101650,30,34,45,9,97,101648,38,43,64,10,97,101950,31,36,53,10,97,101722,39,46,70,9,97,101683,30,33,49,9,97,101898,45,51,78,,,,,,,,,,,,,,,,,,,9,97,101734,32,38,61
2017-05-05T01:00:00,,,,,,,8,97,101659,38,42,68,,,,,,,,,101599,39,44,66,11,97,101646,27,31,44,9,97,101640,38,44,64,9,97,101658,39,44,65,,,101649,38,44,66,9,97,101659,36,42,62,9,97,101597,34,39,57,9,97,,30,34,54,9,97,101714,36,41,60,,,,,,,9,97,,38,44,64,10,97,,35,40,60,9,97,,31,37,54,8,97,,36,41,60,9,97,,23,27,37,9,97,,36,41,64,9,97,,36,41,59,,,,,,,9,97,101751,34,40,59,9,97,101647,38,45,67,9,72,101548,36,42,62,9,97,101731,33,39,57,9,97,,30,35,51,9,97,,34,39,58,8,97,101850,41,47,67,9,97,,36,41,60,10,97,101710,31,37,54,9,97,101737,31,36,52,9,97,101714,29,33,49,9,97,101546,24,27,36,9,97,101662,32,37,54,,,,,,,9,97,101585,32,37,55,9,97,101591,38,44,67,8,97,101792,39,46,68,9,97,101769,29,34,49,9,97,101771,33,39,57,9,97,101847,34,40,59,8,97,101774,34,39,57,9,97,101603,46,52,76,9,97,101680,33,38,56,9,97,101621,34,39,56,8,97,101753,33,38,56,9,97,101658,31,35,47,9,97,101656,35,40,59,9,97,101950,29,33,48,9,97,101727,34,40,59,9,97,101689,32,35,52,9,97,101900,36,41,66,,,,,,,,,,,,,,,,,,,9,97,101747,30,37,58
2017-05-05T02:00:00,,,,,,,8,94,101660,39,45,72,,,,,,,,,101601,39,44,67,11,94,101650,24,27,36,9,94,101644,30,35,50,9,94,101659,36,41,62,,,101652,37,42,63,9,94,101661,34,40,59,9,94,101598,31,36,53,9,94,,30,34,54,9,94,101715,34,39,57,,,,,,,9,94,,35,41,59,9,94,,30,35,52,9,94,,32,38,56,8,94,,32,36,51,9,94,,25,29,41,9,94,,34,39,61,9,94,,31,36,52,,,,,,,9,94,101753,34,40,59,9,94,101652,34,40,59,9,69,101548,28,33,47,9,94,101733,32,38,56,9,94,,31,36,52,9,94,,35,40,61,8,94,101856,39,44,62,9,94,,25,28,37,10,94,101714,33,39,57,,,101748,29,34,49,9,94,101719,26,31,46,9,94,101549,25,29,40,9,94,101665,39,44,63,,,,,,,9,94,101586,32,37,55,10,94,101595,34,40,59,8,94,101792,39,46,68,9,94,101771,21,25,34,9,94,101776,32,38,56,9,94,101853,30,36,52,9,94,101777,32,38,55,9,94,101603,38,44,66,9,94,101676,27,31,45,9,94,101623,30,35,50,8,94,101761,32,37,54,9,94,101666,29,33,44,8,94,101658,32,36,52,9,94,101950,29,33,47,9,94,101734,30,35,52,9,94,101699,30,33,47,9,94,101905,36,41,66,,,,,,,,,,,,,,,,,,,8,94,101753,27,33,53
2017-05-05T03:00:00,,,,,,,9,100,101675,36,40,64,,,,,,,,,101615,39,44,66,12,100,101659,21,23,29,11,100,101651,27,32,47,10,100,101669,26,30,42,,,101663,31,36,53,10,100,101672,31,36,54,10,100,101607,29,33,49,10,100,,29,33,53,10,100,101746,23,27,36,,,,,,,10,100,,28,33,46,10,100,,29,33,49,10,100,,30,35,51,9,100,,29,32,45,10,100,,19,22,30,11,100,,32,37,57,10,100,,28,31,45,,,,,,,10,100,101766,30,35,51,10,100,101659,33,39,58,10,75,101556,25,29,40,11,100,101750,30,35,52,10,100,,27,32,45,11,100,,33,38,57,9,100,101870,36,40,57,10,100,,19,21,28,11,100,101723,29,34,49,,,,,,,10,100,101737,21,24,35,10,100,101558,20,23,31,10,100,101681,30,34,49,,,,,,,10,100,101593,28,33,48,11,100,101604,30,36,54,9,100,101806,31,36,52,10,100,101793,15,18,24,11,100,101787,31,37,55,10,100,101859,27,32,45,10,100,101792,21,24,33,10,100,101616,32,37,54,10,100,101683,22,25,34,10,100,101641,28,33,46,9,100,101774,32,37,54,10,100,101676,28,31,42,9,100,101673,31,35,50,10,100,101961,27,31,43,10,100,101742,31,36,53,10,100,101712,25,28,38,10,100,101918,36,40,65,,,,,,,,,,,,,,,,,,,10,100,101763,25,31,48
2017-05-05T04:00:00,,,,,,,9,100,101701,37,40,63,,,,,,,,,101644,37,42,62,12,100,101691,21,23,30,11,100,101677,22,27,37,10,100,101698,30,34,51,,,101690,25,30,42,10,100,101698,30,35,51,10,100,101634,28,32,47,10,100,,27,31,49,10,100,101779,21,24,33,,,,,,,10,100,,23,26,35,11,100,,33,38,57,10,100,,31,36,52,9,100,,28,31,44,10,100,,16,19,26,11,100,,31,37,56,10,100,,24,26,36,,,,,,,10,100,101804,36,40,58,10,100,101686,30,34,50,10,75,101585,25,29,40,10,100,101788,28,33,47,10,100,,27,31,43,11,100,,32,37,55,9,100,101898,34,38,53,10,100,,20,22,30,11,100,101746,27,32,46,,,,,,,10,100,101765,21,24,34,10,100,101591,18,21,27,10,100,101712,29,33,47,,,,,,,10,100,101618,27,31,44,11,100,101629,26,31,45,9,100,101834,29,33,48,10,100,101827,15,17,24,10,100,101821,30,36,53,10,100,101880,27,31,45,10,100,101820,20,24,31,10,100,101647,28,32,46,10,100,101716,24,27,38,10,100,101671,28,31,44,9,100,101802,30,35,50,10,100,101701,28,32,42,10,100,101700,31,35,50,10,100,101989,26,29,40,10,100,101771,29,34,51,10,100,101738,26,29,41,10,100,101945,32,36,59,,,,,,,,,,,,,,,,,,,10,100,101795,21,25,36
2017-05-05T05:00:00,,,,,,,9,100,101709,35,38,60,,,,,,,,,101651,37,42,62,12,100,101699,24,28,39,11,100,101686,23,26,35,10,100,101705,25,28,40,,,101696,23,27,36,10,100,101703,27,32,46,10,100,101641,27,30,44,10,100,,29,33,53,10,100,101783,23,26,35,,,,,,,10,100,,25,28,38,11,100,,30,35,52,10,100,,29,33,48,10,100,,29,33,48,10,100,,19,22,30,11,100,,30,35,54,10,100,,24,27,37,,,,,,,10,100,101801,29,33,47,10,100,101691,25,30,41,10,75,101597,26,30,42,10,100,101797,26,30,43,10,100,,24,28,38,10,100,,30,35,52,9,100,101905,36,40,58,10,100,,23,26,36,11,100,101753,25,29,41,,,,,,,10,100,101771,22,25,37,10,100,101595,20,22,29,10,100,101720,29,33,47,,,,,,,10,100,101626,25,29,40,11,100,101637,23,27,37,9,100,101842,26,30,42,10,100,101825,18,20,27,10,100,101830,30,34,50,10,100,101883,25,29,42,10,100,101825,23,27,37,10,100,101653,28,31,45,10,100,101724,22,25,33,10,100,101684,28,31,44,10,100,101807,29,34,49,10,100,101708,26,30,40,10,100,101703,30,34,48,10,100,101999,27,31,44,10,100,101775,28,33,49,10,100,101743,28,31,45,10,100,101949,32,36,58,,,,,,,,,,,,,,,,,,,10,100,101802,22,26,38
2017-05-05T06:00:00,,,,,,,10,100,101757,34,38,60,,,,,,,,,101694,41,47,71,12,100,101738,22,25,35,11,100,101732,23,27,38,10,100,101747,27,32,46,,,101739,25,30,42,10,100,101749,28,33,48,11,100,101687,27,30,44,11,100,,32,38,63,10,100,101827,25,29,41,,,,,,,10,100,,26,30,42,11,100,,33,38,57,10,100,,29,34,50,10,100,,28,32,47,10,100,,23,27,37,11,100,,31,35,54,11,100,,26,29,42,,,,,,,11,100,101862,28,33,48,10,100,101735,28,33,47,11,75,101643,26,31,44,11,100,101830,31,36,53,11,100,,25,30,42,11,100,,33,38,57,9,100,101948,37,42,60,11,100,,22,26,34,11,100,101795,26,30,43,,,,,,,10,100,101814,24,28,41,10,100,101633,24,28,38,11,100,101762,32,37,53,,,,,,,10,100,101672,26,29,42,11,100,101681,25,29,42,9,100,101884,28,32,47,11,100,101861,21,24,33,11,100,101867,31,36,53,10,100,101928,24,28,40,10,100,101861,25,28,40,10,100,101695,29,33,48,10,100,101764,25,29,42,10,100,101707,28,33,46,10,100,101851,32,38,56,11,100,101754,28,32,42,10,100,101748,31,35,51,11,100,102046,31,36,54,10,100,101816,30,36,53,10,100,101784,27,30,43,10,100,101987,32,38,64,,,,,,,,,,,,,,,,,,,10,100,101845,24,29,45
2017-05-05T07:00:00,,,,,,,11,97,101775,33,36,57,,,,,,,,,101710,37,42,63,13,97,101751,24,27,38,13,97,101748,22,26,36,12,97,101759,26,30,44,,,101752,26,30,44,12,97,101768,29,34,50,12,97,101702,27,32,46,12,97,,34,40,66,12,97,101827,24,27,38,,,,,,,11,97,,26,30,42,13,97,,35,41,62,12,97,,30,35,51,11,97,,30,35,51,12,97,,23,27,37,12,97,,34,38,58,12,97,,25,29,41,,,,,,,12,97,101858,33,38,55,12,97,101751,28,32,46,12,72,101658,24,28,40,12,97,101847,26,31,44,12,97,,25,30,42,12,97,,31,35,53,11,97,101963,41,48,72,12,97,,23,27,38,12,97,101814,27,32,46,,,,,,,12,97,101822,23,27,39,12,97,101643,23,27,37,12,97,101777,28,32,46,,,,,,,12,97,101693,27,32,46,12,97,101698,25,29,42,11,97,101887,27,32,46,12,97,101879,19,21,30,12,97,101878,32,37,55,12,97,101945,26,30,44,12,97,101876,25,28,39,12,97,101711,27,31,44,12,97,101781,24,28,40,12,97,101730,28,32,45,11,97,101862,36,43,63,12,97,101777,28,33,45,12,97,101768,34,39,59,12,97,102070,32,38,57,12,97,101834,37,45,69,11,97,101799,29,34,50,12,97,101998,30,36,58,,,,,,,,,,,,,,,,,,,11,97,101852,23,28,44
2017-05-05T08:00:00,,,,,,,13,100,101787,31,34,54,,,,,,,,,101718,39,44,67,14,100,101753,25,29,41,14,100,101754,21,24,34,13,100,101769,24,27,39,,,101755,24,28,39,13,100,101771,27,32,46,14,100,101704,26,30,43,13,100,,35,41,68,13,100,101828,24,27,39,,,,,,,13,100,,25,29,40,14,100,,35,40,61,13,100,,28,33,48,12,100,,29,34,50,14,100,,22,25,34,14,100,,30,35,54,13,100,,25,28,40,,,,,,,14,100,101856,27,31,44,13,100,101756,27,31,44,14,75,101669,23,27,39,13,100,101840,26,30,44,13,100,,24,28,38,13,100,,31,36,53,12,100,101972,42,49,72,14,100,,23,26,36,13,100,101821,24,29,41,,,,,,,13,100,101825,24,27,39,13,100,101649,23,27,37,13,100,101783,27,31,45,,,,,,,14,100,101706,26,29,42,15,100,101710,22,25,35,12,100,101883,24,28,41,13,100,101881,20,23,31,14,100,101877,30,35,52,14,100,101960,24,28,40,13,100,101877,26,29,41,13,100,101717,26,30,43,13,100,101788,24,28,40,14,100,101710,27,31,41,13,100,101866,39,47,65,14,100,101786,29,33,44,13,100,101775,35,41,62,13,100,102080,31,38,57,13,100,101844,38,44,67,13,100,101807,27,31,46,13,100,101996,34,41,66,,,,,,,,,,,,,,,,,,,13,100,101849,22,27,41
2017-05-05T09:00:00,,,,,,,15,88,101789,29,30,47,,,,,,,,,101724,29,33,47,16,88,101746,24,28,39,16,88,101750,21,24,34,16,88,101769,24,28,40,,,101758,23,26,37,15,88,101770,25,29,41,16,88,101703,24,27,39,16,88,,30,34,56,17,88,101795,23,27,37,,,,,,,17,88,,24,27,38,17,88,,36,41,62,16,88,,26,30,44,15,88,,32,37,55,17,88,,22,26,36,16,88,,26,30,44,16,88,,26,28,41,,,,,,,19,88,101854,24,27,39,15,88,101755,25,28,39,19,63,101679,22,26,36,16,88,101836,26,30,43,16,88,,23,26,36,16,88,,27,31,46,15,88,101968,38,43,63,18,88,,22,24,34,16,88,101821,23,27,37,15,88,101842,24,27,40,15,88,101819,24,28,41,16,88,101646,24,28,39,16,88,101779,27,30,42,,,,,,,16,88,101712,23,26,37,20,88,101726,19,21,30,15,88,101868,24,28,40,17,88,101872,20,22,32,18,88,101863,24,28,40,16,88,101958,23,27,38,16,88,101873,26,29,41,15,88,101716,27,30,44,16,88,101788,25,28,41,18,88,101705,24,27,35,17,88,101851,28,33,48,17,88,101783,28,32,42,15,88,101772,32,37,55,16,88,102075,27,32,47,15,88,101843,33,39,59,15,88,101800,31,36,54,16,88,101989,28,32,50,,,,,,,,,,,,,,,,,,,16,88,101843,22,26,38
2017-05-05T10:00:00,,,,,,,17,82,101760,25,26,38,,,,,,,,,101702,25,27,37,18,82,101724,22,26,36,18,82,101723,19,22,30,18,82,101743,23,26,36,,,101728,21,24,33,17,82,101744,23,26,36,18,82,101675,22,24,35,17,82,,25,29,46,19,82,101760,20,23,32,,,,,,,18,82,,22,25,35,18,82,,26,30,44,19,82,,23,26,37,17,82,,23,27,38,18,82,,21,24,32,18,82,,22,25,37,18,82,,23,25,35,,,,,,,20,82,101829,23,26,38,17,82,101725,22,25,33,19,57,101654,20,23,31,17,82,101804,23,26,36,18,82,,21,24,32,18,82,,23,27,38,17,82,101940,31,35,49,20,82,,18,21,27,18,82,101795,21,25,34,17,82,101811,21,24,34,17,82,101794,22,26,38,17,82,101623,21,24,32,18,82,101752,22,25,34,,,,,,,18,82,101683,21,24,33,21,82,101703,18,20,27,17,82,101831,21,24,34,19,82,101858,17,19,25,20,82,101834,20,22,31,17,82,101921,18,21,27,18,82,101850,24,27,37,17,82,101687,24,28,39,17,82,101764,22,25,35,19,80,101682,21,22,27,19,82,101810,22,25,36,19,82,101749,20,21,24,17,82,101737,27,30,44,18,82,102044,22,26,36,17,82,101809,24,28,40,17,82,101771,25,29,42,17,82,101955,24,27,41,,,,,,,,,,,,,,,,,,,18,82,101814,20,23,32
2017-05-05T11:00:00,,,,,,,18,75,101749,25,27,39,,,,,,,,,101684,28,31,44,19,75,101704,25,29,41,19,73,101706,18,22,29,18,75,101725,23,26,37,,,101707,21,24,33,18,75,101723,22,26,35,19,75,101657,22,24,34,18,75,,26,30,48,19,75,101766,23,26,37,,,,,,,18,75,,23,26,35,19,75,,25,28,41,19,75,,23,27,38,18,75,,26,29,42,18,75,,22,25,34,19,75,,21,24,35,19,75,,23,25,36,,,,,,,19,75,101808,23,26,37,18,75,101705,22,25,32,19,50,101632,22,26,36,18,75,101788,23,27,38,19,75,,20,23,30,18,75,,25,29,42,17,75,101923,29,32,45,20,75,,21,24,33,19,75,101774,22,25,35,18,75,101795,22,25,36,18,75,101779,23,26,39,18,75,101608,23,27,37,19,75,101738,24,27,38,,,,,,,18,75,101659,20,23,32,19,75,101660,20,23,30,17,75,101819,21,24,33,19,75,101834,19,22,30,19,75,101823,21,23,31,18,75,101893,18,20,26,19,75,101834,24,27,38,18,75,101670,24,27,39,18,75,101748,23,26,37,19,75,101671,21,23,28,19,75,101788,23,27,39,20,75,101720,19,20,22,18,75,101715,24,27,39,19,75,102030,22,26,36,18,75,101786,24,27,39,18,75,101751,23,26,37,18,74,101943,25,29,45,,,,,,,,,,,,,,,,,,,18,74,101796,21,24,36
2017-05-05T12:00:00,,,,,,,17,82,101720,23,25,36,,,,,,,,,101647,28,31,44,18,82,101668,21,24,32,18,82,101683,19,22,31,17,82,101694,23,26,36,,,101680,22,26,36,17,82,101694,23,26,36,18,82,101626,22,25,36,17,82,,24,28,45,17,82,101740,23,27,38,,,,,,,17,82,,23,26,36,18,82,,24,27,39,18,82,,22,26,36,17,82,,22,25,35,17,82,,23,27,37,18,82,,22,24,36,18,82,,24,27,38,,,,,,,18,82,101777,24,27,37,17,82,101681,23,27,37,17,57,101594,21,24,33,17,82,101754,22,26,36,18,82,,20,22,30,17,82,,25,28,41,16,82,101891,29,32,45,18,82,,20,23,30,18,82,101743,22,26,36,17,82,101765,22,27,37,17,82,101749,23,26,39,17,82,101583,24,27,38,18,82,101705,23,26,35,,,,,,,17,82,101631,22,25,34,18,82,101625,20,23,31,16,82,101787,20,23,32,18,82,101805,18,20,27,18,82,101791,21,24,33,17,82,101870,20,23,31,18,82,101803,22,24,33,17,82,101642,24,28,39,17,82,101718,22,25,34,17,82,101641,22,25,32,18,82,101756,24,28,41,19,82,101699,21,23,26,17,82,101682,25,28,40,18,82,101995,21,24,33,17,82,101757,27,31,45,17,82,101719,21,24,34,17,82,101913,26,29,45,,,,,,,,,,,,,,,,,,,17,82,101767,22,26,39
2017-05-05T13:00:00,,,,,,,19,82,101696,21,21,30,,,,,,,,,101619,26,28,40,18,82,101636,20,23,31,19,80,101659,19,22,29,18,82,101663,21,24,32,,,101657,21,24,32,18,82,101673,22,25,33,20,82,101612,20,22,31,18,82,,23,26,41,18,82,101712,22,25,34,,,,,,,18,82,,20,23,30,19,82,,22,24,35,19,82,,20,23,31,18,82,,21,24,32,17,82,,21,24,33,20,82,,19,22,32,20,82,,21,23,34,,,,,,,18,82,101752,21,23,31,18,82,101660,22,24,32,18,57,101560,20,23,31,18,82,101720,20,24,32,19,82,,17,19,25,18,82,,23,26,37,17,82,101877,26,28,38,19,82,,18,21,27,18,82,101717,20,24,33,17,82,101741,21,24,33,17,82,101720,21,24,34,18,82,101556,22,25,33,18,82,101671,21,24,32,,,,,,,18,82,101612,20,22,30,18,82,101602,19,22,28,17,82,101758,19,21,29,22,82,101762,14,16,21,19,82,101768,20,22,30,18,82,101858,19,21,27,20,82,101759,17,19,26,17,82,101609,22,25,35,18,82,101681,20,23,30,18,82,101623,21,23,29,19,82,101737,21,25,35,21,82,101689,18,18,20,18,82,101665,22,25,34,19,82,101966,17,19,26,18,82,101739,23,26,37,18,82,101699,20,23,31,18,82,101889,24,27,42,,,,,,,,,,,,,,,,,,,18,82,101743,21,24,35
2017-05-05T14:00:00,,,,,,,20,76,101687,16,16,22,,,,,,,,,101601,21,23,29,19,76,101627,18,20,26,20,71,101639,14,16,20,18,76,101646,16,18,24,,,101633,16,18,23,18,76,101650,15,17,21,21,76,101595,15,16,21,19,76,,19,20,30,18,76,101712,18,20,26,,,,,,,19,76,,15,16,21,21,76,,17,19,25,20,76,,16,17,22,18,76,,18,20,26,18,76,,15,17,22,22,76,,14,15,21,22,76,,16,18,24,,,,,,,19,76,101734,14,16,21,18,76,101632,17,18,23,19,51,101545,16,18,23,19,76,101711,18,20,26,21,76,,13,14,18,18,76,,19,21,28,18,76,101853,20,21,26,19,76,,15,17,22,19,76,101694,16,19,24,,,,,,,18,76,101711,18,20,27,18,76,101541,17,19,24,19,76,101656,18,20,26,,,,,,,18,76,101590,14,15,20,19,76,101580,13,14,19,18,76,101741,16,18,24,22,74,101750,11,12,15,20,76,101753,15,17,22,18,76,101829,13,14,18,21,76,101754,15,16,20,18,76,101595,17,19,25,19,76,101667,16,18,24,19,76,101605,15,16,19,20,76,101715,17,19,26,22,76,101667,13,13,14,18,76,101642,17,18,23,23,76,101957,13,13,16,18,76,101716,16,18,24,19,76,101678,15,16,22,18,74,101869,20,23,32,,,,,,,,,,,,,,,,,,,19,74,101729,16,18,24
2017-05-05T15:00:00,,,,,,,18,79,101664,19,19,28,,,,,,,,,101583,23,25,32,18,79,101602,19,21,28,18,76,101618,15,17,23,18,79,101627,19,21,29,,,101617,18,20,27,18,79,101632,17,19,25,19,79,101567,17,19,25,18,79,,20,23,34,17,79,101697,19,21,28,18,79,,19,21,26,18,79,,17,20,25,20,79,,19,21,28,20,79,,18,20,26,18,79,,19,21,27,17,79,,16,18,24,20,79,,16,18,24,20,79,,18,20,27,,,,,,,18,79,101715,16,18,24,18,79,101618,17,19,23,18,54,101521,18,21,27,18,79,101684,19,22,30,19,79,,16,17,22,18,79,,20,23,31,17,79,101843,22,23,29,18,79,,17,20,26,18,79,101675,17,21,28,17,79,101708,18,20,28,17,79,101686,19,22,31,18,79,101523,18,20,27,18,79,101633,20,22,30,,,,,,,17,79,101574,15,17,23,18,79,101562,15,16,22,17,79,101718,19,22,30,22,77,101738,14,15,20,18,79,101737,18,20,26,17,79,101817,13,14,18,21,79,101728,15,17,22,17,79,101577,20,22,30,18,79,101648,20,22,30,18,79,101589,17,18,21,18,79,101704,18,21,28,20,79,101654,15,15,16,17,79,101630,18,20,26,,,101940,14,13,18,17,79,101703,17,19,25,18,79,101663,16,18,24,18,79,101851,21,24,35,,,,,,,,,,,,,,,,,,,18,78,101712,17,19,26
2017-05-05T16:00:00,,,,,,,18,75,101657,19,19,27,,,,,,,,,101577,20,22,29,18,75,101600,17,19,26,18,73,101608,16,19,24,17,75,101620,17,18,25,,,101611,18,20,27,17,75,101625,16,19,24,18,75,101558,17,19,26,18,75,,18,20,29,18,75,101680,19,21,28,,,,,,,18,75,,16,18,24,19,75,,18,20,26,18,75,,17,19,26,18,75,,18,20,26,17,75,,15,18,24,20,75,,16,18,24,18,75,,19,20,28,,,,,,,18,75,101710,15,17,22,18,75,101612,18,20,26,18,50,101512,15,17,23,19,75,101680,17,19,25,19,75,,14,16,21,18,75,,19,21,28,17,75,101834,22,23,29,18,75,,15,17,22,18,75,101668,17,20,27,17,75,101704,15,18,25,17,75,101677,18,21,29,18,75,101512,18,21,28,18,75,101628,17,18,24,,,,,,,17,75,101568,15,17,23,18,75,101555,16,18,24,17,75,101714,15,18,24,20,75,101736,11,13,17,18,75,101736,17,19,25,17,75,101809,15,17,23,20,75,101734,15,16,21,17,75,101572,17,20,27,18,75,101639,16,18,24,18,75,101584,17,18,22,17,75,101702,19,22,29,19,75,101641,18,18,21,17,75,101625,18,20,27,,,101933,13,12,17,17,75,101694,18,21,28,18,75,101658,16,17,24,18,74,101849,20,22,30,,,,,,,,,,,,,,,,,,,17,74,101707,17,20,28
2017-05-05T17:00:00,,,,,,,17,79,101633,21,21,30,,,,,,,,,101560,22,23,31,18,79,101574,18,20,27,17,79,101586,17,19,25,17,79,101598,20,22,29,,,101595,20,22,29,16,79,101604,17,19,25,17,79,101537,17,19,26,17,79,,18,21,30,17,79,101660,21,23,31,,,,,,,17,79,,18,20,26,18,79,,20,22,30,17,79,,20,22,29,17,79,,18,20,26,16,79,,19,22,29,18,79,,16,18,25,17,79,,20,23,31,,,,,,,17,79,101693,16,19,25,17,79,101595,19,21,27,17,54,101486,17,20,26,17,79,101670,18,20,26,17,79,,17,19,25,17,79,,20,22,30,16,79,101819,23,25,32,17,79,,17,19,24,17,79,101651,19,22,30,,,,,,,17,79,101655,19,22,32,17,79,101494,20,22,30,17,79,101605,17,19,25,,,,,,,16,79,101550,15,17,23,17,79,101536,16,18,24,16,79,101697,18,21,28,17,79,101722,15,17,22,17,79,101725,17,18,24,16,79,101796,14,16,21,17,79,101717,18,20,27,17,79,101554,19,22,30,17,79,101617,19,21,29,17,79,101575,17,19,23,16,79,101688,19,22,29,17,79,101625,16,16,18,16,79,101608,19,21,27,,,101911,15,16,21,17,79,101677,17,20,26,17,79,101642,15,18,23,17,79,101831,21,24,34,,,,,,,,,,,,,,,,,,,17,79,101690,19,22,31
2017-05-05T18:00:00,,,,,,,16,82,101657,23,24,35,,,,,,,,,101582,25,27,37,17,82,101599,15,17,22,16,82,101614,20,24,33,16,82,101624,23,27,38,,,101621,23,26,36,16,82,101630,21,24,32,16,82,101563,21,24,33,16,82,,21,24,35,16,82,101680,25,29,40,,,,,,,16,82,,22,25,34,17,82,,25,28,40,16,82,,23,26,37,16,82,,22,25,34,16,82,,20,22,30,17,82,,21,23,33,16,82,,26,29,42,,,,,,,16,82,101717,21,24,32,16,82,101620,19,22,28,16,57,101510,23,28,38,16,82,101695,20,22,29,16,82,,23,27,37,16,82,,23,27,38,15,82,101841,25,28,36,16,82,,20,23,30,17,82,101681,20,24,33,,,,,,,16,82,101675,23,27,38,16,82,101511,28,33,48,16,82,101629,24,27,38,,,,,,,16,82,101572,19,22,30,16,82,101561,21,24,33,16,82,101719,23,27,38,16,82,101746,19,21,30,16,82,101740,21,23,30,15,82,101820,17,19,25,16,82,101735,20,24,33,16,82,101578,24,27,38,16,82,101643,21,24,32,16,82,101591,24,27,37,15,82,101716,20,24,33,16,82,101647,17,18,20,16,82,101634,21,23,31,16,82,101927,18,20,27,16,82,101700,20,23,30,16,82,101666,16,18,24,16,82,101855,24,27,41,,,,,,,,,,,,,,,,,,,16,82,101715,26,31,48
2017-05-05T19:00:00,,,,,,,15,86,101659,27,29,44,,,,,,,,,101589,27,30,43,16,86,101602,17,19,25,16,86,101624,24,28,41,16,86,101630,25,28,41,,,101630,25,29,40,15,86,101642,25,30,42,16,86,101572,25,28,41,16,86,,24,28,44,16,86,101681,28,33,47,,,,,,,15,86,,24,28,39,16,86,,26,30,43,16,86,,25,30,42,15,86,,27,31,44,16,86,,22,25,34,16,86,,24,27,41,16,86,,31,35,51,,,,,,,16,86,101725,25,29,40,15,86,101632,22,25,33,16,61,101517,27,31,45,16,86,101699,22,25,33,16,86,,23,26,36,16,86,,25,29,41,15,86,101850,30,33,46,16,86,,27,30,43,16,86,101689,23,27,39,15,86,101701,27,31,45,16,86,101680,27,31,45,16,86,101522,27,31,44,16,86,101633,24,28,39,,,,,,,15,86,101583,23,26,37,16,86,101576,25,29,42,15,86,101727,25,30,43,16,86,101736,21,25,35,16,86,101752,24,27,39,15,86,101837,21,25,34,15,86,101735,23,27,38,15,86,101583,30,35,51,16,86,101649,23,27,38,15,86,101608,24,26,35,15,86,101726,23,27,39,15,86,101661,21,23,28,15,86,101648,26,29,41,16,86,101931,26,30,43,15,86,101714,24,28,39,15,86,101672,23,26,36,16,86,101861,29,33,51,,,,,,,,,,,,,,,,,,,15,86,101727,26,30,47
2017-05-05T20:00:00,,,,,,,15,86,101632,28,30,46,,,,,,,,,101562,29,32,46,16,86,101573,23,27,37,16,86,101593,24,28,40,16,86,101608,27,31,45,,,101602,28,32,47,15,86,101613,27,32,45,16,86,101544,27,31,45,16,86,,23,27,42,16,86,101667,27,31,44,,,,,,,15,86,,25,29,41,16,86,,25,28,40,15,86,,27,31,45,15,86,,26,30,43,16,86,,24,28,39,16,86,,25,29,44,16,86,,29,32,47,,,,,,,16,86,101699,27,31,44,15,86,101600,27,31,45,16,61,101492,25,29,41,16,86,101680,23,27,38,15,86,,24,28,38,16,86,,28,32,46,15,86,101816,44,47,67,15,86,,24,28,39,16,86,101661,25,30,43,15,86,101686,26,30,43,15,86,101658,27,31,46,15,86,101498,29,33,48,16,86,101612,24,28,39,,,,,,,15,86,101550,24,27,39,16,86,101547,27,31,46,15,86,101713,29,33,49,15,86,101721,22,26,36,16,86,101724,27,30,44,15,86,101806,27,31,45,15,86,101716,23,27,38,15,86,101559,29,33,48,16,86,101628,25,29,41,15,86,101572,24,27,37,15,86,101699,25,29,41,16,86,101627,30,34,45,15,86,101612,28,32,46,16,86,101903,24,27,39,15,86,101683,30,36,52,15,86,101641,24,27,37,16,86,101838,27,31,49,,,,,,,,,,,,,,,,,,,15,86,101699,26,31,49
2017-05-05T21:00:00,,,,,,,14,90,101603,27,29,42,,,,,,,,,101533,27,31,43,16,90,101538,23,27,37,15,90,101565,22,26,36,15,90,101575,23,26,37,,,101574,24,28,40,14,90,101585,25,29,41,15,90,101519,23,26,37,15,90,,23,27,41,15,90,101641,24,28,38,,,,,,,14,90,,22,25,34,15,90,,23,26,37,15,90,,25,30,42,15,90,,24,28,40,15,90,,22,25,33,15,90,,24,27,40,15,90,,26,29,42,,,,,,,15,90,101673,24,28,37,14,90,101576,26,31,44,15,65,101458,20,23,31,15,90,101655,23,27,37,15,90,,22,25,33,15,90,,24,27,39,14,90,101798,30,34,47,15,90,,21,24,32,16,90,101633,23,27,38,15,90,101665,22,26,36,15,90,101633,22,25,36,15,90,101472,24,27,37,15,90,101579,22,24,33,,,,,,,15,90,101523,23,26,36,15,90,101517,23,27,37,14,90,101701,26,31,45,15,90,101685,17,19,25,15,90,101700,25,28,40,14,90,101782,23,27,38,14,90,101687,17,19,25,15,90,101530,23,26,37,15,90,101590,20,23,32,15,90,101559,23,27,36,14,90,101677,24,28,40,15,90,101612,25,28,35,14,90,101593,25,28,40,15,90,101873,21,24,33,15,90,101665,29,34,48,15,90,101620,19,22,30,15,90,101816,25,28,44,,,,,,,,,,,,,,,,,,,15,90,101671,27,32,51
2017-05-05T22:00:00,,,,,,,14,94,101557,25,26,37,,,,,,,,,101488,26,29,39,16,94,101504,19,21,28,15,94,101521,19,23,30,15,94,101530,20,23,30,,,101531,21,24,33,14,94,101540,23,26,36,15,94,101474,22,24,34,15,94,,21,23,34,15,94,101609,19,22,28,,,,,,,14,94,,19,22,28,15,94,,21,24,33,15,94,,22,25,34,14,94,,24,27,38,15,94,,15,18,24,15,94,,22,25,35,15,94,,22,24,34,,,,,,,15,94,101633,19,22,28,14,94,101532,24,28,38,15,69,101416,21,24,32,15,94,101618,20,22,29,15,94,,21,24,31,15,94,,23,25,36,14,94,101755,28,32,44,15,94,,19,22,29,15,94,101587,20,23,31,15,94,101638,18,20,27,15,94,101591,21,23,33,15,94,101431,20,23,30,15,94,101537,21,24,32,,,,,,,15,94,101482,19,23,31,15,94,101470,19,22,30,14,94,101661,24,28,39,15,94,101649,18,21,28,15,94,101660,22,26,35,15,94,101744,23,26,37,15,94,101643,19,21,28,15,94,101487,20,23,31,15,94,101547,20,23,31,15,94,101514,21,24,31,14,94,101638,23,26,38,15,94,101571,24,27,35,15,94,101555,24,28,38,15,94,101828,19,21,29,15,94,101625,23,26,36,15,94,101578,19,21,29,15,94,101778,23,26,40,,,,,,,,,,,,,,,,,,,14,94,101627,21,25,37
2017-05-05T23:00:00,,,,,,,14,94,101517,27,30,44,,,,,,,,,101443,28,31,45,15,94,101466,19,22,30,14,94,101484,20,24,33,14,94,101493,23,26,37,,,101490,21,25,33,14,94,101503,23,27,36,14,94,101434,21,23,32,14,94,,25,29,46,14,94,101562,24,27,39,,,,,,,14,94,,22,26,34,14,94,,22,26,36,14,94,,23,27,37,14,94,,24,27,38,14,94,,21,24,34,14,94,,23,26,37,14,94,,25,28,40,,,,,,,14,94,101592,21,24,31,14,94,101491,23,27,37,14,69,101378,23,27,38,14,94,101572,23,26,35,14,94,,21,24,32,15,94,,24,27,39,13,94,101714,32,36,52,14,94,,25,29,41,15,94,101550,22,26,36,,,,,,,14,94,101555,24,27,40,14,94,101392,24,28,39,14,94,101496,26,29,42,,,,,,,14,94,101442,21,24,33,14,94,101437,20,22,30,13,94,101621,27,32,47,14,94,101606,21,24,32,14,94,101621,22,25,34,14,94,101703,24,29,41,14,94,101601,22,26,37,14,94,101449,24,27,38,14,94,101510,24,28,41,14,94,101471,26,30,41,14,94,101598,24,28,40,14,94,101528,27,30,40,14,94,101516,31,35,52,14,94,101789,21,24,34,14,94,101583,29,34,49,14,94,101537,22,25,35,14,94,101738,23,27,42,,,,,,,,,,,,,,,,,,,14,94,101588,23,28,43
2017-05-06T00:00:00,,,,,,,14,100,101488,29,32,50,,,,,,,,,101414,30,34,49,15,100,101441,21,24,34,14,100,101454,22,25,36,14,100,101463,26,29,43,,,101460,23,26,37,14,100,101471,25,29,41,14,100,101404,22,25,35,15,100,,24,27,44,14,100,101532,24,28,40,,,,,,,14,100,,25,29,40,14,100,,26,30,45,14,100,,24,29,40,14,100,,24,28,40,14,100,,22,26,36,14,100,,27,32,48,14,100,,27,30,44,,,,,,,14,100,101564,22,26,35,14,100,101460,25,30,41,14,75,101354,26,30,43,14,100,101552,25,30,43,14,100,,23,27,37,15,100,,26,30,44,13,100,101683,38,43,63,14,100,,25,29,43,15,100,101521,24,28,40,,,,,,,14,100,101521,26,30,44,14,100,101361,25,29,41,15,100,101474,28,32,46,,,,,,,14,100,101413,23,27,38,15,100,101405,21,25,33,13,100,101587,29,34,51,14,100,101580,22,25,35,14,100,101591,27,30,43,14,100,101672,21,25,34,14,100,101573,23,28,40,14,100,101418,26,30,43,14,100,101485,26,30,44,14,100,101441,25,29,40,14,100,101569,26,31,46,14,100,101496,26,30,38,14,100,101486,33,38,56,14,100,101762,23,27,37,14,100,101554,28,33,48,14,100,101508,29,34,50,14,100,101708,26,30,47,,,,,,,,,,,,,,,,,,,14,100,101560,25,31,48
2017-05-06T01:00:00,,,,,,,14,100,101471,30,33,52,,,,,,,,,101400,32,36,53,15,100,101423,22,26,37,14,100,101439,23,27,38,14,100,101448,26,30,43,,,101443,24,27,39,14,100,101457,25,29,42,14,100,101389,24,27,38,15,100,,26,30,49,14,100,101518,25,29,42,,,,,,,14,100,,25,30,41,15,100,,31,36,54,14,100,,26,30,43,14,100,,29,34,49,14,100,,22,25,34,14,100,,28,32,49,14,100,,27,31,44,,,,,,,14,100,101547,24,29,40,14,100,101444,24,29,41,14,75,101337,26,31,44,14,100,101536,26,30,44,14,100,,24,28,40,15,100,,27,31,46,13,100,101669,34,39,57,14,100,,26,31,45,15,100,101507,24,29,41,,,,,,,14,100,101509,26,30,44,14,100,101345,24,28,39,15,100,101460,28,32,47,,,,,,,14,100,101397,24,28,40,15,100,101390,23,27,37,13,100,101573,29,34,51,14,100,101570,22,25,35,14,100,101574,27,31,45,14,100,101654,21,24,32,14,100,101559,23,28,40,14,100,101403,26,30,44,14,100,101470,26,30,43,14,100,101425,24,28,38,14,100,101554,26,31,45,14,100,101476,24,27,35,14,100,101470,30,36,52,14,100,101747,25,30,44,14,100,101536,26,30,45,14,100,101495,27,31,46,14,100,101694,27,32,51,,,,,,,,,,,,,,,,,,,14,100,101546,25,30,48
2017-05-06T02:00:00,,,,,,,14,100,101456,31,34,53,,,,,,,,,101383,32,36,54,15,100,101408,23,26,37,14,100,101423,23,27,39,14,100,101435,27,31,45,,,101427,24,28,41,14,100,101443,26,30,44,14,100,101374,24,28,40,15,100,,27,31,50,14,100,101502,26,30,43,,,,,,,14,100,,26,30,43,15,100,,32,37,56,14,100,,26,30,44,14,100,,30,35,51,14,100,,23,27,38,14,100,,27,31,47,14,100,,27,31,45,,,,,,,14,100,101533,25,29,40,14,100,101426,25,30,43,14,75,101323,26,31,45,14,100,101520,25,29,42,14,100,,24,28,39,15,100,,28,32,47,13,100,101654,33,39,56,14,100,,26,31,44,15,100,101491,24,29,41,,,,,,,14,100,101489,27,31,46,14,100,101329,23,27,37,15,100,101445,28,32,47,,,,,,,14,100,101384,25,29,42,15,100,101374,23,27,39,13,100,101556,29,34,51,14,100,101550,22,26,37,14,100,101559,27,31,45,14,100,101640,21,24,33,14,100,101542,23,28,40,14,100,101388,27,31,46,14,100,101452,26,30,44,14,100,101410,23,27,36,14,100,101540,27,32,47,14,100,101459,22,25,31,14,100,101451,30,35,52,14,100,101735,26,31,45,14,100,101519,26,30,44,14,100,101481,27,32,48,14,100,101676,27,32,51,,,,,,,,,,,,,,,,,,,14,100,101531,25,31,48
2017-05-06T03:00:00,,,,,,,14,100,101443,32,35,56,,,,,,,,,101371,34,38,57,15,100,101396,21,24,33,14,100,101412,24,28,41,14,100,101422,27,31,46,,,101418,25,29,42,14,100,101431,26,31,45,14,100,101364,26,29,43,15,100,,28,33,54,14,100,101490,26,31,44,,,,,,,14,100,,26,31,44,15,100,,32,38,57,14,100,,25,30,44,14,100,,30,35,52,15,100,,23,27,37,14,100,,27,31,48,14,100,,28,32,46,,,,,,,14,100,101520,25,29,42,14,100,101418,26,31,45,14,75,101313,26,31,45,14,100,101508,25,29,42,14,100,,25,30,42,15,100,,28,33,49,13,100,101645,35,41,60,14,100,,25,30,43,15,100,101480,24,29,42,,,,,,,14,100,101477,27,32,47,14,100,101317,24,28,40,15,100,101431,28,33,47,,,,,,,14,100,101371,25,30,43,15,100,101363,24,28,40,14,100,101542,29,34,51,14,100,101540,22,26,37,14,100,101549,28,31,46,14,100,101630,21,24,32,14,100,101529,24,29,41,14,100,101375,34,39,57,14,100,101438,27,31,46,14,100,101400,23,26,35,14,100,101529,29,34,51,14,100,101452,22,24,30,14,100,101443,30,35,52,14,100,101724,28,33,49,14,100,101508,30,36,54,14,100,101472,29,34,51,14,100,101663,27,33,52,,,,,,,,,,,,,,,,,,,14,100,101522,25,31,49
2017-05-06T04:00:00,,,,,,,13,100,101448,32,36,57,,,,,,,,,101379,33,37,56,15,100,101402,27,32,46,15,100,101415,25,29,42,14,100,101429,28,33,48,,,101422,25,29,42,14,100,101436,25,30,43,14,100,101370,25,29,42,15,100,,28,34,55,14,100,101492,27,31,45,,,,,,,14,100,,27,32,45,15,100,,31,37,56,14,100,,25,30,43,14,100,,29,35,51,15,100,,22,26,36,14,100,,26,31,46,14,100,,28,32,48,,,,,,,14,100,101528,25,29,41,14,100,101423,28,33,48,15,75,101323,28,33,48,14,100,101513,28,32,47,14,100,,26,31,45,15,100,,28,33,48,13,100,101652,36,41,61,14,100,,27,32,46,15,100,101485,24,29,42,,,,,,,14,100,101477,30,34,51,14,100,101322,24,28,39,15,100,101439,30,35,51,,,,,,,14,100,101378,22,26,37,15,100,101368,25,29,42,14,100,101549,30,36,53,14,100,101551,24,28,40,14,100,101554,27,31,45,14,100,101634,20,24,32,14,100,101537,24,29,42,14,100,101381,29,34,50,14,100,101448,28,32,48,14,100,101405,23,26,34,14,100,101537,30,35,52,14,100,101457,26,30,40,14,100,101450,31,37,54,14,100,101732,27,32,47,14,100,101517,32,38,57,14,100,101480,30,35,53,14,100,101671,27,32,51,,,,,,,,,,,,,,,,,,,14,100,101524,25,31,49
2017-05-06T05:00:00,,,,,,,13,100,101457,32,35,56,,,,,,,,,101391,32,36,54,15,100,101415,27,33,48,15,100,101423,22,26,38,14,100,101436,28,32,48,,,101429,23,27,40,14,100,101444,26,31,44,14,100,101378,26,30,45,15,100,,28,33,54,15,100,101495,26,30,43,,,,,,,14,100,,26,31,44,15,100,,32,37,57,14,100,,26,31,44,14,100,,29,35,51,15,100,,22,27,37,14,100,,30,35,53,14,100,,27,31,45,,,,,,,14,100,101538,25,29,40,14,100,101431,25,29,42,15,75,101333,28,34,49,14,100,101522,28,33,48,14,100,,25,29,43,14,100,,28,32,48,13,100,101669,36,42,62,14,100,,28,33,48,15,100,101495,24,29,41,,,,,,,15,100,101487,26,31,46,15,100,101324,24,28,40,15,100,101450,30,35,52,,,,,,,14,100,101386,25,30,43,15,100,101378,23,27,39,13,100,101556,28,34,51,14,100,101558,22,27,39,14,100,101563,28,32,47,14,100,101648,25,29,41,14,100,101540,24,29,42,14,100,101387,28,32,49,14,100,101455,27,32,48,14,100,101415,27,31,43,14,100,101549,30,36,54,14,100,101472,30,35,48,14,100,101468,32,37,55,14,100,101743,26,31,46,14,100,101534,32,38,58,14,100,101497,30,35,52,14,100,101682,27,33,53,,,,,,,,,,,,,,,,,,,14,100,101532,24,29,47
2017-05-06T06:00:00,,,,,,,14,97,101498,37,42,68,,,,,,,,,101432,37,42,64,16,97,101452,29,35,51,15,97,101464,25,30,43,15,97,101479,29,34,50,,,101469,27,32,48,15,97,101492,30,36,53,15,97,101420,30,36,54,15,97,,30,35,57,14,97,101544,28,33,48,,,,,,,14,97,,30,35,51,15,97,,35,41,63,14,97,,30,36,53,14,97,,32,38,56,15,97,,26,31,45,15,97,,37,43,67,15,97,,28,33,48,,,,,,,15,97,101577,30,35,51,14,97,101473,29,35,52,15,72,101379,30,35,52,15,97,101556,32,38,56,14,97,,29,35,51,15,97,,34,39,59,14,97,101706,40,47,70,15,97,,28,34,50,15,97,101540,29,35,51,,,,,,,15,97,101531,28,33,49,15,97,101367,27,32,46,15,97,101494,31,37,54,,,,,,,14,97,101424,30,35,52,15,97,101424,28,33,50,14,97,101595,32,38,58,14,97,101597,25,29,42,14,97,101602,34,40,59,14,97,101690,30,36,54,15,97,101584,25,30,43,14,97,101429,30,35,53,14,97,101500,29,35,52,15,97,101452,32,37,52,14,97,101589,32,38,57,15,97,101513,31,37,51,14,97,101506,35,41,61,14,97,101784,29,35,51,15,97,101573,33,40,60,14,97,101533,32,38,57,15,97,101716,31,38,62,,,,,,,,,,,,,,,,,,,14,97,101573,28,34,56
2017-05-06T07:00:00,,,,,,,14,94,101493,37,42,67,,,,,,,,,101430,37,42,64,16,94,101441,29,34,50,16,94,101460,27,32,47,15,94,101477,29,34,51,,,101465,30,36,54,15,94,101493,31,37,55,15,94,101420,31,36,54,16,94,,31,36,59,16,94,101524,29,34,49,,,,,,,15,94,,30,36,52,16,94,,36,43,65,15,94,,31,37,55,15,94,,32,38,56,15,94,,26,30,43,15,94,,37,43,67,15,94,,31,36,53,,,,,,,16,94,101572,31,36,54,15,94,101473,31,37,55,16,69,101374,29,34,50,15,94,101548,30,36,54,15,94,,30,36,52,15,94,,33,38,59,14,94,101701,40,46,69,16,94,,28,32,48,16,94,101539,30,37,55,,,,,,,16,94,101517,28,33,50,16,94,101359,27,32,46,16,94,101488,31,36,53,,,,,,,15,94,101422,30,36,54,16,94,101420,29,34,51,14,94,101582,34,41,62,15,94,101588,27,31,44,15,94,101590,34,39,60,15,94,101688,28,34,51,15,94,101572,25,30,44,15,94,101423,31,36,55,15,94,101493,29,35,52,15,94,101445,31,36,52,15,94,101581,32,38,57,15,94,101508,30,36,49,15,94,101501,34,40,60,15,94,101779,28,34,50,15,94,101566,33,39,60,15,94,101528,32,38,58,15,94,101704,31,38,62,,,,,,,,,,,,,,,,,,,14,94,101563,28,35,56
2017-05-06T08:00:00,,,,,,,15,92,101491,35,39,63,,,,,,,,,101428,36,42,63,16,92,101443,27,31,45,16,92,101456,26,31,46,16,92,101476,30,35,53,,,101460,29,35,51,16,92,101489,28,34,49,16,92,101416,29,34,51,16,92,,31,36,60,16,92,101514,30,35,52,,,,,,,16,92,,30,36,52,16,92,,32,37,56,16,92,,30,36,54,15,92,,29,34,49,16,92,,26,30,44,16,92,,33,38,59,16,92,,31,35,53,,,,,,,16,92,101568,29,35,51,16,92,101469,29,35,52,17,67,101373,28,33,49,16,92,101540,30,36,53,16,92,,29,34,50,16,92,,32,38,58,15,92,101693,36,42,62,16,92,,27,33,49,16,92,101536,30,36,54,,,,,,,16,92,101516,30,34,52,16,92,101353,28,32,47,16,92,101485,31,37,54,,,,,,,15,92,101419,29,34,50,17,92,101414,27,32,48,15,92,101575,33,40,60,16,92,101587,27,32,47,16,92,101588,30,36,53,16,92,101683,29,34,51,16,92,101570,26,31,44,16,92,101419,31,36,54,15,92,101494,30,36,53,16,92,101447,28,33,47,15,92,101574,31,37,56,16,92,101499,28,33,44,15,92,101498,31,37,54,16,92,101779,28,34,51,16,92,101564,33,39,59,15,92,101525,28,33,49,16,92,101696,30,36,59,,,,,,,,,,,,,,,,,,,15,92,101553,28,35,58
2017-05-06T09:00:00,,,,,,,15,94,101483,33,37,60,,,,,,,,,101420,35,40,60,16,94,101414,24,28,40,16,94,101459,24,29,41,16,94,101462,27,31,46,,,101457,27,33,49,16,94,101481,26,31,45,15,94,101409,27,31,45,16,94,,28,33,54,16,94,101512,28,33,48,,,,,,,15,94,,28,33,48,16,94,,29,34,51,16,94,,29,35,51,15,94,,27,32,47,,,,,,,16,94,,29,33,51,16,94,,29,33,49,,,,,,,16,94,101557,29,33,48,15,94,101469,28,33,49,17,69,101360,27,32,47,16,94,101523,31,36,54,15,94,,27,33,48,16,94,,31,37,56,14,94,101685,32,37,54,17,94,,25,30,44,16,94,101524,34,41,59,,,,,,,16,94,101498,27,31,47,16,94,101344,28,33,48,16,94,101470,30,35,51,,,,,,,15,94,101413,26,31,45,17,94,101411,25,30,44,15,94,101557,30,36,54,16,94,101571,26,31,45,15,94,101583,29,34,50,15,94,101684,26,31,46,16,94,101549,24,29,42,15,94,101410,28,33,49,15,94,101478,29,35,52,16,94,101443,27,31,44,15,94,101563,28,34,50,15,94,101499,26,30,40,15,94,101488,29,33,49,15,94,101763,25,30,44,15,94,101559,30,35,53,15,94,101511,27,31,46,16,94,101683,29,35,57,,,,,,,,,,,,,,,,,,,15,94,101554,27,34,54
2017-05-06T10:00:00,,,,,,,15,92,101484,31,35,56,,,,,,,,,101420,30,34,51,16,92,101402,23,27,38,16,92,101458,25,30,43,16,92,101459,25,29,43,,,101460,27,33,48,16,92,101477,27,32,47,16,92,101409,27,32,47,16,92,,27,31,50,17,92,101499,26,31,45,,,,,,,16,92,,26,31,45,16,92,,28,32,47,16,92,,27,32,47,15,92,,26,30,43,,,,,,,16,92,,29,34,53,16,92,,30,34,52,,,,,,,16,92,101559,26,31,45,15,92,101464,29,35,52,18,67,101358,24,28,40,16,92,101526,27,32,47,15,92,,25,31,44,16,92,,29,33,50,15,92,101679,30,34,48,18,92,,22,26,37,16,92,101524,33,39,56,,,,,,,16,92,101498,25,29,44,16,92,101351,27,32,47,16,92,101462,27,32,46,,,,,,,16,92,101412,26,31,45,17,92,101414,25,30,44,15,92,101548,28,33,50,16,92,101563,23,26,37,16,92,101576,27,31,46,15,92,101681,27,33,48,15,92,101547,22,26,37,16,92,101411,27,31,46,15,92,101471,26,30,44,16,92,101435,27,32,44,16,92,101552,25,29,43,16,92,101495,27,31,42,15,92,101480,27,31,45,15,92,101758,23,28,40,15,92,101550,33,39,57,15,92,101500,25,28,41,15,92,101687,28,34,54,,,,,,,,,,,,,,,,,,,15,92,101556,27,34,55
2017-05-06T11:00:00,,,,,,,16,90,101446,31,35,56,,,,,,,,,101381,31,36,53,17,90,101372,23,27,40,17,90,101424,24,29,42,17,90,101423,27,32,48,,,101425,26,32,48,16,90,101440,27,33,48,17,90,101376,26,31,46,17,90,,27,32,51,18,90,101455,26,31,46,17,90,,27,32,47,16,90,,27,33,48,17,90,,29,34,50,17,90,,26,32,47,16,90,,26,30,44,16,90,,28,32,48,17,90,,30,35,54,16,90,,29,34,52,,,,,,,17,90,101517,27,32,46,16,90,101433,29,35,52,18,65,101309,25,29,43,16,90,101482,28,34,50,16,90,,26,31,46,17,90,,28,33,50,16,90,101642,30,35,50,20,90,,22,26,38,17,90,101486,29,34,51,16,90,101490,27,33,48,17,90,101466,27,32,48,16,90,101319,28,32,48,17,90,101417,28,33,47,,,,,,,17,90,101381,26,30,45,17,90,101370,26,31,45,16,90,101508,28,33,50,18,90,101528,23,27,39,17,90,101532,27,32,48,16,90,101650,25,31,46,16,90,101509,23,27,39,16,90,101376,27,33,49,17,90,101431,27,32,47,17,90,101398,26,31,43,18,90,101504,23,27,40,17,90,101464,26,31,41,16,90,101441,28,33,49,16,90,101716,22,27,39,16,90,101513,29,35,52,16,90,101456,26,30,45,16,90,101645,29,35,57,,,,,,,,,,,,,,,,,,,16,90,101517,26,33,54
2017-05-06T12:00:00,,,,,,,16,90,101402,31,35,56,,,,,,,,,101330,30,35,52,17,90,101319,23,28,40,17,90,101372,23,28,40,17,90,101368,26,30,44,,,101372,26,31,46,16,90,101391,28,33,49,17,90,101331,25,30,44,17,90,,26,31,51,18,90,101403,25,29,42,,,,,,,17,90,,26,31,44,17,90,,29,34,51,17,90,,26,32,47,16,90,,26,31,45,17,90,,25,29,42,17,90,,28,33,51,17,90,,28,33,48,,,,,,,17,90,101469,26,31,45,16,90,101382,28,34,51,18,65,101260,24,29,41,16,90,101433,27,32,47,17,90,,25,30,44,17,90,,29,34,52,16,90,101604,30,34,49,19,90,,22,27,39,17,90,101438,30,36,53,16,90,101442,26,31,46,17,90,101410,26,30,46,16,90,101267,27,32,46,17,90,101369,27,32,47,,,,,,,16,90,101334,25,30,45,17,90,101325,26,31,46,16,90,101455,27,32,48,18,90,101476,23,26,38,17,90,101491,26,31,45,16,90,101602,24,29,42,16,90,101459,22,26,38,16,90,101320,27,31,47,17,90,101383,26,30,45,17,90,101350,25,29,41,17,90,101464,23,28,41,17,90,101422,26,31,40,16,90,101397,27,32,47,16,90,101674,22,26,39,16,90,101470,27,33,48,16,90,101420,26,30,45,16,90,101597,27,33,54,,,,,,,,,,,,,,,,,,,16,90,101459,25,32,51
2017-05-06T13:00:00,,,,,,,15,88,101351,32,37,60,,,,,,,,,101280,31,36,54,17,88,101285,25,29,43,17,88,101319,23,28,40,16,88,101319,27,32,48,,,101318,25,30,45,16,88,101334,26,31,46,16,88,101270,26,30,45,16,88,,26,31,51,17,88,101367,27,32,46,,,,,,,16,88,,27,32,46,16,88,,29,34,52,16,88,,28,33,49,16,88,,28,33,49,16,88,,26,31,44,17,88,,28,33,50,16,88,,28,33,48,,,,,,,17,88,101415,26,31,45,16,88,101326,28,33,48,17,63,101210,26,31,45,16,88,101387,28,34,49,16,88,,27,32,46,17,88,,29,34,52,15,88,101552,30,35,50,17,88,,25,31,46,17,88,101384,31,37,55,16,88,101390,26,31,46,16,88,101367,28,32,48,16,88,101216,26,31,46,17,88,101324,29,34,49,,,,,,,16,88,101280,25,29,43,17,88,101268,27,32,47,16,88,101413,29,35,53,17,88,101429,24,28,41,16,88,101439,28,32,47,16,88,101543,23,27,40,16,88,101413,23,28,41,16,88,101271,27,32,49,16,88,101330,27,32,48,17,88,101296,28,32,44,16,88,101413,25,30,45,17,88,101358,26,30,40,16,88,101339,27,31,45,16,88,101618,23,28,41,16,88,101413,27,32,47,15,88,101364,25,30,44,16,88,101545,28,34,55,,,,,,,,,,,,,,,,,,,15,88,101412,25,31,50
2017-05-06T14:00:00,,,,,,,15,86,101298,30,34,54,,,,,,,,,101233,30,34,51,17,86,101257,25,29,42,17,86,101267,22,26,37,16,86,101274,26,30,45,,,101265,24,28,41,16,86,101286,25,30,43,16,86,101217,25,29,42,16,86,,26,30,48,16,86,101327,26,31,44,,,,,,,16,86,,25,29,41,16,86,,29,34,51,16,86,,26,31,45,16,86,,27,33,48,16,86,,25,29,42,16,86,,27,32,48,16,86,,27,31,46,,,,,,,17,86,101366,24,28,39,16,86,101271,26,31,44,17,61,101173,25,29,42,16,86,101348,27,31,45,16,86,,25,29,41,17,86,,28,33,49,15,86,101502,33,38,55,16,86,,26,31,45,17,86,101334,32,38,55,16,86,101345,25,29,43,16,86,101323,26,31,46,16,86,101165,25,30,43,17,86,101283,27,32,46,,,,,,,16,86,101229,23,27,40,17,86,101229,24,29,42,16,86,101373,27,32,48,17,86,101390,23,27,40,16,86,101390,27,31,45,16,86,101485,25,29,43,16,86,101377,23,28,40,16,86,101224,25,30,44,16,86,101289,26,31,45,17,86,101240,30,34,47,16,86,101368,26,31,46,16,86,101301,27,32,42,16,86,101290,28,34,49,16,86,101573,23,28,41,16,86,101361,29,35,52,16,86,101316,27,32,48,16,86,101504,27,33,52,,,,,,,,,,,,,,,,,,,16,86,101363,25,31,48
2017-05-06T15:00:00,,,,,,,16,86,101222,30,33,52,,,,,,,,,101159,31,35,51,17,86,101169,23,27,38,17,86,101194,23,28,40,17,86,101204,26,30,45,,,101188,26,31,45,16,86,101213,28,33,48,17,86,101141,26,30,44,17,86,,25,29,47,17,86,101251,28,32,46,,,,,,,16,86,,25,29,41,18,86,,28,32,48,17,86,,27,32,46,16,86,,26,30,43,17,86,,26,31,44,17,86,,28,33,49,17,86,,28,32,47,,,,,,,17,86,101293,26,30,44,16,86,101196,28,33,48,17,61,101100,23,28,40,17,86,101263,25,29,42,17,86,,23,28,40,17,86,,28,33,48,16,86,101431,33,38,55,17,86,,24,28,41,17,86,101260,29,34,50,16,86,101271,26,30,44,17,86,101247,26,30,45,17,86,101087,27,31,45,17,86,101209,26,30,43,,,,,,,16,86,101155,26,30,44,17,86,101144,26,30,43,16,86,101297,26,31,47,18,86,101322,22,25,37,17,86,101316,27,32,47,17,86,101405,27,32,47,18,86,101289,21,24,34,16,86,101154,26,30,45,17,86,101222,26,30,44,17,86,101170,28,32,45,17,86,101293,25,30,44,17,86,101230,29,34,44,16,86,101225,29,34,50,19,86,101510,21,25,35,17,86,101291,39,47,69,17,86,101249,27,31,46,17,86,101425,27,33,52,,,,,,,,,,,,,,,,,,,16,86,101285,26,32,50
2017-05-06T16:00:00,,,,,,,16,82,101222,31,34,55,,,,,,,,,101157,32,37,55,18,82,101171,23,27,38,17,82,101187,24,28,40,17,82,101197,26,30,44,,,101183,27,32,47,17,82,101208,27,32,47,17,82,101135,27,32,47,18,82,,26,30,49,17,82,101245,27,31,45,,,,,,,17,82,,25,30,42,18,82,,29,34,51,17,82,,27,32,47,17,82,,28,33,47,17,82,,25,29,41,18,82,,29,34,52,17,82,,28,32,47,,,,,,,17,82,101286,26,31,45,17,82,101193,28,34,49,18,57,101098,25,29,42,17,82,101258,25,30,43,17,82,,26,30,43,17,82,,30,35,52,16,82,101429,34,39,56,17,82,,24,28,40,18,82,101260,32,38,55,17,82,101261,26,30,44,17,82,101242,25,29,43,17,82,101080,25,29,42,17,82,101208,26,30,44,,,,,,,17,82,101151,27,32,47,18,82,101137,27,31,46,16,82,101293,27,32,47,18,82,101308,21,24,35,17,82,101310,28,33,48,17,82,101399,34,39,56,17,82,101301,21,25,36,17,82,101147,26,30,45,17,82,101217,25,30,44,17,82,101158,29,34,47,17,82,101289,27,32,48,17,82,101220,28,33,43,17,82,101219,29,34,50,18,82,101516,22,26,37,17,82,101288,34,42,61,17,82,101251,29,34,50,17,82,101418,29,34,54,,,,,,,,,,,,,,,,,,,17,82,101281,26,32,50
2017-05-06T17:00:00,,,,,,,16,88,101215,33,38,61,,,,,,,,,101144,36,41,63,17,88,101164,26,30,43,16,88,101183,27,32,46,16,88,101193,28,33,49,,,101182,29,35,51,16,88,101204,29,35,51,16,88,101127,29,34,50,16,88,,27,32,52,16,88,101248,28,33,48,,,,,,,16,88,,28,32,47,17,88,,32,37,55,16,88,,30,36,52,16,88,,31,36,53,16,88,,28,33,48,17,88,,31,36,56,16,88,,31,35,53,,,,,,,16,88,101279,29,34,49,16,88,101193,31,36,54,16,63,101089,30,36,51,16,88,101251,29,34,49,16,88,,27,32,46,17,88,,30,35,53,15,88,101408,36,41,60,16,88,,27,32,46,17,88,101252,30,36,53,16,88,101259,28,33,48,16,88,101243,28,32,48,16,88,101082,29,33,48,16,88,101197,30,35,50,,,,,,,16,88,101143,28,33,49,16,88,101130,32,38,56,15,88,101293,30,36,54,16,88,101318,23,27,38,16,88,101297,30,35,52,16,88,101394,29,35,52,16,88,101299,24,28,40,16,88,101143,29,34,51,16,88,101212,27,32,47,16,88,101152,30,35,49,15,88,101276,29,35,51,16,88,101208,29,34,45,16,88,101197,32,37,55,16,88,101493,27,32,46,16,88,101275,34,39,59,16,88,101229,27,32,47,16,88,101404,31,37,58,,,,,,,,,,,,,,,,,,,16,88,101282,29,36,59
2017-05-06T18:00:00,,,,,,,15,94,101163,36,41,65,,,,,,,,,101104,37,42,64,16,94,101126,30,35,51,16,94,101136,29,35,51,15,94,101151,33,38,57,,,101137,32,38,57,15,94,101158,30,36,53,15,94,101086,31,35,53,16,94,,31,36,60,15,94,101189,40,47,66,,,,,,,15,94,,30,36,53,16,94,,36,41,62,15,94,,34,39,58,15,94,,38,44,63,15,94,,30,35,51,16,94,,33,38,60,15,94,,38,44,64,,,,,,,16,94,101235,31,37,54,15,94,101145,31,37,55,16,69,101045,32,38,56,15,94,101209,31,37,54,15,94,,30,36,52,16,94,,31,37,56,14,94,101377,56,62,85,15,94,,31,37,55,16,94,101207,35,42,61,16,94,101198,30,35,52,15,94,101191,36,40,56,15,94,101031,36,42,63,15,94,101158,34,39,58,,,,,,,15,94,101099,29,34,50,16,94,101087,33,38,58,14,94,101262,36,43,66,15,94,101270,26,31,44,15,94,101252,32,37,55,15,94,101353,38,46,65,15,94,101248,28,33,48,15,94,101096,38,44,64,15,94,101169,31,36,54,15,94,101109,32,36,51,15,94,101241,36,43,60,16,94,101171,32,37,50,15,94,101168,35,40,59,15,94,101457,31,37,55,15,94,101242,35,41,62,15,94,101199,33,39,58,15,94,101359,35,41,65,,,,,,,,,,,,,,,,,,,15,94,101231,32,40,65
2017-05-06T19:00:00,,,,,,,14,97,101127,43,49,80,,,,,,,,,101073,45,50,75,16,97,101083,40,45,63,15,97,101111,32,37,54,15,97,101122,34,40,60,,,101111,32,38,58,15,97,101131,33,39,58,15,97,101060,34,40,59,15,97,,34,40,66,15,97,101167,40,47,68,,,,,,,15,97,,33,39,57,15,97,,43,48,69,15,97,,36,42,62,14,97,,42,48,67,15,97,,36,42,62,15,97,,39,44,67,15,97,,37,42,62,,,,,,,15,97,101208,35,41,61,15,97,101119,31,37,56,15,72,101017,36,42,62,15,97,101178,31,37,54,15,97,,32,38,55,15,97,,38,43,64,14,97,101343,63,68,89,15,97,,36,42,62,15,97,101176,47,55,77,,,,,,,15,97,101161,37,42,59,15,97,101005,37,43,64,15,97,101129,40,45,66,,,,,,,14,97,101071,33,39,58,15,97,101059,33,39,58,14,97,101238,40,48,75,15,97,101242,29,33,49,15,97,101223,41,47,67,14,97,101328,33,39,58,15,97,101215,32,37,55,14,97,101068,35,41,62,15,97,101144,34,40,60,15,97,101083,32,36,51,14,97,101213,52,60,79,15,97,101143,32,37,51,14,97,101138,44,49,70,15,97,101424,35,41,62,15,97,101210,43,49,72,15,97,101170,36,41,62,15,97,101332,40,46,72,,,,,,,,,,,,,,,,,,,14,97,101208,32,40,66
2017-05-06T20:00:00,,,,,,,13,97,101082,48,52,86,,,,,,,,,101021,53,57,81,15,97,101035,36,41,60,15,97,101063,32,38,55,14,97,101068,39,44,66,,,101067,35,41,62,14,97,101085,40,46,68,14,97,101012,38,44,65,15,97,,39,44,72,14,97,101124,61,70,97,,,,,,,14,97,,37,44,65,15,97,,39,44,65,14,97,,39,46,66,14,97,,43,48,68,14,97,,34,40,59,15,97,,43,49,71,14,97,,39,43,64,,,,,,,15,97,101159,38,45,67,14,97,101072,34,40,59,15,72,100961,39,46,66,15,97,101124,34,40,60,14,97,,37,44,65,15,97,,46,51,70,13,97,101289,68,75,98,14,97,,38,44,66,15,97,101125,48,56,76,14,97,101131,35,41,61,15,97,101110,43,48,64,14,97,100961,35,41,62,15,97,101074,41,46,67,,,,,,,14,97,101024,37,43,64,15,97,101013,37,43,65,13,97,101191,44,53,80,14,97,101172,34,39,58,15,97,101177,45,50,71,14,97,101291,39,46,65,14,97,101160,34,40,59,14,97,101018,40,47,69,14,97,101090,36,42,63,15,97,101042,35,40,56,13,97,101166,55,62,82,15,97,101104,34,39,53,14,97,101086,45,50,71,14,97,101371,37,44,65,14,97,101161,43,49,72,14,97,101118,38,43,66,14,97,101284,45,53,78,,,,,,,,,,,,,,,,,,,14,97,101162,32,40,66
2017-05-06T21:00:00,,,,,,,13,94,101060,47,52,85,,,,,,,,,100996,55,60,84,15,94,101008,37,43,61,15,94,101037,46,52,70,14,94,101047,39,45,66,,,101039,49,57,78,14,94,101056,41,48,71,14,94,100987,40,45,66,15,94,,41,46,74,14,94,101097,46,53,74,,,,,,,14,94,,40,47,68,15,94,,43,48,69,14,94,,38,44,66,14,94,,42,47,67,14,94,,42,48,70,15,94,,46,52,74,14,94,,55,60,82,,,,,,,15,94,101134,38,44,66,14,94,101040,48,56,76,15,69,100939,40,47,67,15,94,101101,36,42,63,14,94,,37,44,65,15,94,,48,54,72,13,94,101261,76,84,112,14,94,,40,47,69,15,94,101103,42,49,71,14,94,101111,45,52,71,14,94,101089,47,52,69,14,94,100936,41,47,70,15,94,101053,41,47,67,,,,,,,14,94,100993,35,40,60,15,94,100979,46,53,73,13,94,101168,46,55,82,14,94,101158,34,40,59,15,94,101152,44,49,70,14,94,101251,49,59,77,14,94,101143,33,39,58,14,94,100994,40,47,70,15,94,101070,37,43,65,14,94,101007,46,51,67,14,94,101141,48,56,73,15,94,101067,42,48,61,14,94,101056,43,49,71,14,94,101347,38,44,66,14,94,101133,43,49,73,14,94,101094,36,42,64,14,94,101263,45,54,79,,,,,,,,,,,,,,,,,,,13,94,101138,50,64,94
2017-05-06T22:00:00,,,,,,,13,97,100982,46,50,84,,,,,,,,,100917,56,60,84,15,97,100942,38,43,62,14,97,100951,52,60,79,14,97,100971,46,52,72,,,100951,53,62,83,14,97,100976,46,54,75,14,97,100907,47,53,71,14,97,,42,47,75,14,97,101020,50,57,77,,,,,,,14,97,,47,55,75,14,97,,46,51,72,14,97,,40,47,67,14,97,,42,47,67,14,97,,40,46,68,14,97,,51,57,79,14,97,,56,62,83,,,,,,,14,97,101056,43,50,74,13,97,100953,55,64,85,14,72,100870,40,46,66,14,97,101027,38,44,66,14,97,,41,48,69,14,97,,44,50,69,13,97,101182,60,65,87,14,97,,41,47,69,15,97,101024,44,52,73,14,97,101028,45,52,71,14,97,101018,53,59,78,14,97,100854,41,47,70,14,97,100981,43,48,69,,,,,,,14,97,100915,47,54,73,14,97,100903,49,55,75,13,97,101094,54,64,91,14,97,101085,35,41,61,14,97,101074,45,50,71,14,97,101165,40,48,67,14,97,101076,34,40,60,13,97,100917,49,56,78,14,97,100997,40,46,67,14,97,100929,49,55,69,13,97,101062,51,59,78,14,97,100985,40,45,59,13,97,100981,44,50,72,14,97,101272,37,44,66,14,97,101053,44,50,73,14,97,101019,36,42,64,14,97,101180,44,53,78,,,,,,,,,,,,,,,,,,,13,97,101055,51,65,93
2017-05-06T23:00:00,,,,,,,13,97,100938,51,55,89,,,,,,,,,100876,58,63,86,15,97,100893,40,45,63,14,97,100911,51,58,76,14,97,100929,44,49,71,,,100912,48,56,76,14,97,100934,45,53,74,14,97,100866,43,48,68,14,97,,41,47,75,14,97,100980,52,60,82,,,,,,,14,97,,45,52,73,14,97,,45,50,71,14,97,,42,48,69,13,97,,46,52,71,14,97,,39,45,67,14,97,,49,55,76,14,97,,52,58,78,,,,,,,14,97,101013,41,48,71,13,97,100914,46,53,75,14,72,100824,39,45,65,14,97,100983,37,44,65,14,97,,41,48,68,14,97,,50,57,75,13,97,101140,55,61,82,14,97,,37,43,64,15,97,100982,39,47,68,14,97,100986,43,50,69,14,97,100975,50,56,75,14,97,100815,38,44,66,14,97,100937,44,49,69,,,,,,,14,97,100877,44,50,70,14,97,100864,47,53,73,13,97,101053,55,66,93,14,97,101040,36,42,62,14,97,101033,47,52,73,13,97,101131,40,48,68,14,97,101028,35,42,62,13,97,100875,50,57,78,14,97,100951,40,46,68,14,97,100888,43,48,64,13,97,101020,48,56,73,14,97,100948,40,46,60,13,97,100937,46,52,73,14,97,101231,38,45,67,14,97,101011,46,53,75,14,97,100975,34,39,60,14,97,101137,46,54,79,,,,,,,,,,,,,,,,,,,13,97,101014,49,62,90
2017-05-07T00:00:00,,,,,,,13,97,100934,54,58,92,,,,,,,,,100871,57,62,86,15,97,100890,43,49,66,14,97,100914,46,53,70,14,97,100925,43,49,70,,,100912,48,55,75,13,97,100933,43,51,72,14,97,100865,44,49,69,14,97,,42,48,76,13,97,100975,43,50,70,,,,,,,14,97,,44,51,72,14,97,,44,49,70,14,97,,43,50,70,13,97,,44,49,69,14,97,,38,44,66,14,97,,50,57,78,13,97,,52,57,77,,,,,,,14,97,101010,42,49,72,13,97,100918,45,53,76,14,72,100818,42,49,69,14,97,100978,37,43,65,14,97,,39,46,66,14,97,,53,60,79,12,97,101136,54,59,81,14,97,,37,44,66,14,97,100980,41,49,71,14,97,100987,42,49,68,13,97,100970,49,54,72,13,97,100816,40,47,70,14,97,100932,47,52,71,,,,,,,13,97,100877,43,50,70,14,97,100863,45,51,72,12,97,101048,50,60,87,14,97,101028,35,41,60,14,97,101032,46,51,72,13,97,101132,39,48,67,13,97,101024,34,41,60,13,97,100871,47,54,76,14,97,100948,40,47,68,14,97,100888,37,41,58,13,97,101016,47,54,71,14,97,100947,42,47,61,13,97,100933,43,49,71,14,97,101223,37,44,66,13,97,101007,45,52,75,13,97,100969,29,34,51,14,97,101134,44,53,78,,,,,,,,,,,,,,,,,,,13,97,101011,42,54,81
2017-05-07T01:00:00,,,,,,,12,97,100923,52,56,90,,,,,,,,,100859,56,61,85,14,97,100877,42,47,65,13,97,100905,42,48,64,13,97,100914,42,48,70,,,100901,45,53,74,13,97,100922,44,52,74,13,97,100855,43,49,69,14,97,,44,50,77,13,97,100964,43,50,70,,,,,,,13,97,,39,46,68,13,97,,46,51,72,13,97,,42,49,69,13,97,,42,47,67,13,97,,35,42,62,13,97,,54,61,84,13,97,,48,53,73,,,,,,,13,97,101000,41,49,72,13,97,100908,43,50,73,13,72,100806,46,54,72,13,97,100967,38,44,66,13,97,,38,45,65,13,97,,52,58,77,12,97,101128,56,61,83,13,97,,37,44,66,14,97,100969,40,48,69,13,97,100982,39,46,66,13,97,100956,49,55,73,13,97,100804,39,45,68,13,97,100920,50,57,77,,,,,,,13,97,100866,41,48,69,14,97,100854,45,52,73,12,97,101036,49,59,86,13,97,101021,35,41,61,13,97,101021,48,54,74,13,97,101121,36,44,65,13,97,101012,34,41,61,13,97,100859,49,56,81,13,97,100938,39,46,67,13,97,100879,34,39,57,12,97,101008,48,56,73,13,97,100938,42,48,62,13,97,100924,44,50,73,13,97,101215,37,44,66,13,97,100999,45,52,75,13,97,100960,27,32,47,13,97,101124,44,53,77,,,,,,,,,,,,,,,,,,,12,97,101002,40,52,79
2017-05-07T02:00:00,,,,,,,13,94,100892,50,55,88,,,,,,,,,100828,57,63,87,15,94,100848,39,45,63,14,94,100875,40,46,62,14,94,100885,43,49,71,,,100873,43,50,71,13,94,100892,41,48,71,14,94,100825,42,48,68,14,94,,44,50,77,13,94,100935,40,47,68,,,,,,,13,94,,42,50,72,14,94,,46,52,73,14,94,,40,47,68,13,94,,43,48,68,14,94,,35,40,60,14,94,,50,57,80,14,94,,45,50,71,,,,,,,14,94,100969,40,47,70,13,94,100878,46,54,77,14,69,100775,46,55,74,14,94,100936,40,47,68,14,94,,37,44,64,14,94,,49,56,74,12,94,101096,54,61,83,14,94,,38,45,67,14,94,100940,37,45,67,,,,,,,13,94,100926,47,53,70,13,94,100773,36,43,64,14,94,100885,54,62,82,,,,,,,13,94,100834,38,44,66,14,94,100826,43,49,70,12,94,101006,48,58,85,14,94,100994,34,40,60,14,94,100989,44,50,71,13,94,101090,35,43,63,13,94,100984,35,41,61,13,94,100828,41,48,72,14,94,100906,39,46,67,14,94,100848,41,46,64,13,94,100976,48,56,74,14,94,100907,45,52,65,13,94,100893,42,48,71,14,94,101181,39,46,68,13,94,100967,44,51,74,13,94,100927,34,39,59,14,94,101091,45,54,79,,,,,,,,,,,,,,,,,,,13,94,100971,37,48,75
2017-05-07T03:00:00,,,,,,,13,94,100880,50,56,89,,,,,,,,,100817,56,62,86,14,94,100838,38,44,66,14,94,100862,38,44,60,13,94,100870,44,51,73,,,100861,38,45,68,13,94,100880,39,47,70,14,94,100813,39,45,66,14,94,,44,51,78,13,94,100920,39,45,67,,,,,,,13,94,,46,55,76,14,94,,47,54,75,13,94,,42,50,70,13,94,,44,51,70,14,94,,34,40,59,14,94,,48,55,78,14,94,,43,48,69,,,,,,,14,94,100955,40,46,70,13,94,100866,42,49,72,14,69,100761,41,49,69,,,,,,,14,94,,38,45,66,14,94,,49,57,77,12,94,101082,51,58,81,14,94,,36,43,66,14,94,100927,43,51,70,,,,,,,13,94,100916,50,57,77,13,94,100757,36,42,64,14,94,100871,48,56,76,,,,,,,13,94,100821,36,43,64,,,,,,,12,94,100994,49,60,87,14,94,100978,36,42,63,14,94,100979,41,47,69,13,94,101076,33,40,60,13,94,100970,34,41,61,13,94,100814,43,50,75,14,94,100891,41,48,70,14,94,100836,39,44,62,13,94,100965,46,54,72,14,94,100896,41,47,62,13,94,100881,47,54,76,14,94,101171,38,45,66,13,94,100957,44,53,76,14,94,100916,38,45,68,14,94,101081,43,53,79,,,,,,,,,,,,,,,,,,,13,94,100957,35,45,73
2017-05-07T04:00:00,,,,,,,13,94,100881,48,54,88,,,,,,,,,100819,55,61,87,15,94,100825,35,40,60,14,94,100866,38,44,61,13,94,100873,41,48,71,,,100867,38,44,66,13,94,100883,40,47,70,14,94,100816,37,43,64,14,94,,41,48,76,13,94,100921,39,47,69,,,,,,,13,94,,38,46,68,14,94,,49,56,78,14,94,,40,49,70,13,94,,42,49,69,14,94,,36,42,63,14,94,,48,55,77,14,94,,46,52,73,,,,,,,14,94,100958,38,45,68,13,94,100870,40,47,71,14,69,100762,39,47,67,,,,,,,13,94,,36,44,65,14,94,,49,57,77,12,94,101082,51,58,81,14,94,,36,44,66,14,94,100930,40,49,71,,,,,,,13,94,100915,45,53,72,14,94,100758,37,44,66,14,94,100875,45,53,73,,,,,,,13,94,100824,38,45,67,,,,,,,12,94,100997,44,54,82,14,94,100974,34,41,61,14,94,100982,42,48,69,13,94,101084,33,40,60,13,94,100966,33,39,60,13,94,100817,40,47,72,14,94,100895,39,47,69,14,94,100841,40,45,63,13,94,100966,45,53,70,14,94,100900,38,45,60,13,94,100884,46,53,75,14,94,101172,36,43,66,13,94,100958,44,53,76,14,94,100919,40,46,70,14,94,101082,40,50,76,,,,,,,,,,,,,,,,,,,13,94,100957,36,47,74
2017-05-07T05:00:00,,,,,,,13,97,100885,45,51,85,,,,,,,,,100824,52,58,84,15,97,100832,39,45,64,14,97,100872,35,42,59,14,97,100877,38,45,67,,,100872,36,43,65,13,97,100888,39,47,70,14,97,100821,37,42,64,14,97,,38,45,74,14,97,100923,37,44,66,,,,,,,13,97,,37,44,66,14,97,,47,56,78,13,97,,38,46,68,13,97,,40,47,68,14,97,,34,41,60,14,97,,49,57,79,14,97,,42,47,69,,,,,,,14,97,100963,37,44,67,13,97,100875,38,46,70,14,72,100767,39,48,68,,,,,,,13,97,,37,45,66,14,97,,45,54,74,12,97,101089,46,54,78,14,97,,34,41,64,14,97,100935,37,46,68,,,,,,,14,97,100912,42,49,67,13,97,100767,38,45,67,14,97,100878,42,50,71,,,,,,,13,97,100828,37,44,66,,,,,,,13,97,100994,42,51,79,14,97,100975,32,38,57,14,97,100986,41,47,69,13,97,101091,32,39,59,13,97,100970,31,37,56,13,97,100820,38,45,69,14,97,100897,36,43,65,14,97,100845,39,44,62,13,97,100972,42,49,67,14,97,100911,34,40,55,13,97,100892,39,46,68,14,97,101178,34,42,65,13,97,100966,41,50,73,13,97,100925,39,45,69,13,97,101089,41,51,77,,,,,,,,,,,,,,,,,,,13,97,100964,35,45,73
2017-05-07T06:00:00,,,,,,,12,94,100901,43,49,80,,,,,,,,,100836,44,50,75,15,94,100842,35,41,60,14,94,100884,33,38,56,14,94,100888,38,44,66,,,100883,34,41,62,13,94,100900,34,40,60,14,94,100832,33,38,57,14,94,,33,39,64,13,94,100938,36,43,64,,,,,,,13,94,,36,43,65,14,94,,37,43,65,13,94,,40,47,68,13,94,,35,42,61,14,94,,32,38,57,14,94,,39,46,70,13,94,,38,44,66,,,,,,,14,94,100972,34,41,62,13,94,100885,37,43,66,14,69,100780,39,47,66,,,,,,,13,94,,34,41,62,14,94,,40,46,67,12,94,101103,40,46,69,14,94,,32,39,60,14,94,100947,34,41,62,,,,,,,14,94,100930,44,50,68,13,94,100777,36,42,64,14,94,100891,38,46,67,,,,,,,13,94,100839,32,38,56,13,94,100827,34,40,61,12,94,101007,41,50,78,14,94,100989,32,38,56,14,94,100999,35,40,61,13,94,101103,30,36,53,13,94,100981,29,36,53,13,94,100834,38,45,68,14,94,100909,36,42,64,14,94,100858,35,40,56,13,94,100985,34,40,59,14,94,100922,32,38,53,13,94,100902,35,41,62,13,94,101189,30,36,55,13,94,100976,35,42,64,13,94,100936,35,41,63,13,94,101101,35,42,69,,,,,,,,,,,,,,,,,,,13,94,100979,34,44,73
2017-05-07T07:00:00,,,,,,,13,92,100934,40,45,73,,,,,,,,,100873,39,45,69,15,92,100877,31,36,54,14,92,100918,27,32,47,14,92,100921,34,40,60,,,100922,28,34,50,13,92,100938,29,34,50,14,92,100871,28,33,49,14,92,,32,38,63,14,92,100975,30,36,53,,,,,,,13,92,,31,37,53,14,92,,35,41,62,14,92,,33,39,58,13,92,,38,44,65,14,92,,26,31,43,14,92,,31,36,57,14,92,,31,36,53,,,,,,,14,92,101020,29,34,50,13,92,100924,30,35,52,15,67,100814,36,43,62,,,,,,,14,92,,31,37,55,14,92,,34,40,61,13,92,101142,37,42,62,14,92,,35,42,63,14,92,100983,32,39,57,,,,,,,14,92,100961,36,41,57,14,92,100817,29,34,49,14,92,100927,35,41,62,,,,,,,14,92,100878,28,33,49,14,92,100847,32,38,58,13,92,101045,37,45,69,14,92,101023,31,36,54,14,92,101043,31,36,53,14,92,101139,25,30,43,13,92,101017,27,33,48,13,92,100869,34,40,60,14,92,100941,33,40,60,14,92,100907,26,31,43,13,92,101023,31,37,55,14,92,100959,26,30,39,13,92,100945,31,36,52,13,92,101221,30,36,54,14,92,101018,30,36,53,13,92,100976,31,36,54,14,92,101143,32,39,63,,,,,,,,,,,,,,,,,,,13,92,101017,28,34,56
2017-05-07T08:00:00,,,,,,,13,90,100959,31,35,55,,,,,,,,,100897,32,36,54,15,90,100907,27,32,46,15,90,100940,24,28,41,14,90,100944,26,30,44,,,100944,25,30,44,14,90,100959,27,32,46,14,90,100893,25,29,42,14,90,,26,30,48,14,90,101012,26,31,45,,,,,,,14,90,,25,30,42,14,90,,28,32,47,14,90,,26,31,45,14,90,,27,32,46,15,90,,22,26,36,14,90,,27,32,48,14,90,,28,32,48,,,,,,,14,90,101042,25,29,42,14,90,100947,30,35,51,15,65,100838,26,31,45,,,,,,,14,90,,24,29,41,15,90,,29,34,50,14,90,101162,31,35,49,15,90,,25,30,44,14,90,101002,30,36,51,14,90,101036,27,32,47,14,90,100993,26,30,44,14,90,100839,27,32,46,15,90,100949,27,31,45,,,,,,,14,90,100903,25,30,43,,,,,,,13,90,101068,28,34,50,14,90,101052,20,23,31,14,90,101068,26,30,44,14,90,101159,25,30,44,14,90,101043,21,25,34,14,90,100896,27,31,46,14,90,100961,25,29,42,14,90,100927,25,29,41,14,90,101041,25,30,44,15,90,100979,26,30,40,14,90,100965,27,31,45,14,90,101238,24,28,40,14,90,101035,27,31,46,14,90,100998,24,28,39,14,90,101176,27,33,52,,,,,,,,,,,,,,,,,,,14,90,101041,25,32,51
2017-05-07T09:00:00,,,,,,,13,88,100969,34,39,64,,,,,,,,,100909,35,40,61,15,88,100914,25,30,43,15,88,100951,26,31,44,15,88,100958,30,34,51,,,100954,28,33,48,14,88,100973,29,34,50,14,88,100900,27,32,47,15,88,,28,33,54,14,88,101012,29,34,50,,,,,,,14,88,,29,34,49,15,88,,31,37,55,14,88,,29,35,52,14,88,,29,34,50,,,,,,,15,88,,30,35,54,14,88,,30,35,51,,,,,,,15,88,101050,28,33,48,14,88,100959,30,36,53,15,63,100849,29,34,50,,,,,,,14,88,,27,33,47,15,88,,31,36,54,14,88,101173,33,37,53,15,88,,27,32,47,15,88,101015,31,37,54,14,88,101033,28,34,50,15,88,100998,31,35,52,14,88,100849,28,33,48,15,88,100958,30,35,51,,,,,,,14,88,100912,28,33,48,,,,,,,14,88,101067,32,38,58,14,88,101060,25,30,43,,,,,,,14,88,101170,24,28,41,14,88,101051,21,25,35,14,88,100906,30,35,53,14,88,100973,29,34,51,15,88,100928,27,31,43,14,88,101047,27,32,48,15,88,100988,24,28,36,14,88,100973,27,31,45,14,88,101246,26,31,46,14,88,101041,27,32,47,14,88,101002,25,29,42,14,88,101179,30,36,58,,,,,,,,,,,,,,,,,,,14,88,101048,27,33,53
2017-05-07T10:00:00,,,,,,,14,84,100961,30,33,53,,,,,,,,,100902,31,34,51,16,84,100906,25,28,41,15,84,100941,22,26,37,15,84,100946,26,30,44,,,100943,23,27,40,15,84,100960,24,28,40,15,84,100891,24,27,39,15,84,,25,29,47,15,84,101003,26,30,43,,,,,,,14,84,,24,28,39,15,84,,27,31,46,15,84,,27,31,46,14,84,,26,31,45,,,,,,,15,84,,25,29,43,15,84,,26,30,43,,,,,,,15,84,101039,23,27,37,14,84,100945,25,30,42,16,59,100838,26,31,45,,,,,,,15,84,,24,29,41,15,84,,27,31,46,14,84,101170,28,32,44,15,84,,26,31,45,15,84,101002,26,31,45,14,84,101023,24,28,40,15,84,100990,26,31,46,15,84,100831,25,29,41,15,84,100949,27,31,44,,,,,,,15,84,100904,23,27,39,,,,,,,14,84,101056,28,33,48,15,84,101050,23,27,40,,,,,,,15,84,101162,22,26,37,14,84,101039,24,28,40,15,84,100896,25,29,43,15,84,100958,26,31,45,15,84,100920,22,26,34,15,84,101039,24,28,40,15,84,100981,23,26,33,14,84,100968,24,28,41,14,84,101237,22,27,37,15,84,101035,24,28,40,14,84,100994,22,26,36,14,84,101170,27,31,49,,,,,,,,,,,,,,,,,,,14,84,101035,24,29,45
2017-05-07T11:00:00,,,,,,,15,78,100932,30,33,52,,,,,,,,,100874,30,33,48,16,78,100874,22,26,37,16,77,100913,22,26,37,16,78,100915,26,29,42,,,100913,25,29,41,15,78,100930,25,29,41,16,78,100862,25,28,41,16,78,,24,28,45,16,78,100961,26,30,42,,,,,,,15,78,,25,29,40,16,78,,26,29,42,16,78,,25,30,43,15,78,,25,29,42,16,78,,22,26,35,16,78,,25,28,42,16,78,,27,30,43,,,,,,,16,78,101011,23,27,38,15,78,100917,26,30,43,17,53,100808,25,29,42,,,,,,,16,78,,25,29,40,16,78,,27,31,46,15,78,101146,29,33,46,16,78,,24,28,40,16,78,100974,25,30,44,15,78,100990,24,28,41,16,78,100959,26,29,44,15,78,100800,25,30,42,16,78,100918,25,29,41,,,,,,,16,78,100876,23,27,39,,,,,,,15,78,101020,27,32,47,16,78,101020,22,26,37,,,,,,,16,78,101134,22,26,38,15,78,101008,23,27,37,16,78,100866,25,29,42,15,78,100928,26,30,44,16,78,100888,23,26,35,16,78,101010,24,28,40,16,78,100954,24,27,34,15,78,100944,26,29,42,15,78,101211,22,26,36,15,78,101008,25,29,41,15,78,100970,23,26,36,15,78,101141,27,31,48,,,,,,,,,,,,,,,,,,,15,78,101002,24,29,45
2017-05-07T12:00:00,,,,,,,16,79,100898,28,31,47,,,,,,,,,100840,28,32,45,7,57,100830,22,26,37,17,74,100878,21,24,34,16,79,100878,25,28,41,,,100875,23,27,39,16,79,100896,23,27,38,17,79,100826,24,27,39,17,79,,25,28,45,16,79,100921,24,28,39,,,,,,,16,79,,24,28,38,16,79,,26,29,43,17,79,,25,29,41,16,79,,25,29,42,16,79,,23,26,34,17,79,,24,28,41,16,79,,25,29,41,,,,,,,17,79,100973,22,26,35,16,79,100880,24,28,39,17,54,100769,24,28,40,,,,,,,16,79,,23,27,38,16,79,,27,30,45,16,78,101113,29,32,44,17,79,,24,28,40,17,79,100936,26,31,44,16,79,100950,23,27,38,16,79,100920,25,29,42,16,79,100761,24,28,39,17,79,100878,25,28,40,,,,,,,16,79,100841,23,26,37,,,,,,,16,79,100975,26,30,43,16,79,100981,22,25,36,,,,,,,16,79,101097,21,25,36,16,79,100969,23,27,37,16,79,100827,24,28,40,16,79,100890,26,29,43,17,79,100852,25,28,38,16,79,100972,24,28,40,17,79,100919,24,27,33,16,79,100908,26,29,42,16,79,101173,22,25,35,16,79,100972,28,33,47,15,79,100932,23,27,38,16,78,101101,26,30,47,,,,,,,,,,,,,,,,,,,16,78,100961,24,28,43
2017-05-07T13:00:00,,,,,,,17,73,100848,25,27,40,,,,,,,,,100784,27,30,42,18,73,100783,21,24,34,18,68,100822,19,22,31,17,73,100821,22,24,34,,,100821,22,25,35,17,73,100839,22,25,34,18,73,100779,22,24,35,17,73,,23,27,42,17,73,100861,23,26,35,,,,,,,17,73,,21,24,32,18,73,,25,28,41,18,73,,22,26,37,16,73,,24,28,40,17,73,,21,23,31,18,73,,22,25,37,18,73,,22,25,36,,,,,,,18,73,100898,19,22,28,17,73,100828,23,27,36,18,48,100718,22,26,36,,,,,,,17,73,,21,24,33,17,73,,26,29,43,17,70,101056,27,30,42,18,73,,22,25,34,18,73,100881,24,29,41,17,73,100896,20,23,31,17,73,100861,22,25,36,17,73,100706,21,24,32,18,73,100823,23,26,36,,,,,,,17,73,100787,21,24,33,,,,,,,16,73,100913,23,26,37,18,73,100924,17,20,27,,,,,,,17,73,101039,20,24,32,17,73,100909,19,22,29,17,73,100772,22,25,34,17,73,100836,22,25,35,18,73,100791,22,25,32,18,73,100909,22,25,36,18,73,100867,21,24,28,17,73,100851,24,27,38,17,73,101124,19,22,31,17,73,100917,27,31,44,16,73,100876,22,25,35,17,71,101041,25,28,43,,,,,,,,,,,,,,,,,,,17,71,100903,22,25,37
2017-05-07T14:00:00,,,,,,,17,71,100822,24,26,37,,,,,,,,,100754,25,27,36,18,72,100750,19,21,28,18,66,100786,18,21,28,17,72,100790,21,24,32,,,100788,21,23,31,17,72,100806,20,23,30,18,72,100745,20,23,31,17,72,,22,25,37,17,72,100830,23,26,35,,,,,,,17,72,,21,24,31,17,72,,22,24,34,18,72,,21,24,34,17,72,,22,25,35,17,72,,18,21,28,18,72,,20,23,32,18,72,,22,24,34,,,,,,,17,72,100873,20,22,28,17,72,100795,22,24,32,18,47,100684,20,24,32,,,,,,,18,72,,21,23,31,17,72,,25,28,41,17,66,101026,28,31,42,18,72,,21,23,31,18,72,100847,25,30,42,17,72,100861,20,23,31,17,72,100830,22,24,35,17,72,100675,21,23,30,18,72,100790,22,24,32,,,,,,,17,72,100755,20,22,30,,,,,,,17,72,100879,22,25,35,18,72,100890,17,20,26,,,,,,,17,72,101010,19,22,29,17,72,100881,19,21,27,17,72,100743,22,24,33,17,72,100805,21,24,33,17,72,100759,21,23,28,18,72,100878,20,23,32,18,72,100836,21,22,26,17,72,100820,22,24,33,,,101091,17,18,25,17,72,100886,25,29,39,17,72,100844,19,21,29,17,69,101006,23,26,39,,,,,,,,,,,,,,,,,,,17,69,100872,21,24,35
2017-05-07T15:00:00,,,,,,,16,70,100800,24,25,36,,,,,,,,,100736,24,26,34,18,72,100728,19,22,29,17,65,100761,17,19,25,17,72,100765,20,22,28,,,100767,19,22,28,17,72,100784,19,22,28,17,72,100717,20,22,30,17,72,,22,24,37,17,72,100816,21,23,30,,,,,,,17,72,,19,21,27,17,72,,21,24,32,17,72,,21,24,33,16,72,,22,25,33,17,72,,17,19,25,18,72,,19,21,29,17,72,,20,22,29,,,,,,,17,72,100858,18,20,26,17,72,100773,20,22,27,18,47,100660,22,25,34,,,,,,,17,72,,19,21,27,17,72,,23,26,36,16,67,101008,24,27,35,17,72,,21,24,31,18,72,100827,27,31,45,17,72,100848,17,19,25,17,72,100815,19,21,30,16,72,100659,17,19,25,17,72,100768,21,24,31,,,,,,,17,72,100733,18,21,27,,,,,,,16,72,100859,20,23,31,18,72,100872,16,18,24,,,,,,,17,72,100984,18,20,26,17,72,100855,17,19,25,17,72,100723,20,22,29,17,72,100782,20,22,30,17,72,100745,19,21,25,17,72,100860,20,23,32,17,72,100810,20,21,24,16,72,100802,21,23,30,17,72,101069,18,19,26,17,72,100868,22,25,33,16,72,100824,20,22,31,17,69,100986,23,25,37,,,,,,,,,,,,,,,,,,,16,68,100856,19,21,29
2017-05-07T16:00:00,,,,,,,16,68,100791,20,20,28,,,,,,,,,100730,20,21,26,17,70,100721,17,19,25,17,64,100757,15,16,21,16,70,100758,18,19,25,,,100766,16,18,23,16,70,100777,16,18,23,16,70,100709,16,17,23,16,70,,17,19,28,16,70,100831,17,18,24,,,,,,,16,70,,15,17,22,17,70,,18,19,26,16,70,,19,21,28,16,70,,21,23,32,16,70,,14,16,21,17,70,,14,16,21,16,70,,17,18,24,,,,,,,17,70,100856,15,16,21,16,70,100771,16,18,23,17,45,100648,20,22,30,,,,,,,16,70,,15,17,21,17,70,,19,21,28,16,65,101003,22,24,31,17,70,,19,21,27,17,70,100819,21,24,33,16,70,100852,14,16,21,16,70,100812,19,21,28,16,70,100657,16,18,24,17,70,100758,17,19,24,,,,,,,16,70,100726,14,16,20,,,,,,,16,70,100858,15,18,24,17,70,100864,14,15,20,,,,,,,16,70,100981,16,17,22,17,70,100856,14,15,20,16,70,100719,16,18,24,16,70,100773,18,20,27,16,70,100753,17,17,21,16,70,100856,18,20,27,16,70,100809,17,17,19,16,70,100796,18,19,25,,,101054,14,13,18,16,70,100865,18,20,27,16,70,100819,15,16,22,16,67,100987,20,21,29,,,,,,,,,,,,,,,,,,,16,66,100862,17,18,25
2017-05-07T17:00:00,,,,,,,14,72,100816,16,16,23,,,,,,,,,100753,16,17,21,16,73,100751,13,15,19,15,68,100779,12,13,17,14,73,100783,15,16,21,,,100789,14,15,20,14,73,100797,14,16,20,14,73,100731,13,14,19,14,73,,16,17,25,14,73,100866,14,16,20,,,,,,,14,73,,14,15,19,14,73,,15,16,21,14,73,,14,16,20,14,73,,21,23,30,15,73,,18,20,25,16,73,,11,12,16,14,73,,16,17,22,,,,,,,15,73,100885,12,12,16,14,73,100790,15,16,20,15,48,100670,16,18,23,,,,,,,14,73,,12,14,18,15,73,,18,20,26,14,69,101023,22,23,30,15,73,,19,21,28,15,73,100835,15,17,23,,,,,,,14,73,100851,16,18,24,14,73,100682,13,14,19,15,73,100784,15,16,21,,,,,,,14,73,100745,12,13,17,,,,,,,14,73,100889,13,15,20,15,73,100900,11,12,17,,,,,,,14,73,100999,15,17,22,14,73,100892,14,16,20,15,73,100747,18,19,26,15,73,100798,15,17,22,14,73,100774,16,16,19,14,73,100886,16,18,24,14,73,100823,17,17,20,14,73,100812,15,17,21,14,73,101076,11,12,16,14,73,100882,21,24,31,14,73,100841,13,14,19,14,71,101025,17,18,25,,,,,,,,,,,,,,,,,,,14,70,100892,15,16,22
2017-05-07T18:00:00,,,,,,,13,78,100844,18,19,26,,,,,,,,,100783,18,19,24,15,78,100781,12,13,17,14,76,100805,13,15,19,14,78,100816,16,18,24,,,100815,14,16,21,13,78,100826,14,16,21,14,78,100760,14,15,20,14,78,,15,17,24,14,78,100903,15,17,22,,,,,,,13,78,,14,15,19,14,78,,15,16,22,13,78,,15,17,22,14,78,,22,24,31,,,,,,,14,78,,12,12,17,13,78,,15,16,22,,,,,,,14,78,100914,12,13,18,13,78,100817,17,19,23,14,53,100701,17,19,25,,,,,,,14,78,,14,15,19,14,78,,17,18,25,13,78,101050,19,20,25,14,78,,20,23,31,14,78,100868,19,22,30,13,78,100964,10,11,15,14,78,100878,18,19,26,13,78,100713,14,16,20,14,78,100816,16,17,23,,,,,,,14,78,100775,12,13,18,14,78,100751,13,14,18,13,78,100925,15,17,23,14,78,100935,11,12,16,13,78,100964,16,18,23,13,78,101024,15,17,22,14,78,100931,16,17,22,14,78,100780,15,17,23,14,78,100829,14,16,21,14,78,100806,17,17,20,13,78,100917,16,18,24,14,78,100850,15,15,18,13,78,100838,14,15,19,,,101096,13,13,17,14,78,100909,25,29,40,13,78,100868,12,13,18,14,77,101060,18,19,26,,,,,,,,,,,,,,,,,,,13,77,100922,15,16,23
2017-05-07T19:00:00,,,,,,,13,80,100885,14,14,19,,,,,,,,,100824,14,15,19,15,80,100827,13,14,19,13,80,100850,11,12,16,13,80,100856,14,15,20,,,100860,12,13,18,13,80,100863,13,15,19,13,80,100802,11,12,16,13,80,,11,12,18,13,80,100954,19,21,28,,,,,,,13,80,,12,13,16,13,80,,13,14,19,13,80,,13,14,18,13,80,,14,15,20,,,,,,,13,80,,11,12,16,13,80,,12,13,17,,,,,,,13,80,100958,10,11,15,13,80,100860,15,17,21,13,55,100740,16,18,23,,,,,,,13,80,,11,12,16,14,80,,16,17,23,13,80,101088,19,19,24,13,80,,16,18,24,13,80,100901,12,14,19,13,80,100969,10,12,16,13,80,100926,15,16,22,13,80,100762,13,14,18,13,80,100857,13,14,18,,,,,,,13,80,100807,11,12,16,13,80,100796,11,12,16,13,80,100976,11,13,18,13,80,100973,10,11,15,13,80,100990,13,14,18,13,80,101064,15,17,22,13,80,100970,17,19,24,13,80,100816,12,13,18,13,80,100865,13,15,20,13,80,100847,17,18,21,13,80,100959,15,18,23,13,80,100890,17,17,20,13,80,100875,18,20,25,,,101136,8,9,15,13,80,100948,23,26,35,13,80,100906,13,14,19,13,80,101106,15,16,22,,,,,,,,,,,,,,,,,,,12,80,100971,14,16,22
2017-05-07T20:00:00,,,,,,,11,88,100892,18,19,27,,,,,,,,,100834,17,18,23,13,88,100831,16,18,23,12,88,100862,15,17,23,11,88,100865,18,20,26,,,100873,15,17,22,11,88,100873,14,16,21,11,88,100813,13,14,19,11,88,,13,15,21,11,88,100965,18,21,27,,,,,,,11,88,,16,18,23,11,88,,12,13,17,11,88,,15,17,22,11,88,,14,15,19,,,,,,,11,88,,12,12,17,11,88,,19,20,27,,,,,,,12,88,100971,12,13,17,11,88,100874,17,18,23,12,63,100746,17,19,25,,,,,,,11,88,,14,15,20,12,88,,16,18,23,11,88,101104,17,17,22,12,88,,19,22,28,12,88,100914,16,18,24,11,88,100981,16,18,24,11,88,100933,18,21,29,11,88,100767,18,20,27,12,88,100865,15,16,21,,,,,,,11,88,100815,12,13,17,11,88,100807,14,15,19,11,88,100992,15,17,23,12,88,100980,12,14,19,11,88,101002,14,15,20,11,88,101076,18,21,29,11,88,100978,17,19,25,11,88,100827,16,18,24,12,88,100873,16,18,24,11,88,100862,18,19,24,11,88,100974,14,16,21,12,88,100909,18,19,22,11,88,100889,17,19,25,,,,,,,11,88,100960,19,23,31,11,88,100921,10,11,15,11,88,101123,17,18,25,,,,,,,,,,,,,,,,,,,11,88,100982,18,21,29
2017-05-07T21:00:00,,,,,,,10,85,100890,25,27,38,,,,,,,,,100835,25,27,37,13,85,100840,16,18,23,11,85,100860,19,22,29,11,85,100865,18,20,27,,,100872,21,24,33,10,85,100876,22,25,33,11,85,100815,20,22,30,11,85,,19,22,32,11,85,100961,18,21,27,,,,,,,10,85,,18,21,28,11,85,,20,22,29,11,85,,20,23,31,11,85,,20,23,31,,,,,,,11,85,,19,21,28,11,85,,21,23,31,,,,,,,11,85,100973,18,21,27,10,85,100871,25,28,38,11,60,100751,19,22,29,,,,,,,11,85,,17,20,27,11,85,,21,23,31,10,85,101113,27,30,40,11,85,,20,23,31,11,85,100916,19,23,31,11,85,100983,17,20,27,11,85,100931,19,21,29,11,85,100769,19,21,27,11,85,100872,18,20,26,,,,,,,11,85,100816,19,21,28,11,85,100808,20,22,29,10,85,100997,18,20,28,11,85,100980,15,16,22,11,85,101005,21,24,31,11,85,101082,20,23,30,10,85,100981,16,18,24,11,85,100827,17,20,26,11,85,100874,18,20,27,11,85,100857,24,26,33,11,85,100985,21,25,34,11,85,100915,21,24,28,11,85,100898,23,26,34,,,,,,,11,85,100962,26,30,41,10,85,100929,17,20,27,11,85,101123,23,26,38,,,,,,,,,,,,,,,,,,,10,85,100980,22,26,38
2017-05-07T22:00:00,,,,,,,10,88,100885,29,32,47,,,,,,,,,100829,29,33,47,13,88,100833,16,19,25,11,88,100855,20,23,31,10,88,100862,20,22,29,,,100866,23,26,34,10,88,100870,23,27,35,10,88,100810,22,25,34,10,88,,23,27,41,10,88,100954,19,22,28,,,,,,,10,88,,20,23,31,10,88,,24,26,36,10,88,,23,28,38,10,88,,25,28,40,,,,,,,11,88,,22,24,32,10,88,,21,23,31,,,,,,,11,88,100966,21,24,32,10,88,100862,25,29,39,11,63,100746,16,18,24,,,,,,,10,88,,22,26,34,11,88,,24,28,39,10,88,101104,26,29,37,10,88,,19,21,27,11,88,100915,22,26,35,10,88,100977,19,22,30,10,88,100931,19,22,29,10,88,100757,17,19,25,11,88,100868,20,22,29,,,,,,,10,88,100812,20,23,31,11,88,100803,22,24,32,10,88,100996,20,23,32,10,88,100981,12,14,19,10,88,100999,24,27,37,10,88,101072,19,22,29,10,88,100980,14,16,20,10,88,100823,20,23,31,11,88,100870,17,19,25,11,88,100852,22,24,30,10,88,100981,23,27,38,11,88,100906,20,22,25,10,88,100891,22,25,34,,,,,,,10,88,100959,20,23,30,10,88,100923,19,21,28,10,88,101116,26,30,46,,,,,,,,,,,,,,,,,,,10,88,100973,22,26,38
2017-05-07T23:00:00,,,,,,,9,90,100869,23,25,35,,,,,,,,,100813,22,23,31,12,90,100828,14,15,20,10,90,100839,17,19,24,10,90,100849,15,16,21,,,100855,17,20,26,9,90,100853,17,19,25,10,90,100796,17,19,25,10,90,,18,20,30,10,90,100948,16,18,23,,,,,,,10,90,,17,19,25,10,90,,18,19,26,10,90,,18,20,27,10,90,,20,23,30,,,,,,,10,90,,15,16,21,10,90,,19,20,27,,,,,,,10,90,100959,15,17,22,10,90,100850,19,21,27,10,65,100731,13,14,19,,,,,,,10,90,,17,20,26,10,90,,19,20,27,9,90,101087,20,21,26,10,90,,16,18,23,11,90,100897,17,20,26,,,,,,,10,90,100926,16,17,23,10,90,100742,15,17,22,10,90,100855,15,17,22,,,,,,,10,90,100796,15,17,22,10,90,100792,16,17,23,10,90,100985,17,19,26,10,90,100968,10,12,16,10,90,100993,17,19,25,10,90,101055,12,13,17,10,90,100964,12,13,17,10,90,100808,16,18,24,10,90,100857,13,14,19,10,90,100843,16,16,19,10,90,100964,18,20,27,10,90,100889,16,17,20,10,90,100872,16,17,23,,,,,,,10,90,100945,15,16,22,10,90,100911,13,14,19,10,90,101102,22,23,33,,,,,,,,,,,,,,,,,,,9,90,100964,20,23,32
2017-05-08T00:00:00,,,,,,,9,94,100853,19,20,29,,,,,,,,,100797,18,19,25,12,94,100808,13,14,19,10,94,100820,14,16,20,10,94,100831,18,20,26,,,100839,13,15,19,9,94,100835,12,13,17,10,94,100779,12,13,18,10,94,,15,17,25,10,94,100927,18,21,27,,,,,,,10,94,,16,18,24,10,94,,14,15,21,9,94,,14,16,21,9,94,,14,16,21,,,,,,,10,94,,10,11,15,10,94,,17,19,25,,,,,,,10,94,100942,12,13,17,10,94,100833,14,16,20,10,69,100711,14,15,20,,,,,,,10,94,,15,17,23,10,94,,15,16,21,9,94,101068,21,22,29,10,94,,16,18,23,10,94,100875,12,14,18,,,,,,,10,94,100902,19,21,29,10,94,100724,17,19,25,10,94,100836,16,17,23,,,,,,,10,94,100778,10,11,15,10,94,100775,12,13,17,10,94,100972,16,18,25,10,94,100948,13,14,19,10,94,100984,13,14,18,10,94,101037,15,17,23,10,94,100944,11,12,15,10,94,100791,16,18,24,10,94,100835,15,17,23,10,94,100829,16,17,20,9,94,100950,16,18,24,10,94,100871,19,20,23,9,94,100853,18,20,27,,,,,,,10,94,100928,16,18,24,9,94,100891,14,15,21,10,94,101095,17,18,25,,,,,,,,,,,,,,,,,,,9,94,100950,18,21,29
2017-05-08T01:00:00,,,,,,,9,92,100834,22,23,34,,,,,,,,,100776,21,23,30,12,92,100790,12,13,17,10,92,100801,18,20,26,9,92,100813,12,14,18,,,100820,15,17,23,9,92,100814,13,14,19,9,92,100761,13,15,20,9,92,,17,20,29,9,92,100917,13,15,19,,,,,,,9,92,,15,18,23,9,92,,19,21,28,9,92,,16,18,24,9,92,,18,21,28,,,,,,,9,92,,13,13,18,9,92,,18,20,27,,,,,,,10,92,100924,14,15,20,9,92,100814,15,17,22,10,67,100695,11,13,17,,,,,,,9,92,,15,17,23,10,92,,17,19,26,9,92,101043,23,24,31,9,92,,11,12,16,10,92,100857,14,17,23,,,,,,,9,92,100892,11,12,17,9,92,100711,9,10,13,10,92,100818,12,14,18,,,,,,,9,92,100758,11,12,17,10,92,100755,14,16,20,9,92,100958,13,16,21,9,92,100932,7,7,11,9,92,100964,16,18,23,9,92,101018,13,16,20,9,92,100936,6,7,10,9,92,100774,13,15,21,10,92,100817,10,12,16,10,92,100808,16,17,21,9,92,100930,19,22,30,10,92,100853,19,21,24,9,92,100831,18,21,28,,,,,,,9,92,100903,17,19,25,9,92,100868,15,16,22,9,92,101072,20,21,29,,,,,,,,,,,,,,,,,,,9,92,100931,21,25,35
2017-05-08T02:00:00,,,,,,,8,94,100818,22,23,33,,,,,,,,,100761,18,19,25,12,94,100776,11,13,17,10,94,100788,17,19,25,9,94,100800,20,22,29,,,100809,14,16,21,8,94,100801,13,15,19,9,94,100747,12,13,17,9,94,,17,19,28,9,94,100897,22,25,33,,,,,,,9,94,,20,23,30,9,94,,13,14,18,9,94,,14,16,21,9,94,,15,17,22,,,,,,,9,94,,11,11,15,9,94,,22,24,33,,,,,,,9,94,100913,13,14,18,9,94,100801,17,19,24,9,69,100681,13,16,20,,,,,,,9,94,,17,20,26,9,94,,16,18,24,8,94,101027,22,24,30,9,94,,15,17,23,9,94,100843,13,15,20,,,,,,,9,94,100874,19,22,30,9,94,100697,21,25,33,9,94,100804,18,19,25,,,,,,,9,94,100742,11,12,17,9,94,100741,12,14,18,8,94,100948,19,23,32,9,94,100921,10,12,16,9,94,100951,14,16,21,9,94,101000,13,14,19,9,94,100923,7,8,11,9,94,100762,21,24,34,9,94,100806,17,19,25,9,94,100799,14,14,17,9,94,100919,14,16,21,9,94,100839,20,22,25,9,94,100816,19,21,28,,,,,,,9,94,100887,17,19,25,9,94,100854,13,14,20,9,94,101068,18,19,26,,,,,,,,,,,,,,,,,,,8,94,100921,21,25,36
2017-05-08T03:00:00,,,,,,,8,94,100826,29,32,47,,,,,,,,,100770,27,31,43,12,94,100779,19,22,30,10,94,100799,20,23,31,9,94,100809,22,25,35,,,100816,19,22,30,8,94,100814,20,24,32,9,94,100757,19,22,30,9,94,,22,25,36,9,94,100909,19,22,30,,,,,,,9,94,,22,25,34,9,94,,19,21,28,8,94,,22,26,35,8,94,,21,24,32,,,,,,,9,94,,19,20,28,9,94,,22,24,33,,,,,,,9,94,100919,19,22,29,8,94,100811,25,29,38,9,69,100689,22,25,34,,,,,,,9,94,,21,25,34,9,94,,22,25,34,8,94,101036,23,25,32,9,94,,15,17,22,9,94,100854,18,22,29,,,,,,,9,94,100886,17,19,27,9,94,100707,15,18,23,9,94,100811,25,28,38,,,,,,,9,94,100754,17,20,27,9,94,100749,20,22,30,8,94,100962,23,27,38,9,94,100928,11,13,17,9,94,100952,23,25,33,9,94,101007,16,19,24,9,94,100932,10,11,14,9,94,100770,21,25,35,9,94,100816,17,19,26,9,94,100806,19,20,24,9,94,100927,20,24,32,9,94,100848,18,20,23,8,94,100826,18,21,27,,,,,,,9,94,100897,17,19,25,8,94,100864,14,16,22,9,94,101071,24,29,43,,,,,,,,,,,,,,,,,,,8,94,100928,21,26,37
2017-05-08T04:00:00,,,,,,,8,90,100876,22,24,34,,,,,,,,,100823,26,29,38,12,90,100839,10,11,15,9,90,100852,14,16,21,9,90,100862,13,13,18,,,100870,16,18,23,8,90,100865,23,27,37,9,90,100809,19,21,28,9,90,,17,19,29,9,90,100978,11,13,17,,,,,,,8,90,,13,14,19,9,90,,23,25,35,8,90,,19,22,29,8,90,,24,28,38,,,,,,,9,90,,22,24,33,8,90,,13,14,20,,,,,,,9,90,100975,16,18,23,8,90,100865,27,31,43,9,65,100743,13,15,19,,,,,,,9,90,,12,14,19,9,90,,19,21,27,8,90,101087,26,28,37,9,90,,12,13,17,9,90,100904,14,16,22,,,,,,,9,90,100949,14,15,20,8,90,100765,11,12,16,9,90,100866,11,12,16,,,,,,,9,90,100803,20,24,32,9,90,100805,15,17,22,8,90,101017,12,14,19,9,90,100977,7,8,12,9,90,101004,26,29,41,9,90,101064,18,21,29,8,90,100985,9,10,13,9,90,100822,11,12,17,9,90,100864,10,12,15,9,90,100852,22,25,31,9,90,100979,24,28,41,9,90,100900,18,19,22,8,90,100877,19,22,29,,,,,,,9,90,100944,19,22,29,8,90,100914,16,18,26,9,90,101123,26,30,46,,,,,,,,,,,,,,,,,,,8,90,100989,16,18,26
2017-05-08T05:00:00,,,,,,,8,90,100906,18,18,25,,,,,,,,,100856,18,19,26,12,90,100875,8,9,12,9,90,100880,11,12,16,9,90,100891,12,13,16,,,100900,12,13,17,8,90,100892,13,15,20,9,90,100841,12,13,18,9,90,,13,14,21,9,90,101005,12,13,17,,,,,,,8,90,,10,12,15,9,90,,16,18,24,8,90,,14,16,20,8,90,,18,20,27,,,,,,,9,90,,11,12,16,8,90,,11,12,16,,,,,,,9,90,101000,12,13,17,8,90,100894,17,19,24,9,65,100775,15,17,23,,,,,,,9,90,,10,12,15,9,90,,13,14,18,8,90,101124,35,39,55,9,90,,12,12,16,9,90,100933,10,11,15,,,,,,,9,90,100980,12,13,18,8,90,100790,11,12,16,9,90,100902,11,12,15,,,,,,,9,90,100834,12,13,18,9,90,100835,11,11,15,8,90,101048,10,12,16,9,90,101011,8,10,14,9,90,101049,16,17,23,9,90,101094,17,20,26,8,90,101017,7,8,11,9,90,100853,10,11,15,9,90,100896,11,12,16,9,90,100888,20,21,25,9,90,101015,19,23,30,9,90,100931,16,17,19,9,90,100915,18,20,27,,,,,,,9,90,100983,17,19,26,8,90,100951,15,17,23,9,90,101159,20,21,30,,,,,,,,,,,,,,,,,,,8,90,101019,13,14,19
2017-05-08T06:00:00,,,,,,,8,88,100944,16,16,22,,,,,,,,,100893,15,14,19,12,88,100910,7,8,11,9,88,100916,10,10,13,9,88,100927,12,12,16,,,100937,9,10,13,8,88,100931,9,11,14,9,88,100880,10,11,14,9,88,,14,14,20,9,88,101040,11,12,15,,,,,,,8,88,,9,11,13,9,88,,14,15,20,8,88,,17,18,24,8,88,,15,16,21,,,,,,,9,88,,10,10,14,9,88,,10,11,14,,,,,,,9,88,101043,8,9,12,8,88,100930,13,14,18,9,63,100812,9,11,13,8,88,101064,8,10,13,9,88,,10,11,14,9,88,,11,11,14,8,88,101165,24,26,33,9,88,,13,13,17,9,88,100972,7,9,11,,,,,,,9,88,101014,12,13,18,9,88,100823,9,11,14,9,88,100942,10,10,13,,,,,,,9,88,100875,8,9,13,9,88,100874,7,8,11,8,88,101083,9,11,15,9,88,101045,9,11,14,9,88,101091,14,14,19,9,88,101131,15,17,23,9,88,101047,8,9,12,9,88,100890,10,11,15,9,88,100931,10,11,14,9,88,100932,17,18,21,9,88,101055,16,18,24,9,88,100970,18,19,22,9,88,100957,19,21,27,,,,,,,9,88,101025,16,17,23,8,88,100993,13,14,19,9,88,101205,17,17,24,,,,,,,,,,,,,,,,,,,8,88,101049,11,12,17
2017-05-08T07:00:00,,,,,,,9,88,100968,24,24,34,,,,,,,,,100909,23,25,32,12,88,100929,10,12,15,10,88,100937,15,17,22,9,88,100945,13,14,19,,,100955,16,18,23,9,88,100954,16,18,23,9,88,100899,16,18,24,9,88,,18,20,29,9,88,101056,14,15,19,,,,,,,9,88,,15,16,21,9,88,,18,20,27,9,88,,23,26,34,9,88,,18,20,27,,,,,,,9,88,,17,18,25,9,88,,18,19,25,,,,,,,,,,,,,9,88,100948,19,21,27,10,63,100829,11,12,15,9,88,101071,13,14,19,9,88,,15,16,21,10,88,,20,21,28,9,88,101185,25,28,35,9,88,,14,14,18,10,88,100991,12,13,18,,,,,,,9,88,101031,13,14,19,9,88,100841,13,14,18,10,88,100954,13,14,18,,,,,,,9,88,100894,14,15,20,10,88,100892,14,15,19,9,88,101095,15,16,22,9,88,101061,8,9,13,9,88,101097,20,22,29,9,88,101156,19,21,28,9,88,101063,9,10,12,9,88,100909,14,16,21,9,88,100949,12,13,17,10,88,100939,22,24,29,9,88,101075,20,24,32,10,88,100994,19,21,24,9,88,100977,21,23,30,,,,,,,9,88,101040,20,22,29,9,88,101010,17,19,26,9,88,101214,23,26,38,,,,,,,,,,,,,,,,,,,9,88,101062,20,23,31
2017-05-08T08:00:00,,,,,,,10,83,100995,27,29,41,,,,,,,,,100933,25,27,36,13,83,100950,16,19,24,11,83,100959,18,21,27,11,83,100969,21,23,30,,,100972,22,25,33,10,83,100981,19,21,27,10,83,100918,20,22,29,11,83,,21,23,33,11,83,101054,21,23,30,,,,,,,10,83,,20,22,29,10,83,,21,22,30,10,83,,22,24,32,10,83,,25,28,38,11,83,,19,21,27,10,83,,17,18,24,10,83,,21,22,30,,,,,,,,,,,,,10,83,100968,21,23,29,11,58,100861,17,19,25,10,83,101080,19,22,29,10,83,,20,23,29,11,83,,21,23,31,10,83,101200,25,28,34,11,83,,20,22,29,11,83,101023,20,24,32,10,83,101096,17,20,25,10,83,101035,21,23,33,10,83,100854,20,22,30,11,83,100980,21,23,30,,,,,,,11,83,100918,16,18,24,11,83,100913,18,20,25,10,83,101102,23,26,36,10,83,101088,15,18,23,10,83,101115,20,21,28,10,83,101177,17,19,25,10,83,101083,15,17,22,10,83,100929,20,21,29,10,83,100978,19,21,28,11,83,100959,20,21,24,10,83,101091,21,25,34,10,83,101013,20,22,25,10,83,100996,20,22,28,,,,,,,10,83,101060,19,21,28,10,83,101028,17,18,25,10,83,101227,25,27,40,,,,,,,,,,,,,,,,,,,10,83,101077,21,24,33
2017-05-08T09:00:00,,,,,,,12,78,100989,24,24,33,,,,,,,,,100928,21,22,28,14,78,100933,17,18,24,13,76,100956,17,18,24,13,78,100962,19,20,26,,,100965,17,19,25,12,78,100975,16,18,23,13,78,100910,18,20,26,13,78,,18,20,29,14,78,101012,19,20,26,,,,,,,13,78,,18,20,25,12,78,,18,19,26,13,78,,19,21,27,12,78,,20,22,29,13,78,,15,17,22,13,78,,14,15,21,12,78,,20,21,27,,,,,,,,,,,,,12,78,100966,18,20,25,15,53,100858,17,19,24,12,78,101065,19,21,28,12,78,,18,20,26,13,78,,19,21,27,,,,,,,14,78,,20,21,27,13,78,101020,17,20,26,12,78,101078,17,19,26,13,78,101013,20,22,31,12,78,100841,18,20,26,13,78,100966,20,22,29,,,,,,,13,78,100915,15,17,22,15,78,100911,15,16,21,12,78,101070,19,21,28,13,78,101063,15,17,23,13,78,101093,17,19,24,13,78,101173,16,17,22,12,78,101065,16,18,23,12,78,100919,18,20,26,12,78,100969,19,21,27,14,78,100945,17,17,20,13,78,101074,18,21,27,13,78,101011,18,18,21,12,78,100993,17,19,25,,,,,,,12,78,101055,16,18,24,12,78,101023,15,16,22,12,78,101212,22,24,33,,,,,,,,,,,,,,,,,,,13,78,101059,19,21,28
2017-05-08T10:00:00,,,,,,,13,76,100976,20,20,28,,,,,,,,,100919,18,19,24,16,76,100903,14,16,21,14,72,100941,14,16,20,14,76,100943,17,18,23,,,100949,16,18,23,13,76,100956,15,17,21,13,76,100893,16,17,22,13,76,,17,18,26,15,76,100998,16,17,22,,,,,,,13,76,,15,17,22,13,76,,15,17,22,13,76,,17,19,24,13,76,,18,20,25,14,76,,16,17,22,13,76,,13,13,18,13,76,,17,18,24,,,,,,,14,76,101048,14,15,20,13,76,100950,16,17,22,16,51,100842,14,16,20,13,76,101044,16,17,23,13,76,,16,17,22,14,76,,18,19,24,,,,,,,15,76,,16,17,21,14,76,101003,15,18,23,,,,,,,13,76,101003,18,20,26,13,76,100830,16,17,22,14,76,100944,18,19,25,,,,,,,14,76,100901,13,15,19,15,76,100899,13,14,18,13,76,101047,17,19,25,14,76,101053,12,14,18,14,76,101076,15,17,22,13,76,101163,14,16,20,13,76,101048,14,15,20,13,76,100904,16,18,23,13,76,100950,16,18,23,14,76,100922,15,15,17,14,76,101049,17,19,24,13,76,100992,17,17,19,13,76,100977,17,18,23,,,,,,,13,76,101035,14,16,21,12,76,101001,13,14,19,13,75,101186,21,22,30,,,,,,,,,,,,,,,,,,,13,76,101051,17,18,24
2017-05-08T11:00:00,,,,,,,13,71,100969,21,21,29,,,,,,,,,100907,19,20,24,15,73,100901,14,15,19,14,67,100928,15,16,20,14,73,100934,17,18,23,,,100939,16,18,23,14,73,100946,15,17,21,14,73,100883,17,18,23,14,73,,19,20,29,14,73,101007,17,19,23,,,,,,,14,73,,17,19,24,14,73,,15,16,22,14,73,,18,20,25,13,73,,18,20,25,14,73,,15,16,21,14,73,,12,13,18,14,73,,18,19,24,,,,,,,14,73,101039,15,16,21,14,73,100939,17,18,23,15,48,100828,15,17,21,14,73,101034,15,17,22,14,73,,16,18,23,14,73,,18,19,25,14,70,101205,18,18,23,14,73,,17,18,23,14,73,100992,16,18,24,,,,,,,14,73,100988,18,19,25,14,73,100815,15,17,22,14,73,100940,16,18,23,,,,,,,14,73,100890,14,16,20,15,73,100883,13,15,19,14,73,101042,17,19,26,14,72,101045,13,14,18,14,73,101075,16,17,22,14,73,101154,16,17,21,14,73,101037,13,14,18,14,73,100897,16,18,23,14,73,100943,16,18,23,15,73,100924,16,15,18,14,73,101046,17,19,24,14,73,100985,17,17,18,14,73,100970,18,19,24,,,,,,,14,73,101029,14,15,20,13,73,100998,13,14,19,14,70,101177,22,23,33,,,,,,,,,,,,,,,,,,,13,70,101039,18,19,26
2017-05-08T12:00:00,,,,,,,13,72,100948,23,22,31,,,,,,,,,100882,22,22,29,15,73,100880,15,17,21,15,67,100903,16,17,22,14,73,100908,17,18,23,,,100912,19,20,26,14,73,100922,17,19,24,14,73,100863,20,21,28,14,73,,20,21,30,15,73,100963,19,20,25,,,,,,,14,73,,19,21,26,15,73,,17,18,25,15,73,,19,20,26,14,73,,19,21,27,14,73,,14,15,20,14,73,,15,17,22,14,73,,19,20,26,,,,,,,14,73,101029,15,16,21,14,73,100914,19,20,25,15,48,100803,17,19,24,14,73,100998,18,20,26,14,73,,18,20,25,14,73,,20,22,29,14,73,101178,22,22,28,15,73,,17,19,23,15,73,100970,19,22,28,14,73,100983,14,17,22,14,73,100962,17,19,25,14,73,100788,13,14,19,14,73,100916,21,22,29,,,,,,,14,73,100865,17,19,24,15,73,100858,16,17,22,14,73,101013,19,21,28,14,72,101017,13,15,20,14,73,101046,19,20,26,14,73,101127,18,19,25,14,73,101011,14,15,19,14,73,100871,18,19,25,14,73,100919,17,19,25,15,73,100882,21,22,26,15,73,101018,18,21,27,15,73,100964,19,20,22,14,73,100950,20,21,27,,,,,,,14,73,101007,17,18,24,13,73,100977,14,15,20,14,70,101149,22,24,33,,,,,,,,,,,,,,,,,,,14,70,101010,19,20,27
2017-05-08T13:00:00,,,,,,,14,65,100906,19,18,26,,,,,,,,,100843,18,18,23,16,68,100844,15,16,21,15,60,100870,11,12,15,15,68,100871,11,12,16,,,100875,13,14,18,15,68,100885,12,13,17,15,67,100821,14,15,20,15,68,,18,19,27,15,68,100939,10,11,14,,,,,,,15,68,,13,14,17,15,68,,15,16,21,15,68,,15,17,22,14,68,,18,19,25,15,68,,10,11,14,15,68,,11,12,16,15,68,,11,11,14,,,,,,,15,68,100973,14,15,19,14,65,100878,12,12,15,15,43,100766,16,18,23,15,68,100959,15,17,22,15,68,,14,15,20,15,68,,17,18,23,15,65,101130,20,21,26,15,68,,18,19,23,15,68,100933,17,18,24,15,68,100971,8,9,12,15,67,100936,10,11,15,15,67,100757,8,8,11,15,68,100875,17,18,24,,,,,,,15,68,100832,12,13,17,16,68,100820,12,12,16,14,65,100977,15,16,22,15,65,100983,6,7,9,15,68,101006,15,16,20,15,68,101089,12,12,16,14,67,100985,11,12,15,15,66,100834,13,14,19,15,68,100882,14,15,19,15,66,100854,14,14,17,15,68,100976,16,17,22,15,67,100917,14,13,15,15,68,100905,18,19,24,,,,,,,15,68,100965,13,14,19,14,68,100930,14,15,20,15,64,101111,20,21,29,,,,,,,,,,,,,,,,,,,14,63,100978,14,14,19
2017-05-08T14:00:00,,,,,,,14,59,100920,7,6,9,,,,,,,,,100863,7,7,10,17,64,100850,5,5,7,15,53,100889,3,4,6,15,62,100892,4,4,6,,,100895,4,5,6,14,64,100902,4,5,7,15,61,100836,5,5,7,15,64,,9,9,13,15,64,100968,4,5,6,,,,,,,14,63,,8,9,12,15,64,,7,7,10,14,64,,7,8,10,14,64,,9,10,13,15,64,,14,13,17,15,64,,4,5,7,15,64,,4,4,5,,,,,,,15,64,100985,5,6,7,14,58,100899,4,4,5,15,39,100777,3,4,5,14,61,100983,3,3,4,14,60,,4,4,5,15,64,,10,11,14,14,60,101134,18,19,24,15,62,,6,6,8,15,62,100946,5,6,8,14,63,100994,3,3,4,15,61,100954,4,4,6,14,60,100789,4,4,6,15,60,100888,4,4,5,,,,,,,15,63,100844,4,4,6,15,62,100837,4,5,6,14,56,100993,3,4,5,15,59,101011,4,4,6,15,63,101025,6,6,8,14,61,101101,7,7,10,15,60,101000,3,4,5,15,58,100853,3,4,5,15,61,100900,3,4,5,15,61,100871,8,8,9,15,63,100989,9,9,12,15,63,100923,12,12,13,14,62,100912,11,11,14,,,,,,,14,63,100975,7,8,11,14,64,100941,7,8,11,15,57,101135,8,8,11,,,,,,,,,,,,,,,,,,,14,57,101006,7,7,10
2017-05-08T15:00:00,,,,,,,13,67,100987,12,12,16,,,,,,,,,100930,11,11,14,16,70,100918,10,11,14,13,63,100947,9,10,12,13,70,100955,12,13,16,,,100959,11,12,15,13,70,100964,9,10,13,13,70,100896,9,10,13,13,70,,10,10,14,13,70,101044,12,13,16,,,,,,,13,70,,14,15,19,13,70,,6,7,9,13,70,,12,13,16,13,70,,10,10,13,,,,,,,13,70,,5,6,9,13,70,,11,11,15,,,,,,,13,70,101082,10,11,14,13,68,100964,12,13,16,14,45,100839,9,10,13,13,70,101052,10,11,14,13,70,,9,9,12,14,70,,12,13,18,13,67,101181,11,11,13,13,70,,12,12,15,14,70,101001,7,8,11,13,70,101071,8,9,11,13,70,101026,13,13,17,13,70,100859,12,12,16,13,70,100951,10,11,14,,,,,,,13,70,100898,8,8,11,14,70,100898,8,9,11,13,67,101067,11,11,15,13,69,101083,10,10,14,13,70,101087,8,9,12,13,69,101154,9,9,11,13,70,101078,11,12,15,13,67,100918,12,12,15,13,70,100965,12,12,16,14,69,100929,8,8,10,13,70,101046,9,10,12,14,70,100964,14,14,17,13,69,100963,7,8,10,,,,,,,13,70,101033,8,9,12,13,70,100995,5,6,8,13,65,101204,14,14,18,,,,,,,,,,,,,,,,,,,13,65,101067,12,12,16
2017-05-08T16:00:00,,,,,,,12,71,101050,18,18,25,,,,,,,,,100995,18,19,24,14,73,100999,17,19,25,12,67,101010,14,15,18,12,73,101022,16,17,22,,,101026,18,19,24,12,73,101028,13,13,17,12,73,100963,13,14,19,12,73,,15,16,23,12,73,101111,16,18,23,,,,,,,12,73,,16,18,23,12,73,,12,13,17,12,73,,18,19,25,12,73,,15,17,22,12,73,,16,17,22,12,73,,9,10,14,12,73,,16,16,21,,,,,,,12,73,101121,13,14,18,12,73,101025,16,17,21,12,48,100911,17,20,25,12,73,101136,18,19,24,12,73,,14,15,19,13,73,,14,15,20,12,73,101246,57,65,88,12,73,,19,20,26,12,73,101067,12,14,18,12,73,101115,11,12,16,12,73,101100,17,19,25,12,73,100924,17,19,25,12,73,101025,15,16,21,,,,,,,12,73,100960,11,12,16,12,73,100961,12,13,17,12,73,101145,16,17,23,12,73,101156,13,14,19,12,73,101160,13,14,18,12,73,101214,13,14,18,12,73,101157,16,18,23,12,72,100986,15,17,22,12,73,101035,16,18,23,12,73,101003,15,14,16,12,73,101119,14,15,19,13,73,101045,22,24,29,12,73,101025,13,13,16,,,,,,,12,73,101103,9,10,13,12,73,101065,9,10,14,12,69,101279,19,19,26,,,,,,,,,,,,,,,,,,,12,69,101135,17,17,24
2017-05-08T17:00:00,,,,,,,11,74,101105,24,24,33,,,,,,,,,101047,24,25,32,14,74,101062,18,21,27,12,71,101068,19,21,26,11,74,101082,20,22,28,,,101083,24,26,35,11,74,101083,18,20,25,11,74,101023,18,19,25,11,74,,17,19,28,11,74,101161,20,22,29,,,,,,,11,74,,18,20,26,11,74,,19,20,27,11,74,,20,22,28,11,74,,18,20,26,11,74,,20,22,28,11,74,,14,15,21,11,74,,20,21,27,,,,,,,12,74,101181,16,18,23,11,74,101080,22,24,30,11,49,100966,19,21,27,11,74,101203,17,19,25,11,74,,17,19,25,12,74,,21,22,29,11,74,101307,30,32,42,11,74,,19,21,28,12,74,101124,16,18,24,,,,,,,11,74,101142,21,23,32,11,74,100977,19,21,28,11,74,101082,17,19,24,,,,,,,11,74,101014,16,18,24,11,74,101018,16,18,23,11,74,101211,18,20,27,11,74,101206,15,17,22,11,74,101218,19,20,26,11,74,101271,18,20,26,11,74,101207,17,19,25,11,74,101041,19,21,28,11,74,101089,18,20,26,11,74,101047,27,29,39,11,74,101180,19,22,28,12,74,101108,23,25,31,11,74,101085,18,20,25,,,,,,,11,74,101163,25,29,38,11,74,101127,14,15,21,11,73,101329,22,24,33,,,,,,,,,,,,,,,,,,,11,72,101190,22,24,33
2017-05-08T18:00:00,,,,,,,10,80,101167,26,26,37,,,,,,,,,101110,26,27,35,14,80,101122,24,27,37,11,79,101138,21,23,29,10,80,101148,23,25,32,,,101149,24,26,34,10,80,101150,21,24,31,10,80,101089,20,22,29,10,80,,20,22,32,10,80,101226,21,24,30,,,,,,,10,80,,20,22,29,10,80,,22,24,32,10,80,,22,25,33,10,80,,21,23,30,,,,,,,10,80,,17,18,24,10,80,,24,26,35,,,,,,,11,80,101246,19,21,27,10,80,101146,25,28,36,11,55,101034,22,25,33,10,80,101252,22,24,32,10,80,,19,22,28,11,80,,23,26,35,10,80,101371,45,49,66,10,80,,24,27,35,11,80,101191,18,21,28,,,,,,,10,80,101209,22,25,35,10,80,101038,23,26,35,10,80,101152,26,27,36,,,,,,,10,80,101080,19,21,28,11,80,101083,19,21,27,10,80,101281,19,22,30,10,80,101273,18,21,27,10,80,101282,22,24,31,10,80,101339,20,22,28,10,80,101265,21,24,31,10,80,101107,24,26,35,11,80,101158,22,25,33,11,80,101109,23,25,31,10,80,101245,21,24,32,11,80,101170,27,29,37,10,80,101152,23,25,32,,,,,,,10,80,101222,21,23,30,10,80,101194,16,17,22,10,80,101394,24,27,38,,,,,,,,,,,,,,,,,,,10,80,101256,24,27,39
2017-05-08T19:00:00,,,,,,,9,85,101235,27,28,40,,,,,,,,,101178,28,31,41,12,85,101191,19,22,29,10,85,101206,22,25,33,9,85,101215,23,25,33,,,101221,24,27,35,9,85,101221,24,26,34,10,85,101162,23,24,32,9,85,,21,24,34,10,85,101295,23,26,33,,,,,,,9,85,,22,25,32,10,85,,28,31,44,9,85,,25,29,39,9,85,,23,25,34,,,,,,,10,85,,21,22,29,9,85,,27,30,42,,,,,,,10,85,101315,22,24,31,9,85,101217,25,28,35,10,60,101104,21,24,31,9,85,101321,23,25,33,9,85,,19,22,28,10,85,,23,26,35,9,85,101447,28,30,39,10,85,,24,27,35,10,85,101267,22,26,35,,,,,,,9,85,101279,22,25,34,9,85,101105,24,27,36,10,85,101225,25,27,36,,,,,,,9,85,101152,20,22,29,10,85,101158,22,24,32,9,85,101350,22,24,32,10,85,101341,17,19,25,10,85,101353,24,26,35,9,85,101413,20,22,29,9,85,101339,20,23,30,9,85,101175,23,25,33,10,85,101233,21,23,30,10,85,101202,22,23,28,9,85,101322,23,27,37,10,85,101254,25,27,34,9,85,101230,23,25,32,,,,,,,9,85,101297,32,38,54,9,85,101263,18,20,27,9,85,101467,27,29,44,,,,,,,,,,,,,,,,,,,9,85,101327,25,28,41
2017-05-08T20:00:00,,,,,,,8,85,101261,25,26,36,,,,,,,,,101207,27,29,38,12,85,101223,18,20,26,9,85,101231,17,19,25,9,85,101243,20,21,28,,,101249,19,21,27,8,85,101248,18,21,27,9,85,101187,17,19,25,9,85,,19,21,30,9,85,101330,20,22,28,,,,,,,9,85,,19,22,28,9,85,,21,23,31,9,85,,22,25,33,8,85,,20,22,29,,,,,,,9,85,,16,17,22,9,85,,18,19,25,,,,,,,9,85,101350,17,19,24,9,85,101246,23,25,32,9,60,101129,18,21,28,9,85,101363,16,18,24,9,85,,17,19,25,10,85,,23,26,35,8,85,101468,24,25,32,9,85,,21,23,30,10,85,101291,20,23,31,8,85,101381,15,17,23,9,85,101319,19,20,28,9,85,101145,17,19,25,9,85,101250,21,23,29,,,,,,,9,85,101174,16,18,24,9,85,101174,19,21,27,8,85,101388,18,20,27,9,85,101369,12,14,19,9,85,101390,20,22,29,9,85,101438,19,22,28,8,85,101375,15,17,22,9,85,101204,20,22,29,9,85,101254,17,19,25,9,85,101230,20,21,24,9,85,101350,21,24,31,10,85,101284,30,33,43,8,85,101253,23,25,33,,,,,,,9,85,101325,25,28,37,9,85,101288,17,18,25,9,85,101501,24,27,39,,,,,,,,,,,,,,,,,,,8,85,101357,21,24,34
2017-05-08T21:00:00,,,,,,,8,88,101309,18,18,25,,,,,,,,,101244,20,21,27,11,88,101277,15,17,23,9,88,101277,13,14,19,8,88,101298,13,14,19,,,101299,14,15,20,8,88,101292,14,16,20,8,88,101236,13,14,19,8,88,,12,13,19,8,88,101399,14,16,20,,,,,,,8,88,,13,14,18,8,88,,13,14,19,8,88,,16,17,22,8,88,,15,16,21,,,,,,,8,88,,11,11,15,8,88,,13,14,18,,,,,,,9,88,101403,13,14,18,8,88,101295,16,17,22,8,63,101179,13,15,19,8,88,101423,12,13,17,8,88,,12,13,17,9,88,,17,18,24,8,88,101506,22,22,28,8,88,,16,17,22,9,88,101330,12,14,18,8,88,101429,11,12,17,8,88,101391,13,15,20,8,88,101200,13,14,19,8,88,101303,14,14,19,,,,,,,8,88,101217,12,13,17,,,,,,,8,88,101452,12,13,17,8,88,101429,8,10,13,8,88,101444,15,16,21,8,88,101478,13,14,18,8,88,101435,11,12,16,8,88,101256,13,15,19,9,88,101304,12,13,18,9,88,101274,18,19,22,8,88,101394,17,19,25,9,88,101318,23,26,33,8,88,101288,16,18,24,7,88,101556,14,14,19,8,88,101369,13,14,19,8,88,101336,13,14,19,8,88,101565,19,19,26,,,,,,,,,,,,,,,,,,,8,88,101415,17,18,25
2017-05-08T22:00:00,,,,,,,7,85,101342,12,12,17,,,,,,,,,,,,,10,85,101319,16,18,23,8,85,101321,8,9,11,7,85,101336,9,10,13,,,101345,8,9,12,7,85,101336,7,9,12,7,85,101283,7,8,11,7,85,,8,9,14,7,85,101447,9,11,14,,,,,,,7,85,,8,9,12,7,85,,10,10,13,7,85,,9,10,14,7,85,,9,10,13,,,,,,,7,85,,5,6,8,7,85,,7,8,12,,,,,,,7,85,101448,7,9,11,7,85,101343,11,12,15,7,60,101211,8,9,12,7,85,101476,8,9,12,7,85,,7,8,11,8,85,,13,14,19,6,85,101548,15,15,18,7,85,,11,12,16,8,85,101367,6,8,10,7,85,101476,6,7,10,7,85,101434,10,10,14,7,85,101236,20,20,26,7,85,101337,7,9,12,,,,,,,7,85,101258,7,8,11,7,85,101278,5,7,12,7,85,101496,7,9,12,7,85,101461,5,6,9,7,85,101500,8,10,13,7,85,101515,8,9,12,7,85,101469,7,7,10,7,85,101296,9,10,13,8,85,101336,7,9,11,7,85,101327,10,10,12,7,85,101445,10,11,15,8,85,101361,11,11,12,7,85,101328,10,12,15,,,101591,10,10,13,7,85,101416,8,9,12,7,85,101382,6,7,10,7,85,101613,13,13,17,,,,,,,,,,,,,,,,,,,7,85,101468,11,12,16
2017-05-08T23:00:00,,,,,,,6,81,101357,9,10,14,,,,,,,,,,,,,10,81,101339,14,15,20,7,81,101333,7,8,10,7,81,101354,8,9,12,,,101360,7,9,11,6,81,101347,6,8,10,7,81,101295,6,8,10,6,81,,7,9,13,7,81,101465,8,9,12,,,,,,,6,81,,7,9,12,7,81,,10,10,13,6,81,,8,9,12,6,81,,8,9,12,,,,,,,7,81,,5,5,7,6,81,,7,8,11,,,,,,,7,81,101461,7,9,12,6,81,101355,10,11,13,7,56,101223,6,8,11,6,81,101495,7,8,11,7,81,,6,8,10,7,81,,7,8,10,6,81,101567,10,10,13,7,81,,9,10,13,7,81,101381,6,7,10,6,81,101495,6,7,10,7,81,101453,9,9,12,6,81,101256,15,15,20,7,81,101353,6,7,10,,,,,,,7,81,101268,6,7,9,,,,,,,6,81,101515,7,8,11,7,81,101478,5,7,10,7,81,101511,8,9,12,6,81,101529,7,8,10,7,81,101493,6,7,10,7,81,101309,8,9,12,7,81,101351,7,8,11,7,81,101336,10,10,11,6,81,101469,9,10,13,7,81,101373,9,9,10,6,81,101350,7,8,11,,,101613,4,5,7,6,81,101431,5,6,8,6,81,101410,4,5,7,7,81,101632,11,11,15,,,,,,,,,,,,,,,,,,,6,81,101480,11,11,15
2017-05-09T00:00:00,,,,,,,5,81,101384,9,10,14,,,,,,,,,,,,,9,81,101373,9,11,14,6,81,101353,7,8,11,6,81,101375,7,9,12,,,101380,7,9,12,5,81,101372,6,7,9,6,81,101323,6,7,10,6,81,,7,8,12,6,81,101494,8,10,12,,,,,,,5,81,,7,8,11,6,81,,9,9,12,6,81,,7,8,11,6,81,,8,9,12,,,,,,,6,81,,5,5,7,5,81,,7,8,11,,,,,,,6,81,101487,6,7,9,5,81,101376,10,11,14,6,56,101253,6,7,10,6,81,101525,6,7,10,6,81,,8,10,12,6,81,,8,8,11,5,81,101595,9,9,12,6,81,,8,10,13,7,81,101406,5,6,8,5,81,101523,5,6,9,6,81,101482,8,9,12,6,81,101277,17,17,21,6,81,101384,6,7,10,,,,,,,6,81,101291,5,6,9,,,,,,,5,81,101536,9,11,14,6,81,101506,5,6,8,6,81,101534,7,8,11,5,81,101551,7,8,10,5,81,101520,6,7,10,6,81,101329,40,42,55,6,81,101373,6,8,10,6,81,101351,10,9,11,6,81,101499,9,10,13,6,81,101395,9,9,11,5,81,101379,8,9,12,,,101646,5,5,8,6,81,101460,5,6,9,6,81,101435,4,5,8,6,81,101664,11,11,15,,,,,,,,,,,,,,,,,,,5,81,101506,11,11,15
2017-05-09T01:00:00,,,,,,,5,90,101417,8,9,13,,,,,,,,,,,,,9,90,101400,7,8,11,6,90,101386,7,8,10,5,90,101413,7,8,11,,,101416,6,8,11,5,90,101400,6,7,10,6,90,101355,6,7,10,5,90,,6,7,11,6,86,101525,7,9,12,,,,,,,5,90,,6,7,9,5,90,,7,8,10,5,90,,6,7,10,5,90,,6,7,9,,,,,,,6,90,,6,6,9,5,90,,6,7,10,,,,,,,6,90,101524,5,6,9,5,90,101405,9,10,13,5,65,101290,5,6,8,5,90,101560,6,6,9,5,90,,5,6,9,6,90,,7,8,10,5,90,101622,8,8,11,5,90,,6,7,10,6,90,101442,5,6,8,5,90,101546,5,6,8,5,86,101508,7,8,11,5,86,101303,11,11,15,6,90,101422,5,5,8,,,,,,,5,90,101328,5,6,9,,,,,,,5,90,101575,6,7,10,6,90,101539,4,5,7,6,90,101572,7,8,11,5,90,101582,6,8,10,5,90,101551,4,5,7,5,90,101367,7,8,11,6,90,101410,5,6,8,6,90,101403,9,9,11,5,90,101526,8,9,12,6,90,101437,10,10,11,5,90,101402,7,8,11,,,101679,3,4,6,5,90,101484,6,7,9,5,90,101463,4,5,7,6,90,101697,11,10,14,,,,,,,,,,,,,,,,,,,5,90,101537,10,11,14
2017-05-09T02:00:00,,,,,,,4,86,101440,6,6,8,,,,,,,,,,,,,9,86,101433,6,7,10,5,84,101410,3,4,5,5,86,101437,4,5,7,,,101439,3,4,6,4,86,101426,3,3,5,5,86,101384,3,3,5,5,86,,4,5,7,5,82,101549,3,4,5,,,,,,,4,86,,3,3,5,5,86,,5,5,7,5,86,,4,5,7,5,86,,5,6,8,,,,,,,5,86,,3,3,5,5,86,,3,4,5,,,,,,,5,86,101546,3,3,4,5,86,101431,4,4,5,5,61,101317,3,4,5,5,86,101590,3,4,6,5,86,,3,4,5,5,86,,4,5,6,4,86,101644,5,6,7,5,86,,3,4,5,6,86,101468,3,3,5,5,86,101572,2,2,4,5,82,101537,4,5,6,5,82,101327,20,18,24,5,86,101449,4,4,6,,,,,,,5,86,101350,3,3,5,,,,,,,4,86,101603,3,4,6,5,86,101561,2,3,4,5,86,101601,4,5,6,5,86,101604,3,4,6,5,86,101581,2,3,4,5,86,101392,4,4,6,5,86,101436,3,4,6,5,86,101418,5,5,6,5,86,101548,5,6,8,5,86,101458,5,5,5,4,86,101428,5,5,7,,,101701,2,3,4,5,86,101505,3,4,5,5,86,101489,3,3,5,5,86,101727,7,7,10,,,,,,,,,,,,,,,,,,,4,84,101561,4,5,7
2017-05-09T03:00:00,,,,,,,4,78,101475,4,4,6,,,,,,,,,,,,,8,78,101461,4,4,6,5,76,101444,3,3,4,4,78,101471,3,4,5,,,101472,3,3,5,4,78,101454,2,3,4,5,78,101416,2,2,3,4,78,,2,3,4,5,78,101580,2,3,5,,,,,,,4,78,,2,2,3,4,78,,4,4,6,4,78,,4,5,6,4,78,,2,2,3,,,,,,,5,78,,2,2,3,4,78,,2,3,5,,,,,,,5,78,101579,2,2,3,4,78,101461,4,4,5,5,53,101350,3,4,5,4,78,101615,1,2,3,4,78,,2,3,4,5,78,,2,3,4,4,78,101675,3,3,4,4,78,,2,3,4,5,78,101500,2,2,3,,,,,,,4,78,101563,3,3,5,5,78,101353,10,10,13,5,78,101485,2,2,3,,,,,,,4,78,101380,2,3,4,,,,,,,4,78,101642,2,2,4,5,78,101595,2,2,4,5,78,101634,2,3,4,4,78,101635,3,4,5,4,78,101610,1,2,3,4,78,101428,3,3,4,5,78,101469,2,3,4,5,78,101451,4,4,5,4,78,101583,3,3,5,5,78,101483,4,4,5,4,78,101461,2,3,4,,,101733,0,1,2,4,78,101534,2,2,3,4,78,101518,1,2,3,5,77,101759,4,5,7,,,,,,,,,,,,,,,,,,,4,77,101595,4,5,7
2017-05-09T04:00:00,,,,,,,3,76,101510,6,6,9,,,,,,,,,,,,,8,76,101494,4,5,7,4,73,101483,3,4,5,4,76,101505,4,5,7,,,101514,3,4,5,4,76,101498,2,3,4,4,76,101454,3,3,5,4,76,,3,4,6,4,76,101617,4,4,6,,,,,,,4,76,,3,3,5,4,76,,4,5,6,4,76,,6,6,8,4,76,,3,4,5,,,,,,,4,76,,2,3,4,4,76,,3,4,5,,,,,,,4,76,101616,3,4,5,4,76,101505,4,4,6,6,51,101386,5,6,7,4,76,101647,3,3,4,4,76,,3,4,5,4,76,,3,4,6,4,76,101713,4,4,5,4,76,,4,4,6,5,76,101534,3,3,5,,,,,,,5,76,101576,3,4,6,4,76,101393,6,6,8,4,76,101518,3,4,5,,,,,,,4,76,101416,2,3,4,,,,,,,4,76,101675,3,4,6,4,76,101621,3,3,4,4,76,101672,3,4,6,4,76,101680,2,3,4,4,76,101645,2,3,4,4,76,101466,3,4,5,4,76,101506,3,4,5,4,76,101484,4,5,6,4,76,101618,4,5,6,5,76,101530,4,4,5,4,76,101501,3,4,5,,,101768,1,2,4,5,76,101569,6,7,10,4,76,101558,2,2,3,4,76,101796,6,6,9,,,,,,,,,,,,,,,,,,,4,76,101629,5,5,8
2017-05-09T05:00:00,,,,,,,4,76,101512,6,6,9,,,,,,,,,,,,,8,76,101494,3,4,5,5,72,101486,3,4,5,5,76,101513,5,5,7,,,101519,3,4,5,5,76,101508,3,4,5,5,76,101456,3,4,5,5,76,,4,4,6,4,76,101627,3,4,6,,,,,,,4,76,,3,3,5,4,76,,4,5,7,4,76,,6,6,8,4,76,,4,4,6,,,,,,,5,76,,2,3,4,4,76,,3,4,5,,,,,,,6,76,101613,8,9,11,4,76,101508,4,4,6,7,51,101402,4,5,7,4,76,101657,3,4,5,4,76,,3,4,5,5,76,,3,4,6,4,76,101720,4,4,5,5,76,,4,4,6,5,76,101540,3,3,5,,,,,,,6,76,101570,4,4,6,4,76,101396,24,22,28,7,76,101521,4,4,6,,,,,,,5,76,101421,2,3,4,,,,,,,5,76,101660,3,4,6,5,76,101626,2,3,4,5,76,101669,4,4,6,6,76,101698,2,3,4,4,76,101649,3,3,4,5,76,101467,4,4,6,5,76,101510,3,4,6,6,76,101481,4,4,4,5,76,101619,4,5,6,5,76,101531,3,3,3,4,76,101510,4,4,5,,,101772,1,2,4,5,76,101585,2,3,4,4,76,101562,2,2,4,4,74,101801,8,7,10,,,,,,,,,,,,,,,,,,,4,75,101631,5,5,7
2017-05-09T06:00:00,,,,,,,5,71,101537,7,7,9,,,,,,,,,101497,9,9,12,9,73,101516,3,4,6,6,67,101508,5,5,7,6,73,101533,5,5,7,,,101540,4,5,7,5,73,101524,3,4,6,6,73,101480,4,5,6,5,73,,4,5,7,5,73,101645,5,6,8,,,,,,,5,73,,6,6,8,5,73,,5,5,6,5,73,,8,9,11,5,73,,5,5,7,,,,,,,6,73,,3,3,4,5,73,,5,5,7,,,,,,,8,73,101634,6,7,10,5,73,101528,5,5,7,6,48,101422,4,4,6,5,73,101677,3,4,5,5,73,,4,5,6,6,73,,5,5,7,5,72,101735,6,7,9,6,73,,4,4,6,6,73,101560,4,4,6,,,,,,,6,73,101614,4,5,7,5,73,101418,4,4,6,7,73,101546,4,4,6,,,,,,,5,73,101444,3,4,5,,,,,,,5,73,101686,5,5,7,6,73,101644,3,4,5,6,73,101689,4,5,7,7,73,101725,3,3,4,5,73,101668,4,4,5,6,71,101492,5,5,7,6,73,101532,4,5,7,7,68,101491,4,4,4,5,73,101638,4,5,7,6,73,101553,4,4,4,5,72,101525,3,4,6,,,101796,2,3,4,6,73,101605,2,3,4,5,73,101577,1,2,3,5,69,101814,8,8,11,,,,,,,,,,,,,,,,,,,5,70,101656,7,7,10
2017-05-09T07:00:00,,,,,,,5,72,101569,7,8,11,,,,,,,,,101521,9,9,12,9,73,101546,3,4,6,6,66,101531,4,5,7,5,73,101559,6,6,8,,,101563,5,5,7,5,73,101549,4,4,6,6,73,101504,4,5,7,5,73,,5,5,8,5,73,101660,6,7,9,,,,,,,4,73,,5,6,7,5,73,,5,5,7,5,73,,10,11,14,5,73,,5,5,8,,,,,,,5,73,,3,3,5,5,73,,5,5,7,,,,,,,6,73,101664,6,6,8,5,72,101553,5,6,8,6,48,101448,4,5,7,5,73,101702,4,5,7,5,73,,4,5,6,5,73,,6,6,8,5,69,101760,28,32,45,6,73,,6,7,9,6,73,101585,4,5,7,5,73,101683,4,5,7,5,73,101640,5,6,8,5,73,101438,13,12,16,6,73,101571,4,5,7,,,,,,,5,73,101469,4,4,6,,,,,,,5,73,101713,4,5,8,6,73,101669,4,5,7,5,73,101714,5,6,7,5,71,101741,4,5,7,5,73,101691,5,5,7,5,72,101516,6,6,9,5,73,101559,5,6,8,6,71,101533,6,5,6,5,73,101663,5,6,8,6,73,101577,6,6,7,5,72,101549,5,6,8,5,73,101826,3,3,5,5,73,101632,3,3,5,5,73,101605,2,2,4,5,68,101842,8,7,10,,,,,,,,,,,,,,,,,,,5,70,101673,8,8,11
2017-05-09T08:00:00,,,,,,,5,74,101567,7,7,10,,,,,,,,,101522,9,9,12,9,74,101544,5,6,9,6,67,101529,5,6,8,6,74,101557,6,7,9,,,101557,5,6,8,5,74,101543,6,7,9,6,74,101501,5,6,9,5,74,,4,5,7,6,74,101646,6,7,9,,,,,,,5,74,,6,6,9,5,74,,4,4,6,5,74,,10,11,14,5,74,,5,6,8,,,,,,,6,74,,3,4,5,5,74,,5,6,8,,,,,,,7,74,101656,9,10,12,5,73,101547,7,8,10,6,49,101445,4,5,7,5,74,101693,4,5,6,5,74,,5,5,7,6,74,,6,6,9,5,70,101764,12,13,18,6,74,,5,5,7,6,74,101587,5,6,8,5,74,101680,3,4,6,6,74,101630,6,7,9,5,74,101433,5,6,8,6,74,101569,5,6,8,,,,,,,6,74,101469,5,5,7,,,,,,,5,69,101695,4,5,6,6,74,101662,3,4,6,6,74,101700,5,6,8,6,74,101742,5,6,8,5,74,101686,4,5,6,5,73,101513,8,9,11,6,74,101560,5,6,7,6,70,101518,7,7,8,6,74,101655,6,7,9,6,74,101576,7,6,7,5,74,101550,6,6,8,,,101827,2,3,4,5,74,101628,4,4,6,5,74,101603,3,3,5,,,,,,,,,,,,,,,,,,,,,,,,,5,71,101662,8,8,11
2017-05-09T09:00:00,,,,,,,6,70,101576,10,10,14,,,,,,,,,101526,11,11,14,9,71,101542,6,7,10,7,61,101535,7,8,10,6,71,101561,8,9,11,,,101559,7,8,10,6,71,101548,6,7,9,7,71,101500,6,7,10,6,71,,6,7,10,7,71,101654,8,9,11,,,,,,,6,71,,7,8,11,7,71,,5,5,7,6,71,,12,12,16,6,71,,7,8,11,,,,,,,7,71,,4,5,7,6,71,,7,8,10,,,,,,,7,71,101658,14,15,20,6,67,101549,8,9,11,7,46,101447,5,7,9,6,71,101691,5,6,8,6,69,,5,6,8,7,71,,8,8,11,6,64,101763,12,13,17,7,71,,6,6,8,7,71,101592,6,7,9,,,,,,,6,71,101636,8,9,12,6,70,101444,7,8,11,6,70,101567,6,7,9,,,,,,,7,71,101469,5,7,9,,,,,,,6,65,101700,6,7,10,7,71,101665,5,6,8,7,71,101693,6,7,10,7,70,101745,5,6,8,6,70,101686,5,6,8,6,68,101519,7,8,11,6,71,101562,6,7,9,7,65,101517,8,8,9,7,71,101649,7,8,10,7,71,101584,7,7,8,6,69,101553,6,7,9,,,101833,3,4,6,6,71,101628,4,5,6,6,71,101600,3,4,5,6,64,101828,9,9,12,,,,,,,,,,,,,,,,,,,6,67,101662,9,9,13
2017-05-09T10:00:00,,,,,,,7,66,101543,10,10,14,,,,,,,,,101495,12,12,15,10,68,101505,6,7,9,7,58,101503,9,9,12,7,68,101524,9,10,13,,,101528,8,9,12,6,68,101518,7,9,11,8,68,101469,8,9,12,7,68,,7,9,12,9,68,101582,8,9,11,,,,,,,7,68,,7,9,11,7,68,,6,7,9,8,68,,12,13,17,6,68,,8,9,12,,,,,,,7,68,,5,5,8,7,68,,8,9,12,,,,,,,9,68,101620,10,11,14,6,63,101517,9,10,12,8,43,101412,7,8,10,7,68,101650,7,8,11,7,64,,6,7,9,8,68,,9,9,12,6,60,101740,12,12,15,9,68,,8,8,11,7,68,101557,6,7,10,,,,,,,7,67,101591,8,9,12,7,66,101399,8,9,12,7,66,101530,8,9,12,,,,,,,7,68,101440,7,8,11,,,,,,,7,61,101652,7,8,11,8,67,101626,6,7,9,8,68,101666,8,9,11,7,68,101719,7,8,10,7,66,101645,6,7,9,7,64,101481,7,9,11,7,68,101526,8,9,12,8,60,101485,8,8,9,8,68,101618,9,10,12,8,68,101563,8,8,8,6,66,101530,7,8,11,,,101801,6,6,8,7,68,101599,5,6,8,6,68,101576,4,4,6,7,60,101770,11,11,15,,,,,,,,,,,,,,,,,,,7,64,101626,10,10,14
2017-05-09T11:00:00,,,,,,,8,78,101501,8,8,12,,,,,,,,,101443,10,10,13,10,79,101445,6,7,9,8,70,101456,7,8,10,7,79,101476,8,9,11,,,101475,7,8,11,7,82,101470,6,8,10,9,81,101424,8,8,11,7,82,,6,7,10,10,79,101523,7,8,10,,,,,,,,,,,,,8,82,,6,7,10,8,82,,10,11,14,7,82,,7,8,10,,,,,,,8,82,,4,5,7,7,82,,6,7,9,,,,,,,9,82,101569,6,8,10,7,77,101469,10,11,13,8,57,101362,5,6,8,7,79,101594,5,6,8,7,75,,5,6,7,8,82,,9,9,12,7,74,101693,10,10,12,11,72,,6,7,9,8,82,101510,6,8,10,,,,,,,7,74,101542,6,7,9,7,74,101348,6,7,9,8,77,101497,7,8,11,,,,,,,7,82,101397,6,7,10,,,,,,,7,71,101598,5,6,8,9,77,101575,5,6,8,8,82,101612,7,8,11,7,82,101678,8,9,12,7,79,101593,4,5,7,7,75,101430,6,7,9,8,80,101480,5,6,8,9,72,101442,10,10,12,9,79,101559,9,9,12,9,82,101523,9,9,9,7,80,101489,8,9,11,,,101752,5,5,7,7,82,101551,6,7,9,7,82,101524,5,5,8,7,75,101737,11,11,15,,,,,,,,,,,,,,,,,,,8,76,101575,8,8,11
2017-05-09T12:00:00,,,,,,,8,58,101479,8,8,11,,,,,,,,,101422,9,10,12,11,64,101429,5,6,8,9,50,101434,6,7,9,8,59,101452,8,9,12,,,101448,6,7,9,8,61,101445,5,6,8,9,60,101401,7,7,9,8,64,,6,7,10,9,64,101521,7,7,9,,,,,,,,,,,,,8,64,,5,6,8,9,64,,10,11,13,8,62,,7,8,10,,,,,,,9,64,,4,5,7,8,64,,6,6,8,,,,,,,9,64,101551,6,7,9,8,53,101438,7,7,9,9,39,101340,5,6,8,8,59,101572,9,11,16,8,56,,5,5,7,9,64,,6,7,10,8,52,101668,7,8,10,10,57,,5,6,8,9,63,101488,5,6,8,8,59,101554,4,4,7,8,58,101521,6,7,9,8,58,101321,6,7,9,8,56,101450,6,6,8,,,,,,,8,59,101372,5,5,7,,,,,,,8,52,101584,5,6,8,9,57,101558,4,5,6,9,60,101596,6,7,9,8,59,101644,5,6,8,8,58,101572,5,5,7,8,56,101407,6,7,9,9,61,101458,5,6,8,9,51,101414,6,6,7,9,56,101542,8,8,10,10,60,101491,6,6,7,8,58,101448,7,7,9,,,101738,5,5,7,8,60,101518,4,5,6,8,64,101501,4,5,6,8,54,101720,11,11,15,,,,,,,,,,,,,,,,,,,8,55,101548,8,7,10
2017-05-09T13:00:00,,,,,,,8,53,101455,7,7,10,,,,,,,,,101392,8,9,11,11,59,101404,5,6,8,9,42,101406,5,5,7,8,53,101423,5,6,8,,,101418,5,6,8,8,54,101416,4,4,6,11,55,101374,6,7,9,8,59,,5,6,9,9,59,101496,5,6,8,,,,,,,,,,,,,9,59,,4,5,7,9,59,,9,10,12,7,59,,8,9,12,,,,,,,11,59,,3,4,5,9,59,,5,5,7,,,,,,,9,59,101516,5,5,7,8,47,101408,6,6,8,9,34,101313,5,6,8,8,55,101540,5,5,7,9,51,,5,5,7,9,59,,6,7,10,8,47,101637,36,45,63,9,54,,5,6,8,8,57,101457,4,5,6,8,52,101538,3,4,5,8,53,101490,5,6,8,8,52,101295,6,6,8,8,53,101430,6,6,8,,,,,,,8,54,101339,4,5,6,,,,,,,8,47,101552,4,5,6,9,54,101524,4,5,7,9,55,101554,4,5,7,8,54,101615,5,6,8,8,54,101538,4,5,6,8,50,101379,5,6,8,8,56,101426,5,6,8,9,48,101386,6,6,7,10,49,101504,6,6,8,10,54,101468,6,5,6,8,53,101417,5,5,7,,,101713,4,4,6,8,55,101488,3,4,5,8,59,101471,4,5,6,,,,,,,,,,,,,,,,,,,,,,,,,9,50,101519,8,8,11
2017-05-09T14:00:00,,,,,,,8,51,101442,6,6,9,,,,,,,,,101384,6,7,9,11,58,101391,5,5,8,9,40,101407,4,5,6,8,51,101414,6,7,9,,,101422,6,7,9,8,52,101415,3,4,5,10,52,101370,5,5,7,8,57,,4,5,7,8,58,101507,5,5,7,,,,,,,,,,,,,9,58,,4,4,6,9,58,,8,9,11,8,57,,9,10,12,,,,,,,11,58,,3,3,5,10,58,,4,5,6,,,,,,,9,57,101515,3,4,6,8,45,101415,4,5,6,8,33,101297,6,7,8,8,52,101523,4,4,6,9,49,,4,4,6,9,57,,5,6,8,8,45,101630,28,32,44,9,52,,5,5,7,8,54,101452,4,5,6,8,51,101541,2,3,5,8,51,101481,6,7,9,8,50,101304,5,6,7,8,49,101412,5,6,8,,,,,,,8,52,101337,3,4,6,,,,,,,8,45,101542,4,5,7,13,42,101498,4,4,6,9,53,101556,5,6,7,8,50,101611,3,4,5,10,52,101529,4,5,6,8,48,101376,5,5,7,9,54,101416,4,5,7,9,46,101388,5,5,6,9,47,101500,5,6,8,10,53,101457,5,5,6,8,51,101415,4,5,6,,,101702,3,3,5,8,53,101487,3,3,5,8,56,101465,4,4,6,8,47,101685,7,7,10,,,,,,,,,,,,,,,,,,,8,48,101525,6,6,9
2017-05-09T15:00:00,,,,,,,8,58,101465,6,6,9,,,,,,,,,101404,7,7,10,10,64,101404,6,7,9,8,49,101419,5,6,8,7,59,101435,6,7,9,,,101436,6,7,9,7,61,101431,4,5,6,9,58,101385,5,5,8,7,63,,4,5,7,9,64,101497,5,6,8,8,64,,4,5,6,7,62,,8,9,12,8,64,,4,4,6,9,64,,8,9,11,7,63,,6,7,9,,,,,,,10,64,,3,4,6,8,64,,5,5,7,,,,,,,8,64,101532,4,5,6,7,54,101428,6,7,9,8,39,101310,4,5,7,7,59,101552,4,5,7,8,56,,4,5,7,8,63,,5,6,8,7,51,101650,13,13,16,8,59,,7,8,11,8,62,101468,4,4,6,7,58,101560,3,3,5,8,59,101504,6,7,9,7,59,101319,5,6,8,8,56,101431,5,6,8,,,,,,,8,59,101349,3,4,6,,,,,,,7,51,101572,4,5,7,10,52,101531,4,5,6,8,61,101574,5,6,7,7,57,101615,7,8,11,8,58,101554,5,5,7,7,56,101396,5,6,9,8,59,101436,5,6,8,8,56,101404,7,7,8,9,55,101519,6,6,8,9,60,101463,7,7,8,7,57,101432,5,6,8,,,101724,4,4,6,7,60,101513,3,4,5,7,63,101484,3,4,5,8,54,101702,8,8,11,,,,,,,,,,,,,,,,,,,8,55,101537,8,8,11
2017-05-09T16:00:00,,,,,,,8,59,101456,8,9,12,,,,,,,,,101397,9,9,12,10,64,101398,5,6,8,8,52,101416,7,8,10,7,59,101430,9,10,13,,,101435,8,10,12,7,63,101425,5,6,8,8,60,101382,6,7,9,7,64,,5,6,9,9,64,101504,7,8,10,,,,,,,7,63,,7,7,10,8,64,,4,5,7,8,64,,10,11,14,7,62,,8,9,11,,,,,,,10,64,,4,5,7,7,64,,7,8,10,,,,,,,8,64,101530,6,7,9,7,55,101423,8,9,11,8,39,101308,6,7,9,8,60,101547,6,7,9,8,56,,5,6,8,8,64,,6,7,9,7,53,101649,16,18,23,8,59,,9,11,14,8,62,101464,6,7,9,,,,,,,7,59,101497,10,10,14,7,60,101313,9,10,13,8,57,101429,7,7,10,,,,,,,7,60,101349,5,6,8,7,59,101371,8,9,12,7,53,101567,6,7,9,9,56,101524,5,6,9,8,61,101577,7,8,11,7,57,101611,8,9,11,8,58,101542,5,6,8,7,57,101392,8,9,12,8,60,101429,8,9,12,8,57,101399,8,8,10,8,58,101526,6,7,9,9,60,101456,8,8,9,7,58,101429,6,8,10,,,101726,5,5,7,7,60,101509,5,5,7,8,64,101484,4,4,6,7,54,101700,10,10,15,,,,,,,,,,,,,,,,,,,7,56,101545,12,13,18
2017-05-09T17:00:00,,,,,,,7,59,101476,12,12,16,,,,,,,,,101416,12,12,16,10,64,101428,6,8,10,8,52,101437,9,10,13,7,60,101457,12,13,17,,,101461,13,15,19,7,64,101446,7,9,12,8,58,101402,7,8,11,7,63,,8,10,14,7,64,101547,10,11,14,,,,,,,7,63,,8,9,12,8,64,,7,8,11,7,64,,11,12,16,7,63,,10,11,14,,,,,,,9,64,,5,6,8,7,64,,11,12,15,,,,,,,8,64,101552,7,8,10,7,56,101453,12,12,15,8,39,101337,8,9,12,7,60,101585,7,8,11,7,56,,8,10,13,8,64,,10,11,14,7,54,101670,28,30,39,7,60,,10,11,15,8,62,101486,8,10,13,,,,,,,7,59,101527,13,13,18,7,60,101333,15,15,20,7,58,101456,9,9,12,,,,,,,7,60,101375,6,7,9,7,59,101390,9,10,13,7,53,101597,8,9,13,8,57,101550,9,11,15,8,62,101593,8,9,11,7,58,101637,8,9,12,7,59,101579,5,6,8,7,57,101415,10,11,15,8,60,101458,10,11,14,8,57,101422,12,12,15,7,60,101552,9,10,12,8,61,101478,10,10,11,7,59,101455,10,11,15,,,101742,7,7,10,7,61,101530,6,7,10,7,64,101507,5,6,8,7,55,101723,13,13,18,,,,,,,,,,,,,,,,,,,7,56,101575,10,11,15
2017-05-09T18:00:00,,,,,,,6,67,101494,14,13,18,,,,,,,,,101442,13,12,16,9,70,101455,7,8,11,6,63,101453,11,12,16,6,70,101483,15,16,21,,,101482,14,16,21,5,70,101464,10,11,15,6,68,101426,10,11,15,6,70,,19,21,31,6,70,101576,14,15,20,,,,,,,6,70,,9,10,14,6,70,,6,7,10,6,70,,12,13,16,6,70,,18,20,26,,,,,,,6,70,,7,7,10,6,70,,15,15,20,,,,,,,6,70,101583,8,9,12,6,70,101471,17,18,23,6,45,101364,13,15,19,6,70,101615,10,11,14,6,66,,9,11,14,7,70,,11,11,14,5,63,101698,32,37,52,6,70,,24,26,35,6,70,101511,15,17,23,,,,,,,6,70,101541,20,22,30,6,70,101357,17,18,24,6,69,101483,13,13,17,,,,,,,6,70,101394,8,9,11,6,70,101414,12,13,18,6,64,101626,10,11,15,6,69,101582,17,19,26,6,70,101621,11,12,16,6,68,101663,11,13,17,6,70,101599,13,14,18,6,68,101440,13,14,18,6,70,101484,11,12,16,6,69,101448,21,21,26,6,70,101582,9,10,13,6,70,101506,15,15,18,5,69,101483,12,12,16,6,67,101757,7,8,11,6,70,101557,12,13,17,6,70,101536,6,7,9,6,64,101754,14,14,20,,,,,,,,,,,,,,,,,,,5,66,101599,15,16,22
2017-05-09T19:00:00,,,,,,,4,78,101520,17,16,23,,,,,,,,,101471,20,20,26,8,78,101482,10,11,15,5,75,101480,15,16,20,5,78,101510,17,19,24,,,101513,18,20,26,4,78,101493,15,16,21,5,78,101454,13,14,19,5,78,,20,22,32,5,78,101604,18,20,26,,,,,,,4,78,,13,14,18,5,78,,12,12,16,4,78,,15,16,21,4,78,,25,27,35,,,,,,,5,78,,10,11,15,4,78,,17,18,24,,,,,,,5,78,101611,13,13,17,4,78,101500,22,24,31,5,53,101386,18,20,26,4,78,101649,14,15,21,4,78,,11,13,16,5,78,,19,21,28,4,78,101719,27,28,37,5,78,,32,35,49,5,78,101533,14,16,21,4,78,101635,13,15,20,5,78,101566,25,28,39,4,78,101384,24,25,33,5,78,101510,15,16,20,,,,,,,4,78,101421,10,12,16,5,78,101444,16,17,22,4,78,101659,14,15,19,5,78,101604,26,29,40,5,78,101648,13,14,18,4,78,101687,16,18,23,5,78,101624,19,21,28,5,78,101466,17,18,24,5,78,101509,18,21,27,5,78,101474,22,22,27,4,78,101608,13,14,19,5,78,101529,18,19,22,4,78,101504,17,18,23,5,78,101777,15,15,20,5,78,101578,14,15,20,5,78,101558,13,14,19,5,77,101780,20,20,28,,,,,,,,,,,,,,,,,,,4,77,101624,18,19,27
2017-05-09T20:00:00,,,,,,,3,82,101535,24,24,33,,,,,,,,,101488,24,25,32,7,82,101500,13,15,20,4,82,101505,21,24,31,4,82,101522,25,27,36,,,101530,25,28,38,3,82,101510,17,19,25,4,82,101471,16,18,24,4,82,,17,19,27,4,82,101616,21,23,31,,,,,,,3,82,,16,17,23,4,82,,15,16,22,3,82,,19,21,27,4,82,,27,30,40,,,,,,,4,82,,13,14,19,3,82,,24,26,34,,,,,,,4,82,101628,17,19,25,4,82,101519,22,24,31,4,57,101404,21,24,31,4,82,101667,16,18,24,4,82,,15,17,22,4,82,,18,19,25,3,82,101740,33,36,48,4,82,,36,41,59,4,82,101558,19,23,30,4,82,101642,16,18,25,4,82,101577,27,31,45,4,82,101398,27,30,40,4,82,101527,16,18,23,,,,,,,3,82,101436,14,15,20,4,82,101463,23,25,33,3,82,101683,18,20,27,4,82,101625,21,24,32,4,82,101668,17,18,23,4,82,101710,27,31,43,4,82,101635,26,29,38,4,82,101484,19,21,28,4,82,101527,22,24,32,4,82,101493,26,28,36,4,82,101632,19,21,28,4,82,101553,27,30,40,4,82,101533,22,24,31,3,82,101787,13,14,20,4,82,101598,27,31,42,4,82,101577,18,19,26,4,82,101792,22,24,33,,,,,,,,,,,,,,,,,,,3,82,101636,26,29,41
2017-05-09T21:00:00,,,,,,,2,87,101534,28,29,41,,,,,,,,,101491,28,31,40,7,87,101509,16,18,23,4,87,101508,23,27,36,3,87,101527,28,31,43,,,101530,31,36,52,2,87,101513,19,22,29,3,87,101473,22,24,32,3,87,,22,24,34,3,87,101610,28,32,44,,,,,,,3,87,,20,24,30,3,87,,21,23,31,3,87,,24,27,36,3,87,,27,30,40,,,,,,,3,87,,21,22,30,3,87,,29,31,42,,,,,,,3,87,101628,21,24,31,3,87,101518,25,28,36,3,62,101411,25,28,38,3,87,101659,20,23,30,3,87,,20,22,29,4,87,,23,25,32,2,87,101744,33,37,50,3,87,,41,46,66,4,87,101564,24,28,37,3,87,101631,19,22,29,3,87,101576,31,35,52,3,87,101396,31,35,50,3,87,101536,23,25,32,,,,,,,3,87,101435,16,18,23,3,87,101464,25,28,36,2,87,101688,23,25,33,3,87,101632,25,29,40,3,87,101669,27,30,41,3,87,101712,29,33,47,3,87,101642,28,32,44,3,87,101485,26,28,38,3,87,101533,26,30,41,3,87,101496,30,33,44,3,87,101639,29,34,48,3,87,101554,26,29,37,3,87,101537,29,32,45,3,87,101801,22,25,32,3,87,101605,27,31,42,3,87,101576,30,34,48,3,87,101798,26,30,44,,,,,,,,,,,,,,,,,,,2,87,101642,27,31,45
2017-05-09T22:00:00,,,,,,,2,89,101540,32,35,49,,,,,,,,,101496,31,34,47,6,89,101518,21,23,31,3,89,101512,24,27,36,3,89,101536,30,33,48,,,101539,27,31,43,2,89,101520,22,25,33,3,89,101484,28,32,44,3,89,,26,29,42,3,89,101614,29,33,46,,,,,,,2,89,,20,23,30,3,89,,24,26,36,2,89,,28,32,45,2,89,,26,29,39,,,,,,,3,89,,26,28,39,2,89,,27,30,40,,,,,,,3,89,101636,26,30,40,2,89,101522,22,24,31,3,64,101420,26,30,39,2,89,101668,23,26,34,2,89,,23,26,34,3,89,,26,29,39,2,89,101747,43,47,66,2,89,,59,68,95,3,89,101578,29,35,49,,,,,,,3,89,101582,33,37,55,3,89,101402,31,35,48,3,89,101545,25,27,36,,,,,,,2,89,101444,25,28,38,3,89,101472,24,27,36,2,89,101702,25,27,37,3,89,101642,27,31,43,3,89,101678,29,32,45,2,89,101716,29,33,45,2,89,101653,22,25,32,2,89,101492,28,30,41,3,89,101542,28,32,46,3,89,101503,31,35,48,2,89,101649,29,34,48,3,89,101558,24,27,36,2,89,101542,38,44,63,2,89,101809,27,31,44,3,89,101611,25,28,38,3,89,101579,33,37,55,3,89,101806,29,32,51,,,,,,,,,,,,,,,,,,,2,89,101646,29,33,50
2017-05-09T23:00:00,,,,,,,1,89,101512,35,38,56,,,,,,,,,101471,33,37,53,6,89,101495,25,29,39,3,89,101490,25,28,39,3,89,101512,28,31,42,,,101515,30,35,49,2,89,101498,21,25,32,3,89,101458,28,31,43,2,89,,26,29,43,3,89,101600,28,31,42,,,,,,,2,89,,19,22,29,3,89,,28,31,43,2,89,,29,34,49,2,89,,29,33,45,,,,,,,2,89,,27,30,42,2,89,,27,29,39,,,,,,,3,89,101613,27,31,41,2,89,101496,22,24,31,3,64,101395,26,30,39,2,89,101644,23,25,33,2,89,,25,29,38,3,89,,28,32,46,1,89,101723,41,46,66,2,89,,40,46,66,3,89,101553,28,33,46,,,,,,,3,89,101568,29,34,49,2,89,101381,32,36,50,3,89,101520,26,28,37,,,,,,,2,89,101416,21,24,33,3,89,101449,26,29,39,2,89,101681,27,30,40,3,89,101618,25,29,39,3,89,101651,30,34,48,2,89,101692,28,32,43,2,89,101629,23,26,34,2,89,101467,27,30,40,3,89,101515,26,30,41,3,89,101480,32,35,48,2,89,101628,30,34,49,2,89,101532,26,30,40,2,89,101521,42,48,70,2,89,101783,26,30,41,2,89,101584,31,36,50,3,89,101560,37,41,60,3,89,101782,29,34,53,,,,,,,,,,,,,,,,,,,2,89,101624,28,32,47
2017-05-10T00:00:00,,,,,,,1,79,101485,44,49,78,,,,,,,,,101444,40,45,65,6,79,101470,29,33,46,2,79,101465,26,30,43,2,79,101491,29,33,45,,,101493,30,35,48,1,79,101474,28,32,43,2,79,101435,30,33,47,2,79,,33,38,60,2,85,101575,29,33,46,,,,,,,1,79,,19,21,28,2,79,,35,40,58,2,79,,34,40,58,1,79,,33,38,54,,,,,,,2,79,,31,34,49,1,79,,33,36,51,,,,,,,2,79,101589,30,34,48,1,79,101472,29,33,45,2,54,101373,27,31,41,2,79,101622,26,29,39,1,79,,29,34,45,2,79,,34,39,58,1,79,101694,40,44,62,2,79,,40,46,67,2,79,101528,28,32,45,,,,,,,2,85,101554,28,33,48,2,85,101360,32,37,52,2,79,101499,27,30,40,,,,,,,1,79,101392,26,30,40,2,79,101426,26,28,38,1,79,101662,27,30,41,2,79,101594,24,27,36,2,79,101622,35,40,59,1,79,101668,31,36,51,1,79,101607,26,29,38,1,79,101446,28,31,41,2,79,101492,26,29,39,2,79,101453,35,39,54,1,79,101603,40,47,69,2,79,101506,31,34,46,1,79,101495,41,47,68,1,79,101763,36,41,60,2,79,101558,39,45,67,2,79,101532,32,36,52,2,79,101757,35,40,64,,,,,,,,,,,,,,,,,,,1,79,101594,34,41,64
2017-05-10T01:00:00,,,,,,,0,94,101461,47,53,84,,,,,,,,,101421,47,53,79,5,94,101453,30,34,48,1,94,101449,31,36,51,1,94,101474,35,39,57,,,101472,33,38,55,0,94,101457,29,34,46,1,94,101416,32,36,51,1,94,,39,45,74,1,94,101546,32,37,52,,,,,,,1,94,,27,31,42,1,94,,33,36,53,1,94,,37,44,64,0,94,,34,38,54,,,,,,,1,94,,33,36,53,1,94,,36,41,58,,,,,,,1,94,101568,33,37,54,1,94,101452,35,40,57,1,69,101353,28,32,44,1,94,101602,28,32,43,1,94,,32,37,52,2,94,,38,43,65,0,94,101671,38,42,59,1,94,,37,42,61,2,94,101511,32,37,53,,,,,,,1,94,101529,31,36,52,1,94,101342,35,39,56,1,94,101478,31,36,50,,,,,,,1,94,101372,27,30,40,1,94,101406,29,34,46,0,94,101646,27,29,40,1,94,101576,25,29,40,1,94,101603,40,46,69,1,94,101651,35,40,58,0,94,101591,26,30,39,0,94,101426,32,36,50,1,94,101477,28,32,44,1,94,101433,36,40,55,0,94,101582,38,44,65,1,94,101491,34,38,52,1,94,101475,37,42,61,1,94,101746,39,44,66,1,94,101540,36,41,61,1,94,101520,28,31,43,1,94,101736,44,49,80,,,,,,,,,,,,,,,,,,,0,94,101570,36,42,66
2017-05-10T02:00:00,,,,,,,0,94,101458,49,55,89,,,,,,,,,101418,49,55,83,5,94,101446,32,37,52,1,94,101444,30,35,50,1,94,101471,36,40,58,,,101467,36,41,59,1,94,101458,38,43,63,1,94,101411,35,40,58,1,94,,39,45,74,1,94,101541,35,40,58,,,,,,,1,94,,31,35,48,1,94,,34,38,56,1,94,,39,46,67,0,94,,34,39,56,,,,,,,1,94,,38,42,63,1,94,,35,38,55,,,,,,,1,94,101564,33,37,54,1,94,101451,41,47,69,1,69,101351,30,34,48,1,94,101599,28,32,43,1,94,,32,38,53,2,94,,40,45,68,0,94,101665,40,44,62,1,94,,35,40,57,2,94,101507,33,39,56,,,,,,,1,94,101517,34,38,56,1,94,101333,35,39,57,1,94,101476,33,37,52,,,,,,,1,94,101366,32,37,52,1,94,101401,34,39,56,0,94,101642,36,40,58,1,94,101570,27,31,42,1,94,101601,40,46,68,1,94,101649,34,40,57,0,94,101586,28,32,42,1,94,101421,37,41,59,1,94,101473,31,35,51,1,94,101428,40,44,63,0,94,101578,38,44,64,1,94,101486,36,41,55,1,94,101468,39,45,65,1,94,101742,39,45,67,1,94,101535,37,42,62,1,94,101514,26,28,38,1,94,101732,43,49,80,,,,,,,,,,,,,,,,,,,0,94,101565,34,39,61
2017-05-10T03:00:00,,,,,,,0,94,101454,51,56,91,,,,,,,,,101416,51,56,86,5,94,101446,32,36,52,1,94,101444,31,36,52,1,94,101470,36,42,61,,,101470,52,59,86,1,94,101458,38,45,64,1,94,101410,38,43,63,1,94,,40,46,75,1,94,101540,36,42,60,,,,,,,1,94,,32,37,51,1,94,,39,44,66,1,94,,40,46,68,0,94,,36,41,58,,,,,,,1,94,,39,43,65,1,94,,36,40,57,,,,,,,1,94,101564,36,41,59,0,94,101451,81,91,120,1,69,101349,31,36,51,1,94,101587,31,36,52,1,94,,32,37,51,1,94,,41,46,69,0,94,101658,42,47,66,1,94,,42,49,73,2,94,101508,33,39,56,,,,,,,1,94,101515,34,39,57,1,94,101334,36,41,59,1,94,101476,33,37,52,,,,,,,1,94,101366,41,47,69,1,94,101400,45,52,77,0,94,101642,35,39,56,1,94,101569,29,34,47,1,94,101599,41,47,70,1,94,101645,40,47,70,0,94,101585,28,33,44,1,94,101420,37,42,60,1,94,101474,33,38,54,1,94,101428,46,49,69,0,94,101576,40,47,68,1,94,101480,38,42,57,0,94,101462,43,48,71,1,94,101744,39,45,67,1,94,101531,39,45,67,1,94,101509,28,32,43,1,94,101730,46,51,83,,,,,,,,,,,,,,,,,,,0,94,101564,38,44,70
2017-05-10T04:00:00,,,,,,,0,94,101473,53,59,96,,,,,,,,,101432,58,62,92,5,94,101460,33,38,55,2,94,101462,39,45,63,1,94,101484,40,46,67,,,101481,47,54,80,1,94,101477,41,47,69,1,94,101425,37,42,61,1,94,,43,49,80,1,94,101550,38,44,63,,,,,,,1,94,,37,43,61,1,94,,41,47,70,1,94,,41,48,71,0,94,,39,45,65,,,,,,,1,94,,41,46,69,1,94,,46,50,74,,,,,,,1,94,101577,39,46,67,0,94,101465,73,83,108,2,69,101366,34,40,58,1,94,101595,32,37,54,1,94,,35,40,57,1,94,,46,51,75,0,94,101673,46,52,74,1,94,,40,46,67,2,94,101527,38,45,65,,,,,,,1,94,101521,38,42,61,1,94,101347,38,43,64,2,94,101490,35,40,57,,,,,,,1,94,101384,40,47,69,2,94,101416,38,44,66,0,94,101650,39,44,64,1,94,101574,32,38,54,2,94,101614,44,50,74,1,94,101664,44,52,76,1,94,101584,32,38,54,1,94,101434,42,48,70,1,94,101487,36,42,62,1,94,101443,44,48,69,0,94,101592,66,80,113,1,94,101499,44,47,61,1,94,101478,41,46,68,1,94,101766,41,47,70,1,94,101547,40,46,69,1,94,101516,36,40,59,1,94,101747,51,57,87,,,,,,,,,,,,,,,,,,,0,94,101579,44,52,85
2017-05-10T05:00:00,,,,,,,1,84,101477,60,64,106,,,,,,,,,101437,67,71,98,6,82,101462,45,50,72,3,84,101468,45,50,69,3,84,101487,46,51,75,,,101482,45,52,77,3,84,101488,44,50,74,3,84,101430,46,51,75,3,84,,49,55,87,3,87,101541,46,51,75,,,,,,,2,84,,45,52,77,3,84,,44,49,74,2,84,,47,54,80,2,84,,46,52,77,,,,,,,2,84,,50,54,81,2,84,,48,52,78,,,,,,,3,84,101577,45,50,74,2,84,101466,57,65,90,4,59,101376,39,45,65,3,84,101592,43,50,75,2,84,,44,51,75,3,84,,52,56,81,2,84,101680,51,55,80,3,84,,44,51,75,3,84,101532,42,49,72,,,,,,,4,87,101514,50,54,71,3,87,101346,43,48,72,4,84,101495,50,54,75,,,,,,,3,84,101394,44,50,73,4,84,101424,44,49,74,2,84,101634,49,55,83,3,84,101578,41,48,71,3,84,101617,50,56,80,3,84,101673,45,52,76,2,84,101586,42,49,72,3,84,101436,49,55,81,2,84,101491,45,51,77,3,84,101453,55,60,76,2,84,101592,51,58,80,2,84,101507,56,61,74,3,84,101487,42,47,70,2,84,101773,46,52,75,3,84,101557,46,52,76,3,84,101521,38,43,64,2,84,101759,63,71,102,,,,,,,,,,,,,,,,,,,2,84,101580,48,57,88
2017-05-10T06:00:00,,,,,,,3,89,101455,50,55,90,,,,,,,,,101412,52,56,83,8,89,101441,36,41,59,5,89,101443,34,40,57,8,89,101476,35,38,56,,,101457,36,42,61,6,89,101471,39,45,67,5,89,101406,42,48,70,5,89,,38,43,70,5,89,101514,37,42,60,,,,,,,4,89,,40,47,68,5,89,,37,42,62,5,89,,41,48,70,4,89,,39,44,65,,,,,,,5,89,,42,47,71,5,89,,40,45,65,,,,,,,8,89,101551,41,46,64,4,89,101441,44,50,72,9,64,101370,32,37,52,4,89,101569,40,46,68,4,89,,39,46,68,5,89,,43,47,70,4,89,101659,39,44,62,6,89,,37,43,63,7,89,101524,41,47,68,5,89,101542,28,32,47,8,89,101480,34,37,51,5,89,101319,34,40,58,8,89,101485,38,42,58,,,,,,,6,89,101379,40,45,66,8,89,101408,36,40,59,4,89,101598,43,49,73,5,89,101559,35,40,59,5,89,101585,40,45,66,6,89,101661,37,44,63,4,89,101563,37,42,62,6,89,101411,38,43,64,5,89,101467,38,44,66,6,89,101416,43,47,63,4,89,101564,40,47,67,5,89,101481,52,57,71,5,89,101468,35,39,57,4,89,101752,35,40,59,6,89,101536,38,43,65,4,89,101509,31,34,49,,,,,,,,,,,,,,,,,,,,,,,,,5,89,101540,39,47,74
2017-05-10T07:00:00,,,,,,,6,81,101437,34,37,56,,,,,,,,,101390,35,38,55,9,82,101417,23,26,36,7,76,101414,20,23,31,10,81,101454,23,26,37,,,101432,21,23,31,7,81,101438,25,29,40,6,81,101379,27,30,43,7,81,,25,29,44,7,85,101501,22,24,32,,,,,,,6,81,,25,28,37,7,81,,22,24,33,6,81,,28,32,45,6,81,,27,30,41,,,,,,,6,81,,28,31,45,6,81,,23,25,34,,,,,,,10,81,101530,24,27,38,6,81,101416,26,30,40,11,56,101352,20,23,32,6,81,101548,25,29,40,6,81,,25,29,40,7,81,,29,32,47,6,76,101638,24,26,32,7,81,,23,26,35,10,81,101508,24,28,41,7,81,101531,18,21,28,9,85,101472,18,20,27,7,85,101298,19,21,29,9,81,101462,23,26,36,,,,,,,8,81,101361,25,28,40,10,81,101390,22,25,35,6,81,101552,27,31,43,6,81,101546,16,18,24,7,81,101557,29,33,47,9,81,101643,21,24,33,6,81,101544,22,25,32,7,81,101389,26,30,42,6,81,101440,26,29,41,8,79,101388,28,31,41,6,81,101533,25,29,41,7,81,101460,28,31,40,6,81,101439,24,27,35,6,81,101723,25,28,39,7,81,101512,20,22,31,6,81,101485,19,21,28,,,,,,,,,,,,,,,,,,,,,,,,,7,80,101524,23,26,38
2017-05-10T08:00:00,,,,,,,7,67,101410,20,20,29,,,,,,,,,101366,18,19,24,10,70,101391,16,18,23,8,60,101376,15,16,21,10,70,101419,15,16,21,,,101396,16,17,23,7,70,101399,15,16,21,7,67,101345,15,16,22,8,70,,15,16,23,9,70,101467,14,16,20,,,,,,,8,70,,15,16,21,8,70,,16,17,22,7,70,,17,19,25,7,70,,17,19,25,9,70,,15,17,23,7,70,,15,15,21,7,70,,15,16,21,,,,,,,10,70,101499,14,16,21,7,64,101385,17,19,24,11,45,101320,17,19,26,7,70,101516,17,18,24,7,65,,15,16,21,8,70,,21,23,31,7,61,101607,20,20,25,9,68,,17,19,24,9,70,101457,14,16,21,7,70,101507,11,13,17,9,69,101455,17,18,24,8,69,101271,14,16,21,9,68,101425,18,20,26,,,,,,,9,70,101327,14,16,21,12,68,101359,13,14,19,8,62,101520,15,16,22,8,68,101516,15,17,23,9,70,101523,14,16,20,10,68,101605,15,16,21,7,68,101518,17,19,24,8,66,101359,16,17,22,7,68,101409,16,18,23,9,55,101348,15,15,18,8,69,101485,16,18,23,8,70,101416,17,18,21,7,68,101399,17,18,23,,,101684,13,12,17,8,70,101472,15,16,21,7,70,101449,12,13,17,8,63,101642,20,21,29,,,,,,,,,,,,,,,,,,,7,65,101493,19,20,28
2017-05-10T09:00:00,,,,,,,9,56,101366,16,16,22,,,,,,,,,101329,15,15,19,12,62,101331,12,13,17,9,50,101327,13,15,19,11,60,101366,12,13,17,,,101347,14,15,20,9,61,101349,12,13,16,9,56,101293,13,13,18,10,62,,13,14,21,11,62,101397,14,16,20,,,,,,,11,62,,12,13,17,9,62,,10,11,14,9,62,,14,15,19,9,61,,12,13,16,,,,,,,9,62,,11,11,15,9,62,,14,15,20,,,,,,,12,62,101442,12,13,17,9,53,101339,15,16,21,14,37,101271,12,13,16,9,59,101467,12,14,18,9,54,,11,12,16,10,62,,14,14,19,9,50,101560,13,14,17,11,55,,12,13,16,10,62,101395,11,13,16,9,59,101450,11,12,16,10,57,101406,14,15,20,9,60,101221,15,16,20,10,56,101366,13,14,18,,,,,,,10,59,101280,11,12,16,13,54,101315,11,12,16,9,52,101457,13,14,19,10,56,101464,12,14,18,11,58,101465,13,14,18,10,57,101551,12,13,17,9,56,101468,12,13,16,9,56,101307,13,14,18,9,58,101358,12,12,16,11,41,101308,14,13,16,11,53,101430,13,14,17,10,59,101367,13,13,15,9,57,101352,13,13,17,,,101632,10,10,13,9,60,101422,10,11,15,9,61,101397,8,9,13,9,53,101604,17,17,24,,,,,,,,,,,,,,,,,,,9,54,101446,16,17,23
2017-05-10T10:00:00,,,,,,,10,59,101308,13,13,18,,,,,,,,,101273,12,12,15,13,68,101266,9,9,12,11,51,101268,10,11,14,11,62,101296,11,11,15,,,101285,11,12,15,11,63,101288,9,10,13,11,59,101230,11,11,15,11,67,,11,12,16,12,69,101334,11,12,15,,,,,,,11,67,,17,20,26,11,67,,10,10,13,11,67,,11,12,15,10,63,,11,12,15,11,65,,19,19,23,11,65,,8,9,12,11,67,,11,11,15,,,,,,,12,67,101379,11,12,15,10,54,101275,11,12,15,13,42,101203,10,11,13,10,61,101401,11,12,15,10,56,,10,11,14,11,66,,11,12,16,10,53,101501,13,13,16,12,57,,12,12,16,11,65,101338,20,23,31,10,61,101382,8,9,12,11,61,101343,11,12,16,11,62,101153,10,11,14,11,59,101305,11,11,15,,,,,,,11,61,101218,9,10,13,13,60,101241,10,10,14,10,54,101395,12,12,16,11,57,101399,9,11,14,12,60,101414,11,11,15,11,58,101479,9,9,12,10,59,101402,10,10,13,11,58,101247,10,11,15,10,60,101296,10,11,15,12,45,101255,11,11,13,12,57,101369,11,12,15,11,59,101309,11,11,12,10,59,101293,10,11,14,,,101574,8,8,11,11,62,101358,8,9,12,10,64,101336,8,9,12,11,56,101537,15,15,20,,,,,,,,,,,,,,,,,,,10,56,101380,12,12,17
2017-05-10T11:00:00,,,,,,,11,46,101265,9,9,13,,,,,,,,,101222,9,9,12,13,55,101221,9,10,12,12,38,101221,6,7,9,12,49,101245,7,8,10,,,101235,7,8,10,11,49,101240,6,7,9,11,45,101185,7,8,10,11,55,,9,9,13,12,55,101283,8,8,11,,,,,,,11,53,,12,14,18,11,55,,8,9,12,11,54,,9,10,12,10,51,,11,11,14,,,,,,,11,52,,4,5,7,11,55,,7,8,10,,,,,,,12,55,101330,7,7,9,11,40,101227,7,8,10,13,30,101146,8,9,11,11,48,101351,6,8,10,11,43,,7,8,10,11,52,,8,8,10,11,40,101467,11,11,14,12,44,,9,9,12,12,53,101291,18,20,28,11,47,101329,4,6,8,11,47,101295,7,8,11,11,47,101107,6,7,10,11,45,101253,7,8,10,,,,,,,11,49,101168,5,6,8,13,47,101183,7,8,10,11,41,101345,8,9,11,11,44,101346,6,7,10,12,46,101367,7,8,10,11,45,101435,6,6,8,11,47,101349,7,8,10,11,45,101198,7,8,10,11,47,101248,7,8,10,12,36,101194,10,9,11,12,44,101328,9,9,12,12,46,101267,7,7,7,11,47,101260,9,9,12,,,101531,7,6,9,11,49,101319,6,7,9,10,52,101303,7,8,12,11,43,101490,11,11,15,,,,,,,,,,,,,,,,,,,11,43,101330,8,8,11
2017-05-10T12:00:00,,,,,,,10,50,101251,9,9,13,,,,,,,,,101203,10,10,12,13,58,101202,7,8,11,11,41,101204,6,7,9,11,52,101226,7,7,10,,,101220,7,8,10,10,53,101224,6,6,8,11,50,101168,7,8,10,11,58,,9,9,13,11,58,101278,7,8,10,,,,,,,10,55,,8,9,12,11,58,,6,7,9,11,58,,9,9,12,10,55,,10,10,13,,,,,,,11,57,,4,4,6,11,58,,7,7,10,,,,,,,11,58,101318,6,7,9,10,44,101213,7,8,10,11,33,101122,7,8,10,10,52,101333,7,8,11,10,46,,7,8,10,11,55,,8,9,11,10,44,101454,9,9,11,11,49,,8,9,11,11,55,101269,8,9,12,10,51,101312,4,5,7,11,50,101276,7,8,11,10,51,101085,6,7,9,11,50,101233,8,9,11,,,,,,,11,53,101153,5,6,8,12,50,101168,7,7,10,10,44,101335,8,9,12,11,48,101324,5,6,8,11,50,101359,6,8,10,10,49,101417,6,7,9,10,50,101329,6,7,9,11,48,101183,7,8,10,10,50,101229,6,7,10,11,42,101191,9,8,10,11,49,101316,9,9,11,11,51,101248,8,8,9,10,51,101242,8,9,11,,,101515,7,7,10,10,53,101306,5,6,9,10,55,101285,6,7,9,11,47,101481,13,12,16,,,,,,,,,,,,,,,,,,,10,47,101313,8,8,11
2017-05-10T13:00:00,,,,,,,11,51,101218,10,9,13,,,,,,,,,101163,10,10,12,11,58,101161,6,7,9,12,42,101173,8,8,10,11,53,101188,7,8,10,,,101185,9,9,12,11,54,101186,7,8,10,12,51,101134,9,9,12,11,58,,8,9,13,11,58,101247,10,10,12,,,,,,,11,57,,9,10,12,12,58,,6,7,9,12,58,,9,10,12,11,55,,9,9,12,,,,,,,12,58,,5,6,8,12,58,,9,9,12,,,,,,,12,58,101275,7,8,10,11,45,101177,9,9,11,12,33,101083,7,8,10,11,52,101286,7,8,10,12,48,,8,9,11,11,55,,8,9,11,11,44,101412,9,9,11,12,49,,8,9,11,12,56,101232,13,15,20,11,55,101267,5,6,9,11,51,101233,8,9,11,11,51,101048,6,7,9,11,50,101198,8,9,11,,,,,,,11,53,101118,6,8,10,12,51,101131,7,8,10,11,45,101294,7,8,11,12,48,101276,6,6,8,11,51,101313,8,9,11,11,50,101383,8,9,11,12,51,101284,7,7,9,11,49,101145,7,8,11,11,51,101191,7,8,10,12,44,101137,10,9,11,12,49,101268,9,9,11,12,51,101220,9,9,10,11,51,101198,8,8,11,,,101484,6,6,8,11,53,101263,5,6,8,11,56,101237,6,6,9,11,47,101436,12,12,16,,,,,,,,,,,,,,,,,,,10,48,101280,10,10,14
2017-05-10T14:00:00,,,,,,,10,60,101180,13,12,16,,,,,,,,,101129,11,11,13,6,53,101124,6,7,8,11,52,101135,9,9,11,11,63,101157,9,9,12,,,101151,9,10,13,10,64,101153,8,9,11,11,60,101097,10,10,13,11,67,,10,10,14,11,67,101223,11,11,14,,,,,,,10,66,,8,9,12,11,67,,7,8,10,11,67,,12,12,15,10,65,,12,13,17,,,,,,,11,67,,5,6,8,11,67,,10,10,13,,,,,,,11,67,101244,7,8,11,10,55,101143,10,10,13,11,42,101048,9,10,12,11,62,101256,8,9,11,11,58,,10,10,13,11,65,,11,12,15,10,54,101378,14,14,18,11,59,,10,10,13,11,66,101199,12,14,18,11,62,101243,6,8,10,11,61,101206,10,10,13,11,62,101016,9,9,12,11,60,101161,8,9,12,,,,,,,11,63,101088,8,9,11,12,61,101095,8,8,11,10,54,101262,8,10,13,11,58,101259,7,7,10,11,61,101280,8,9,11,11,60,101346,11,11,14,11,60,101259,8,8,10,11,58,101113,9,9,12,10,61,101161,9,10,12,11,54,101117,15,15,18,11,60,101241,10,10,13,11,61,101175,10,9,10,10,60,101161,8,9,11,,,101443,8,7,9,10,62,101230,6,7,10,10,65,101204,6,7,10,10,57,101404,14,13,17,,,,,,,,,,,,,,,,,,,10,57,101250,12,12,16
2017-05-10T15:00:00,,,,,,,10,60,101152,14,13,18,,,,,,,,,101101,14,13,17,11,66,101106,7,8,10,11,52,101102,9,9,12,11,62,101131,9,10,12,,,101120,10,11,14,11,63,101125,8,9,11,11,59,101068,10,10,13,11,67,,10,10,15,11,65,101196,11,11,14,,,,,,,11,65,,9,10,12,11,67,,7,8,11,11,67,,13,14,17,10,64,,13,13,17,,,,,,,11,66,,7,7,10,11,67,,10,10,13,,,,,,,11,66,101223,8,8,11,11,55,101111,10,10,13,12,42,101025,10,11,13,11,62,101236,9,10,12,11,57,,10,11,13,11,65,,11,12,15,10,53,101354,16,17,21,11,59,,10,11,14,11,65,101168,10,12,15,11,61,101214,7,9,11,11,60,101179,11,11,15,11,61,100986,9,10,13,11,60,101137,10,11,14,,,,,,,11,63,101061,9,10,13,12,60,101064,8,9,11,11,54,101237,10,11,14,11,58,101233,7,8,10,11,61,101253,10,10,13,11,59,101312,11,11,15,11,60,101234,9,9,12,11,59,101083,10,10,13,11,60,101134,9,9,12,11,55,101065,17,17,20,11,60,101220,11,11,14,11,60,101130,14,13,15,11,60,101137,9,10,12,,,101413,8,8,10,11,61,101203,12,14,19,11,65,101183,7,8,10,11,56,101378,14,13,18,,,,,,,,,,,,,,,,,,,10,57,101215,12,12,16
2017-05-10T16:00:00,,,,,,,10,59,101122,14,13,19,,,,,,,,,101074,14,13,17,13,66,101078,8,9,11,11,52,101074,10,10,13,11,62,101100,10,10,13,,,101092,13,14,18,11,64,101097,9,10,12,11,59,101040,11,11,14,11,67,,11,12,17,11,66,101165,13,13,17,,,,,,,11,64,,10,11,13,11,67,,10,10,13,11,67,,13,14,18,10,64,,14,14,18,,,,,,,11,66,,6,8,11,11,67,,11,11,15,,,,,,,11,67,101182,9,10,12,11,54,101084,12,12,15,11,42,100994,11,12,15,11,62,101204,10,11,14,11,57,,11,11,14,11,64,,12,12,16,10,53,101324,15,14,18,11,59,,11,12,15,12,65,101142,15,17,22,11,61,101183,7,9,12,11,60,101153,13,14,18,11,61,100957,10,10,13,11,60,101109,11,11,14,,,,,,,11,64,101031,9,10,12,12,60,101035,9,10,13,11,54,101209,11,12,15,11,58,101202,8,9,12,11,60,101224,11,11,14,11,60,101287,11,11,14,11,59,101206,10,10,12,11,58,101056,11,11,14,11,60,101105,9,10,13,12,55,101037,31,34,45,11,60,101190,12,13,16,11,60,101113,13,13,15,11,59,101112,13,13,16,11,60,101387,9,9,13,11,62,101178,11,12,16,11,65,101157,11,12,17,11,57,101350,16,15,21,,,,,,,,,,,,,,,,,,,10,57,101191,13,12,17
2017-05-10T17:00:00,,,,,,,10,67,101096,15,14,20,,,,,,,,,101048,17,17,22,13,73,101056,15,16,21,11,60,101050,14,15,19,11,69,101073,12,13,16,,,101069,17,19,24,10,73,101073,12,13,17,10,67,101013,13,14,18,11,73,,15,17,23,10,72,101143,16,17,21,,,,,,,10,72,,12,13,16,11,73,,15,16,21,11,73,,15,16,21,10,71,,20,21,27,,,,,,,12,73,,9,10,13,10,73,,15,15,20,,,,,,,11,73,101157,12,12,15,10,63,101063,14,14,18,11,48,100971,16,17,22,11,69,101177,13,14,18,10,64,,12,13,16,11,72,,16,16,21,10,61,101299,18,19,23,10,67,,14,14,18,11,73,101115,15,17,22,11,69,101159,10,11,15,11,68,101128,16,17,23,11,70,100937,14,15,20,11,67,101082,13,14,19,,,,,,,10,70,101009,11,12,15,11,68,101011,11,12,15,10,61,101186,13,14,19,10,65,101178,9,10,12,11,67,101200,12,12,16,10,68,101262,19,22,29,10,66,101180,12,12,15,10,65,101032,13,14,18,10,67,101080,11,11,15,11,62,101026,26,27,36,10,67,101166,16,17,22,11,69,101090,15,14,16,10,69,101088,15,15,20,11,66,101374,22,25,36,10,69,101151,16,17,23,11,73,101125,23,26,37,11,64,101321,18,17,23,,,,,,,,,,,,,,,,,,,10,65,101165,19,20,28
2017-05-10T18:00:00,,,,,,,9,68,101077,22,22,31,,,,,,,,,101029,24,25,33,12,72,101037,32,37,52,9,62,101033,20,22,28,9,70,101056,16,17,22,,,101050,26,28,38,9,72,101055,16,17,22,9,69,100997,17,18,24,10,72,,23,25,36,9,72,101123,20,22,27,,,,,,,9,72,,16,18,23,10,72,,25,28,39,9,72,,22,24,32,9,72,,37,42,61,,,,,,,9,72,,15,16,22,9,72,,22,23,30,,,,,,,10,72,101145,17,18,23,9,68,101046,18,19,24,10,47,100958,27,31,43,9,72,101155,16,18,23,9,65,,16,18,22,10,72,,22,23,31,8,63,101284,40,44,62,9,69,,25,27,36,10,72,101105,23,26,35,9,70,101143,15,16,22,9,69,101101,23,25,35,9,72,100922,23,26,34,10,69,101067,23,25,34,,,,,,,9,69,100989,17,18,24,9,70,100994,17,18,24,9,62,101174,17,18,24,9,67,101162,14,16,21,9,68,101180,22,25,34,9,69,101249,26,29,40,9,70,101164,18,19,24,9,67,101014,18,20,25,9,69,101065,18,19,25,9,70,101018,21,21,27,9,69,101152,26,29,39,9,72,101072,18,18,22,9,71,101071,20,21,28,10,67,101363,31,35,52,9,71,101135,19,20,27,9,72,101110,20,22,30,10,65,101299,24,26,39,,,,,,,,,,,,,,,,,,,9,65,101149,24,27,38
2017-05-10T19:00:00,,,,,,,7,74,101061,31,33,48,,,,,,,,,101012,34,37,53,10,75,101022,37,42,61,8,68,101022,23,26,34,8,75,101045,27,29,40,,,101039,29,32,44,8,75,101042,24,27,36,8,75,100985,28,31,43,8,75,,29,32,50,8,75,101106,28,31,42,,,,,,,8,75,,27,30,39,9,75,,31,34,50,8,75,,28,31,43,7,75,,38,43,63,,,,,,,8,75,,29,32,46,8,75,,27,30,42,,,,,,,8,75,101128,29,33,46,7,75,101030,24,27,34,8,50,100949,34,39,56,8,75,101138,23,26,35,8,72,,24,27,35,9,75,,28,31,45,7,72,101268,49,53,75,8,75,,41,46,68,9,75,101096,30,34,49,8,75,101123,23,26,35,8,75,101089,27,30,43,8,75,100908,44,49,70,8,75,101057,40,45,66,,,,,,,8,75,100975,24,27,35,8,75,100977,22,25,33,7,68,101168,29,32,44,8,74,101145,22,25,35,8,75,101156,34,39,56,7,74,101235,28,31,44,8,75,101153,28,32,44,8,73,101001,27,29,39,8,75,101061,32,36,51,8,75,100994,40,42,58,7,75,101139,37,42,61,8,75,101059,31,34,42,7,75,101055,31,35,48,8,74,101344,30,34,49,8,75,101118,39,45,64,8,75,101093,24,27,36,8,71,101282,28,31,48,,,,,,,,,,,,,,,,,,,7,74,101131,31,35,54
2017-05-10T20:00:00,,,,,,,6,77,101051,37,40,62,,,,,,,,,100998,36,39,57,9,78,101013,30,34,49,6,75,101014,27,31,43,6,77,101037,31,34,48,,,101033,37,42,61,6,77,101033,28,32,43,6,77,100976,31,35,50,6,77,,31,36,56,7,77,101099,60,66,87,,,,,,,6,77,,31,35,48,7,77,,32,36,52,6,77,,32,36,51,6,77,,35,40,58,,,,,,,6,77,,28,31,44,6,77,,34,37,53,,,,,,,7,77,101121,33,37,53,6,77,101022,28,31,42,7,52,100937,39,44,65,6,77,101117,33,39,56,6,77,,30,33,46,7,77,,31,35,51,5,77,101254,43,47,68,6,77,,49,55,79,7,77,101092,34,40,58,6,77,101114,35,40,58,6,77,101081,31,34,50,6,77,100906,46,52,74,7,77,101049,41,46,67,,,,,,,6,77,100962,27,31,42,6,77,100968,28,31,44,6,77,101166,34,38,55,6,77,101133,29,33,47,7,77,101147,37,41,61,6,77,101223,30,34,49,6,77,101142,34,40,57,6,77,100994,30,33,47,7,77,101055,33,38,54,6,77,100994,35,39,54,5,77,101131,37,42,62,6,77,101052,56,60,75,6,77,101044,36,41,59,6,77,101332,34,38,56,6,77,101111,32,36,53,6,77,101075,24,25,34,7,77,101272,29,32,49,,,,,,,,,,,,,,,,,,,6,77,101122,36,41,65
2017-05-10T21:00:00,,,,,,,4,74,101042,42,46,72,,,,,,,,,100993,43,47,70,8,76,101008,28,31,44,5,74,101013,33,37,53,5,74,101033,35,39,57,,,101031,42,48,71,5,74,101028,31,35,49,5,74,100972,33,36,52,5,74,,34,39,63,5,74,101105,77,85,110,,,,,,,5,74,,41,47,68,6,74,,29,33,47,5,74,,35,41,59,4,74,,35,40,57,,,,,,,5,74,,28,30,43,5,74,,41,45,67,,,,,,,6,74,101117,33,37,53,4,74,101019,31,35,48,5,49,100929,37,42,61,5,74,101113,34,39,56,5,74,,34,39,55,6,74,,35,40,60,4,74,101240,41,45,64,5,74,,38,44,64,6,74,101085,35,40,58,5,74,101116,44,50,71,5,74,101071,33,37,54,5,74,100902,47,53,76,5,74,101040,48,52,75,,,,,,,5,74,100955,28,32,45,5,74,100967,37,42,61,4,74,101168,40,45,66,5,74,101129,28,33,47,5,74,101143,34,38,55,5,74,101214,33,38,54,4,74,101139,39,45,64,5,74,100988,46,50,72,5,74,101047,34,39,57,5,74,100989,34,38,52,4,74,101124,37,42,61,5,74,101051,36,39,52,5,74,101034,34,39,55,5,74,101327,35,39,57,5,74,101102,33,37,54,5,74,101065,22,24,32,5,74,101266,37,42,68,,,,,,,,,,,,,,,,,,,4,74,101120,36,41,65
2017-05-10T22:00:00,,,,,,,4,79,101033,43,47,73,,,,,,,,,100985,40,44,64,7,80,101003,29,33,46,5,79,101012,40,44,63,4,79,101027,42,46,67,,,101028,52,58,84,4,79,101025,32,37,52,5,79,100967,37,42,61,5,79,,37,42,69,4,80,101103,62,69,90,,,,,,,4,79,,52,59,86,5,79,,30,34,49,5,79,,35,41,59,4,79,,38,43,62,,,,,,,4,79,,29,32,45,4,79,,45,49,72,,,,,,,5,79,101112,36,42,60,4,79,101012,29,32,44,5,54,100920,36,42,61,4,79,101118,41,47,68,5,79,,36,41,58,5,79,,34,39,57,3,79,101234,44,48,68,4,79,,36,41,60,6,79,101079,33,39,56,4,79,101110,41,47,69,5,80,101065,41,44,63,4,80,100894,45,51,75,5,79,101034,46,51,74,,,,,,,4,79,100950,25,28,37,5,79,100967,45,50,75,4,79,101171,47,53,78,5,79,101118,32,36,51,5,79,101144,33,37,53,4,79,101214,34,39,56,4,79,101132,36,42,60,4,79,100983,60,64,89,5,79,101039,36,41,61,4,79,100986,35,38,52,4,79,101122,37,42,61,4,79,101046,35,39,53,4,79,101031,33,37,53,5,79,101324,38,43,63,4,79,101102,33,37,55,4,79,101064,28,31,42,5,79,101263,36,41,66,,,,,,,,,,,,,,,,,,,4,79,101117,36,42,67
2017-05-10T23:00:00,,,,,,,4,74,101008,43,47,75,,,,,,,,,100960,42,46,68,7,76,100974,30,34,47,5,74,100986,44,48,66,4,74,101002,63,67,89,,,101000,52,58,83,4,74,101002,35,40,57,5,74,100942,39,43,63,5,74,,40,45,74,4,76,101081,59,65,86,,,,,,,4,74,,49,56,83,5,74,,33,37,54,4,74,,38,44,64,4,74,,36,41,58,,,,,,,4,74,,30,33,47,4,74,,47,50,74,,,,,,,,,,,,,4,74,100988,41,46,68,5,49,100896,37,42,62,4,74,101097,38,44,64,5,74,,43,49,71,5,74,,36,40,60,3,74,101206,34,37,50,4,74,,37,42,61,6,74,101054,36,42,62,4,74,101104,45,51,74,4,76,101042,46,49,68,4,76,100871,42,47,70,5,74,101013,46,51,75,,,,,,,4,74,100925,24,27,35,5,74,100942,48,54,79,4,74,101150,53,59,87,5,74,101098,35,40,58,5,74,101119,33,38,55,4,74,101189,32,37,54,4,74,101108,40,46,67,4,74,100958,60,64,89,5,74,101015,36,41,60,4,74,100958,37,40,56,4,74,101096,34,39,56,4,74,101010,39,41,56,4,74,101001,30,33,45,5,74,101299,36,41,60,4,74,101076,30,34,49,4,74,101034,31,34,48,5,74,101240,38,43,69,,,,,,,,,,,,,,,,,,,4,74,101091,41,47,75
2017-05-11T00:00:00,,,,,,,4,89,100974,57,60,95,,,,,,,,,100923,45,49,72,8,89,100935,30,33,47,5,89,100955,45,49,67,5,89,100968,53,57,81,,,100966,53,59,84,5,89,100969,40,46,66,5,89,100910,41,46,67,5,89,,37,42,68,5,89,101043,53,58,80,,,,,,,5,89,,44,52,76,5,89,,38,44,65,5,89,,41,46,68,4,89,,40,45,66,,,,,,,5,89,,33,36,53,5,89,,49,52,77,,,,,,,5,89,101049,45,52,77,4,89,100955,58,64,87,5,64,100872,35,40,57,5,89,101064,35,41,59,5,89,,48,54,77,6,89,,42,47,68,4,89,101168,27,28,35,5,89,,39,44,64,6,89,101021,42,48,70,,,,,,,5,89,101010,40,43,63,5,89,100836,40,46,67,5,89,100977,45,50,73,,,,,,,4,89,100889,32,36,51,5,89,100908,47,52,78,4,89,101119,59,64,93,5,89,101065,37,43,61,5,89,101084,38,43,63,5,89,101156,28,33,46,4,89,101076,45,52,76,4,89,100923,55,60,86,5,89,100983,35,40,58,5,89,100929,38,42,58,4,89,101063,35,40,58,5,89,100978,44,46,60,5,89,100964,23,24,32,5,89,101266,34,38,56,5,89,101035,31,35,51,5,89,101001,28,30,42,5,89,101205,40,44,71,,,,,,,,,,,,,,,,,,,4,89,101059,42,48,78
2017-05-11T01:00:00,,,,,,,3,75,100932,58,61,98,,,,,,,,,100888,58,61,87,7,77,100902,30,34,48,4,75,100917,46,50,68,4,75,100930,50,54,78,,,100927,56,62,88,4,75,100929,42,48,71,4,75,100871,41,46,68,4,75,,41,46,76,4,77,100993,45,50,73,,,,,,,4,75,,43,50,74,4,75,,32,37,54,4,75,,43,49,72,3,75,,38,43,63,,,,,,,4,75,,35,39,58,4,75,,47,50,74,,,,,,,4,75,101019,44,50,75,3,75,100915,53,59,84,,,,,,,4,75,101028,36,42,61,4,75,,43,50,73,5,75,,52,55,77,3,76,101132,33,35,47,4,75,,43,49,72,5,75,100982,39,45,67,,,,,,,4,77,100973,33,37,55,4,77,100799,42,47,70,5,75,100940,44,49,72,,,,,,,4,75,100851,32,36,51,4,75,100872,45,51,77,3,75,101084,53,59,87,4,75,101026,33,38,54,4,75,101047,41,46,69,4,75,101111,26,29,39,3,75,101040,43,49,72,4,75,100887,52,57,83,4,75,100944,32,37,53,4,75,100878,38,42,59,3,75,101028,39,45,67,4,75,100940,42,43,58,3,76,100924,19,21,26,4,75,101229,33,38,55,4,76,100997,33,38,56,4,75,100976,17,18,24,4,75,101172,44,48,76,,,,,,,,,,,,,,,,,,,3,75,101022,41,47,76
2017-05-11T02:00:00,,,,,,,3,76,100895,54,58,94,,,,,,,,,100851,58,60,88,7,79,100864,31,35,49,4,76,100883,48,53,70,4,76,100894,43,48,71,,,100894,55,61,88,3,76,100896,39,45,65,3,76,100836,46,50,73,4,76,,46,50,82,4,79,100962,39,44,64,,,,,,,3,76,,41,48,69,4,76,,33,37,54,4,76,,39,45,66,3,76,,37,42,61,,,,,,,3,76,,43,47,71,3,76,,41,45,66,,,,,,,4,76,100982,44,50,74,3,76,100883,40,46,67,,,,,,,3,76,100993,35,41,59,4,76,,42,49,71,4,76,,46,50,73,2,76,101095,40,44,62,3,76,,40,46,66,5,76,100950,35,41,60,,,,,,,4,79,100951,29,33,48,3,79,100764,36,41,60,4,76,100904,43,49,72,,,,,,,3,76,100816,32,36,52,4,76,100838,48,54,80,3,76,101051,50,57,84,4,76,100993,30,35,49,4,76,101013,43,49,72,3,76,101069,26,30,42,3,76,101005,40,47,68,3,76,100849,50,55,81,4,76,100907,33,37,54,3,76,100846,37,41,57,3,76,100994,44,50,73,3,76,100903,46,48,61,3,76,100884,25,28,37,4,76,101193,36,41,60,3,76,100961,35,40,59,3,76,100943,9,10,13,4,76,101139,50,55,83,,,,,,,,,,,,,,,,,,,3,76,100991,37,43,68
2017-05-11T03:00:00,,,,,,,2,76,100890,51,56,90,,,,,,,,,100845,57,59,86,6,79,100857,34,39,56,4,76,100878,48,53,70,3,76,100890,42,47,69,,,100888,53,59,85,3,76,100892,41,47,68,3,76,100832,46,50,73,4,76,,46,51,82,3,79,100957,37,42,60,,,,,,,3,76,,39,45,65,4,76,,38,42,63,3,76,,41,47,70,2,76,,40,45,66,,,,,,,3,76,,44,48,74,3,76,,36,41,59,,,,,,,4,76,100979,43,50,74,3,76,100878,40,45,66,,,,,,,3,76,100989,36,41,60,3,76,,38,45,64,4,76,,44,47,71,2,76,101091,40,44,62,3,76,,39,45,64,4,76,100945,36,42,61,,,,,,,3,79,100941,29,33,47,3,79,100758,32,35,51,4,76,100897,41,47,69,,,,,,,3,76,100810,18,20,26,3,76,100833,45,51,77,2,76,101042,46,52,77,3,76,100990,29,33,46,4,76,101008,47,51,76,3,76,101073,32,37,53,2,76,100996,38,44,64,3,76,100845,44,50,74,4,76,100901,37,42,62,3,76,100845,39,42,59,2,76,100989,43,49,71,3,76,100911,44,46,60,3,76,100886,40,45,66,3,76,101185,40,44,65,3,76,100960,39,44,66,2,76,100935,11,12,16,3,76,101133,53,58,85,,,,,,,,,,,,,,,,,,,2,76,100985,37,43,68
2017-05-11T04:00:00,,,,,,,4,92,100896,47,52,83,,,,,,,,,100849,54,57,84,8,92,100863,32,37,53,5,92,100885,46,49,66,5,92,100900,39,43,64,,,100892,49,54,79,6,92,100906,41,47,68,5,92,100839,42,47,69,6,92,,44,48,77,5,92,100956,35,40,56,,,,,,,5,92,,35,40,58,6,92,,35,39,58,5,92,,38,44,64,4,92,,44,49,71,,,,,,,5,92,,40,45,69,5,92,,34,38,54,,,,,,,5,92,100985,43,49,72,4,92,100885,48,53,77,,,,,,,5,92,100989,40,46,67,5,92,,34,39,55,5,92,,42,47,69,4,92,101102,41,45,64,5,92,,47,52,75,6,92,100953,32,38,54,,,,,,,7,92,100929,38,41,58,5,92,100762,29,33,47,6,92,100906,41,46,67,,,,,,,5,92,100820,23,26,36,5,92,100839,41,47,70,4,92,101033,40,45,66,5,92,100995,23,26,35,5,92,101010,42,47,70,6,92,101089,36,41,59,4,92,101001,37,43,62,5,92,100852,39,44,64,5,92,100909,35,39,58,6,92,100840,38,40,57,4,92,100995,48,53,75,5,92,100913,47,49,62,5,92,100897,39,43,63,5,92,101193,44,48,68,7,92,100970,38,42,63,4,92,100936,16,17,23,5,92,101136,51,55,82,,,,,,,,,,,,,,,,,,,5,92,100979,41,46,73
2017-05-11T05:00:00,,,,,,,8,77,100890,36,39,59,,,,,,,,,100840,36,39,57,11,78,100853,27,31,43,9,73,100874,28,32,45,10,78,100895,30,33,48,,,100882,41,46,67,11,78,100914,34,38,56,9,78,100829,35,40,58,10,78,,34,38,62,9,78,100950,28,31,42,,,,,,,9,78,,27,31,42,9,78,,15,17,23,9,78,,27,30,42,9,78,,34,38,55,,,,,,,9,78,,26,29,43,9,78,,30,32,46,,,,,,,11,78,100972,29,32,46,8,78,100880,38,43,62,,,,,,,9,78,100980,28,32,45,9,76,,25,28,38,9,78,,32,35,52,8,78,101088,26,28,36,10,78,,28,31,44,9,78,100939,24,28,38,,,,,,,13,78,100914,21,24,34,9,78,100754,25,27,37,12,78,100910,28,31,44,,,,,,,9,78,100824,31,35,50,10,78,100830,33,37,55,9,75,100996,28,30,42,9,78,100988,19,22,29,10,78,100997,30,34,48,12,78,101103,20,22,30,8,78,100992,27,31,42,10,78,100844,29,33,47,9,78,100897,22,24,31,10,78,100829,36,37,52,8,78,100979,30,34,47,9,78,100901,29,32,43,9,78,100891,28,30,41,9,78,101182,29,33,47,11,78,100973,24,27,38,9,78,100916,16,17,23,9,76,101113,34,38,60,,,,,,,,,,,,,,,,,,,9,77,100970,29,33,50
2017-05-11T06:00:00,,,,,,,11,60,100900,27,27,38,,,,,,,,,100848,27,29,39,14,65,100855,24,27,37,12,56,100877,22,25,33,16,65,100919,17,17,22,,,100884,25,28,38,14,65,100915,20,23,31,12,63,100828,23,25,35,13,65,,24,27,40,12,65,100953,21,23,30,,,,,,,12,65,,17,19,25,12,65,,9,9,12,12,65,,21,23,29,12,65,,27,31,43,,,,,,,12,65,,14,14,19,12,65,,23,25,33,,,,,,,17,65,100979,19,21,29,12,62,100882,27,30,43,17,40,100818,16,18,24,12,63,100984,19,21,27,12,58,,18,19,24,12,65,,24,26,36,12,58,101095,14,14,18,13,65,,19,20,26,15,65,100956,18,20,26,,,,,,,17,60,100919,16,17,24,12,64,100759,14,15,19,16,53,100927,21,23,32,,,,,,,14,65,100838,16,18,24,15,65,100843,20,22,30,12,57,100997,20,21,28,12,61,100999,17,19,25,13,65,101001,17,19,24,16,60,101115,13,14,18,11,62,100998,20,22,28,14,61,100857,22,23,31,12,63,100905,22,24,32,14,55,100833,16,16,18,12,65,100976,23,26,35,12,65,100904,22,23,28,13,65,100895,17,17,22,12,61,101183,19,19,25,13,65,100975,19,21,27,12,65,100919,6,7,10,12,59,101117,25,27,39,,,,,,,,,,,,,,,,,,,13,60,100967,19,21,28
2017-05-11T07:00:00,,,,,,,13,62,100909,18,17,24,,,,,,,,,100850,19,20,25,15,67,100857,18,20,26,14,57,100875,12,13,17,18,67,100927,11,11,14,,,100884,14,15,19,14,67,100904,13,13,17,14,65,100825,13,14,19,14,67,,16,17,23,14,67,100948,17,18,23,,,,,,,14,67,,11,12,15,14,67,,8,9,12,14,67,,14,15,20,14,67,,15,16,20,,,,,,,13,67,,10,11,14,14,67,,15,15,20,,,,,,,18,67,100984,13,13,17,13,62,100880,12,12,15,19,42,100819,13,14,18,13,66,100980,14,16,20,13,61,,13,14,17,14,67,,17,18,23,14,57,101104,10,10,12,15,65,,15,15,19,18,67,100971,12,13,17,,,,,,,18,61,100923,14,16,21,13,66,100764,10,11,14,17,59,100920,17,18,24,,,,,,,16,65,100853,13,14,17,19,62,100865,10,10,13,14,59,100980,14,15,19,13,63,101001,11,12,17,15,67,100992,13,13,17,17,61,101119,11,12,14,13,63,100999,13,14,17,14,62,100857,13,14,18,13,65,100905,13,14,18,16,53,100832,15,15,18,14,66,100968,13,14,18,14,67,100899,13,13,14,14,66,100894,10,10,12,,,101181,12,11,14,14,67,100969,9,9,12,13,67,100919,5,6,8,15,61,101102,17,17,23,,,,,,,,,,,,,,,,,,,14,62,100971,13,13,17
2017-05-11T08:00:00,,,,,,,15,58,100892,13,13,17,,,,,,,,,100840,12,12,16,16,64,100837,11,12,15,15,53,100855,11,11,14,18,64,100900,9,9,11,,,100863,12,13,16,15,64,100881,10,10,13,15,61,100800,12,12,16,16,64,,10,10,14,17,64,100908,12,12,15,,,,,,,16,64,,10,10,13,15,64,,5,6,8,15,64,,13,13,17,15,64,,9,9,11,,,,,,,15,64,,8,9,12,15,64,,12,12,16,,,,,,,19,64,100955,11,11,15,15,57,100858,11,11,14,19,39,100794,10,11,14,15,61,100945,10,11,14,15,57,,11,11,14,16,64,,11,12,15,15,52,101086,8,8,10,17,58,,11,12,15,17,64,100936,13,14,19,,,,,,,17,60,100910,11,12,16,15,62,100744,11,11,14,17,57,100888,11,11,15,,,,,,,17,61,100835,9,10,13,20,57,100846,8,9,11,16,54,100955,11,12,16,16,60,100972,7,8,11,17,63,100966,10,10,13,18,58,101098,9,9,12,15,59,100972,9,10,12,15,58,100833,11,12,16,15,62,100885,10,11,14,17,44,100803,9,8,10,17,59,100938,9,10,12,15,62,100882,9,9,10,15,61,100875,9,9,12,,,101158,5,5,7,15,62,100947,7,8,10,15,63,100904,4,4,7,16,56,101083,13,13,18,,,,,,,,,,,,,,,,,,,16,58,100949,12,12,16
2017-05-11T09:00:00,,,,,,,16,56,100875,11,10,14,,,,,,,,,100833,14,14,18,17,63,100815,9,10,12,16,50,100833,9,9,11,18,61,100869,8,8,11,,,100841,10,10,13,16,60,100861,7,7,10,17,58,100782,9,9,12,17,63,,10,10,14,20,63,100862,9,9,11,,,,,,,18,63,,8,8,10,17,63,,6,7,8,16,63,,11,11,15,16,62,,8,9,11,18,63,,13,12,15,17,62,,7,7,10,16,63,,9,9,11,,,,,,,21,63,100947,8,8,10,16,53,100836,9,9,11,20,38,100775,9,9,12,16,57,100925,8,10,13,16,54,,9,10,12,17,63,,11,11,14,17,50,101070,7,7,9,19,54,,9,9,11,17,62,100906,12,14,18,16,57,100929,6,6,9,17,56,100891,8,8,11,17,58,100719,7,8,10,18,55,100865,10,10,13,,,,,,,17,59,100809,8,8,11,21,52,100826,7,7,9,17,51,100929,9,10,13,18,55,100943,7,7,10,19,58,100941,7,8,10,18,57,101071,8,8,11,16,57,100947,9,9,11,16,55,100811,9,9,12,16,58,100866,9,9,12,19,41,100792,8,8,9,19,51,100917,9,9,11,17,60,100865,9,8,9,16,57,100858,8,8,11,,,101144,7,7,9,17,59,100927,6,7,9,16,61,100888,4,5,7,17,53,101062,11,11,14,,,,,,,,,,,,,,,,,,,17,54,100925,10,10,13
2017-05-11T10:00:00,,,,,,,17,52,100842,10,9,13,,,,,,,18,44,100773,12,12,16,18,59,100782,7,8,10,17,45,100793,7,7,9,18,54,100825,7,7,9,,,100800,8,9,11,17,56,100823,7,7,9,18,55,100753,9,9,12,17,58,,9,9,13,21,59,100817,8,8,10,,,,,,,20,59,,8,8,10,19,59,,6,6,9,19,59,,10,11,13,17,59,,9,9,11,,,,,,,18,58,,6,7,9,17,59,,9,9,11,,,,,,,21,59,100892,8,8,10,17,49,100802,7,8,10,20,34,100733,8,8,11,17,53,100882,8,8,11,17,50,,8,8,10,19,59,,12,12,17,18,46,101035,7,7,9,21,44,,8,8,10,18,57,100869,19,26,37,17,54,100886,6,7,9,18,53,100855,10,10,14,18,55,100681,9,12,16,18,51,100829,10,10,13,,,,,,,18,54,100773,8,8,11,22,48,100788,7,7,9,18,47,100892,8,9,12,18,50,100914,7,7,10,19,54,100905,8,8,10,18,53,101024,7,7,9,17,52,100911,8,8,10,17,51,100774,9,9,12,18,55,100832,8,8,11,20,38,100746,7,6,7,20,45,100879,8,8,10,19,54,100832,7,6,7,17,52,100823,8,8,10,,,101107,7,6,8,17,54,100887,5,6,8,17,58,100847,5,5,7,18,49,101020,11,10,14,,,,,,,,,,,,,,,,,,,18,50,100886,9,8,11
2017-05-11T11:00:00,,,,,,,19,50,100816,8,8,10,,,,,,,18,41,100741,8,8,10,19,57,100741,6,7,9,18,42,100758,7,7,9,19,51,100782,5,6,7,,,100766,8,8,10,18,51,100784,5,6,7,21,51,100730,7,7,9,18,54,,8,8,12,22,57,100786,7,7,8,,,,,,,21,57,,6,7,8,20,57,,5,6,8,21,57,,9,9,12,18,55,,8,9,11,,,,,,,19,56,,4,5,7,18,55,,7,8,10,,,,,,,21,57,100870,7,8,10,18,45,100769,6,7,9,19,32,100684,6,7,9,18,49,100835,6,7,9,18,47,,7,7,9,20,57,,10,10,13,19,43,100994,6,6,7,23,35,,7,7,8,19,53,100831,7,8,10,18,50,100851,5,5,8,19,49,100820,7,7,9,19,51,100645,8,9,12,19,48,100784,9,9,12,,,,,,,19,50,100736,6,6,8,20,48,100729,6,7,9,19,43,100851,7,8,10,20,47,100870,5,5,7,20,49,100869,6,6,8,19,49,100983,6,6,8,18,49,100872,7,8,10,18,48,100740,8,9,11,19,52,100795,5,6,8,21,35,100711,5,5,6,21,43,100838,8,7,9,21,45,100807,5,5,5,18,49,100781,6,6,8,,,101070,6,5,7,18,50,100847,4,5,6,18,54,100806,4,5,7,19,46,100976,10,9,12,,,,,,,,,,,,,,,,,,,19,47,100849,8,7,10
2017-05-11T12:00:00,,,,,,,21,48,100794,7,6,9,,,,,,,19,39,100711,8,8,10,19,56,100709,6,7,9,19,40,100733,7,8,10,19,49,100748,6,6,8,,,100736,9,9,11,19,49,100754,6,7,9,23,48,100712,8,8,9,19,52,,7,8,11,22,56,100756,8,7,9,,,,,,,21,56,,6,7,9,21,56,,6,6,8,22,56,,8,8,10,19,53,,8,8,11,19,53,,8,9,11,21,56,,4,5,7,20,55,,8,8,11,,,,,,,21,56,100813,17,17,21,19,43,100740,8,8,10,20,31,100644,6,7,9,19,47,100798,6,6,8,20,45,,6,7,9,20,54,,9,8,11,20,41,100970,6,6,8,24,34,,6,6,7,20,51,100800,8,10,12,19,48,100825,5,7,9,19,47,100789,7,7,9,20,49,100618,8,8,11,20,45,100749,7,8,10,,,,,,,19,47,100708,7,7,9,20,47,100691,7,8,10,19,41,100821,8,8,11,22,44,100839,6,6,9,20,48,100835,6,7,9,19,48,100952,8,8,10,20,47,100839,6,6,8,19,45,100711,7,8,10,20,49,100768,5,6,8,20,36,100698,7,6,7,22,38,100804,7,7,9,24,38,100786,6,5,6,19,47,100754,6,7,9,,,101049,5,5,6,19,48,100817,5,5,7,19,52,100780,5,5,7,19,44,100945,9,8,11,,,,,,,,,,,,,,,,,,,20,45,100819,9,10,13
2017-05-11T13:00:00,,,,,,,23,46,100765,8,7,10,,,,,,,19,37,100674,10,10,13,20,54,100672,6,7,9,21,37,100704,8,8,10,20,47,100715,6,7,9,,,100701,10,9,12,20,46,100720,7,8,10,24,44,100681,9,9,11,20,50,,9,9,13,22,54,100743,9,9,11,,,,,,,22,53,,7,8,9,22,54,,7,7,10,23,54,,9,9,12,20,49,,8,8,10,20,50,,8,9,11,24,54,,6,7,9,23,54,,9,9,12,,,,,,,22,54,100787,9,10,12,20,41,100701,8,8,10,21,29,100613,7,7,9,20,45,100762,7,7,10,22,44,,8,8,10,21,50,,11,12,15,21,39,100942,8,8,9,23,38,,9,9,11,21,49,100767,14,15,20,,,,,,,20,44,100753,8,8,10,20,46,100583,9,10,13,20,42,100715,10,10,13,,,,,,,20,45,100678,8,8,10,21,45,100654,9,9,12,20,39,100788,9,9,12,24,34,100800,6,6,8,21,45,100803,7,8,10,20,45,100918,9,9,11,23,43,100795,7,7,8,20,42,100675,8,8,11,21,47,100738,6,7,9,21,37,100660,9,8,9,23,33,100776,8,8,10,25,33,100760,7,6,7,20,45,100724,8,8,10,,,101021,5,5,6,20,45,100786,5,6,8,20,50,100751,5,6,8,20,41,100909,10,9,12,,,,,,,,,,,,,,,,,,,21,42,100779,10,9,13
2017-05-11T14:00:00,,,,,,,23,45,100740,8,8,10,,,,,,,20,36,100646,10,10,13,20,53,100643,7,8,10,21,35,100678,8,8,10,20,45,100686,7,8,9,,,100670,9,9,11,20,45,100690,7,8,10,24,41,100652,9,9,12,20,49,,9,9,12,21,50,100726,10,10,12,,,,,,,22,52,,8,8,10,24,53,,8,8,10,24,53,,10,10,13,20,48,,8,9,11,20,49,,8,8,11,25,53,,7,7,10,26,53,,10,10,12,,,,,,,21,51,100761,8,8,11,20,39,100673,8,8,10,20,28,100586,8,9,11,21,44,100729,7,8,10,23,42,,8,8,10,20,48,,10,10,13,21,38,100918,13,12,15,21,42,,10,11,13,21,48,100741,10,11,14,,,,,,,20,43,100722,8,8,10,20,44,100550,6,7,10,20,41,100687,9,9,11,,,,,,,20,43,100648,8,9,11,21,43,100626,11,12,15,20,38,100760,10,11,14,25,31,100770,6,6,8,21,44,100776,8,9,11,20,43,100887,8,8,10,24,39,100773,8,8,10,20,41,100646,9,9,11,21,46,100711,7,8,10,21,36,100630,8,8,9,23,31,100749,8,9,10,25,32,100734,7,6,7,20,43,100694,8,8,11,,,100988,6,5,6,20,44,100761,6,7,9,21,50,100725,6,7,9,20,40,100880,11,10,14,,,,,,,,,,,,,,,,,,,21,41,100749,17,17,23
2017-05-11T15:00:00,,,,,,,22,41,100703,9,8,11,,,,,,,20,34,100611,11,11,15,21,51,100610,7,8,10,21,33,100634,8,8,10,21,42,100650,7,7,10,,,100632,10,10,12,21,43,100655,8,8,10,22,41,100593,9,9,11,21,46,,10,10,14,21,46,100696,12,12,15,22,48,,8,8,9,21,47,,8,9,11,23,52,,9,9,12,25,52,,11,11,14,21,46,,9,9,12,21,46,,8,9,11,26,52,,7,8,10,25,52,,10,9,12,,,,,,,22,47,100724,9,10,13,21,36,100636,8,9,11,21,27,100548,12,12,16,22,40,100684,10,11,14,24,39,,8,8,9,21,45,,10,10,13,21,36,100883,10,9,12,21,40,,11,11,13,21,44,100703,9,10,13,,,,,,,21,41,100686,8,8,11,21,41,100512,7,8,10,21,39,100652,11,12,15,,,,,,,21,41,100612,8,9,11,21,41,100589,13,14,19,21,36,100728,11,12,16,27,29,100735,6,6,8,22,42,100742,8,8,10,21,40,100849,8,8,10,24,37,100742,8,8,10,21,39,100611,10,10,13,21,42,100671,9,10,13,21,34,100593,9,8,9,24,31,100713,9,9,11,24,36,100693,7,7,7,21,41,100658,9,9,11,,,100960,6,5,7,21,41,100726,19,26,37,21,47,100692,7,8,10,21,38,100843,12,12,16,,,,,,,,,,,,,,,,,,,22,37,100712,9,9,12
2017-05-11T16:00:00,,,,,,,22,40,100672,10,9,12,,,,,,,20,33,100584,11,11,13,21,50,100587,8,9,11,20,33,100605,8,8,10,20,41,100624,10,10,13,,,100607,10,10,13,20,42,100632,8,8,10,21,40,100555,9,10,12,20,45,,10,10,14,20,44,100674,10,10,13,21,47,,9,9,11,20,45,,8,9,11,23,50,,10,11,15,23,50,,14,14,18,21,45,,9,9,11,21,44,,7,8,10,25,50,,7,8,11,21,48,,10,10,12,,,,,,,21,46,100693,9,9,12,21,32,100618,8,8,10,20,25,100522,11,12,15,23,38,100657,10,10,13,24,39,,18,18,23,21,44,,12,12,15,20,34,100856,9,9,11,20,40,,10,10,13,21,43,100674,9,10,13,21,40,100684,6,7,10,20,40,100666,9,9,13,21,40,100484,8,9,11,21,39,100628,10,10,13,,,,,,,20,39,100589,9,9,11,21,39,100562,10,11,14,20,35,100705,19,21,29,25,31,100731,8,8,10,21,40,100716,8,8,11,20,39,100822,9,8,10,23,37,100723,8,8,10,20,38,100584,11,11,15,20,41,100644,11,11,15,21,34,100566,10,10,12,21,38,100690,10,10,13,22,39,100656,9,8,9,20,40,100633,9,9,11,,,100935,6,5,7,20,40,100698,9,10,13,21,47,100669,8,8,11,20,37,100819,12,12,16,,,,,,,,,,,,,,,,,,,20,36,100690,10,9,13
2017-05-11T17:00:00,,,,,,,21,42,100670,11,10,14,,,,,,,19,36,100585,13,12,15,20,52,100587,20,23,30,20,35,100607,11,12,15,19,43,100623,10,10,13,,,100608,12,12,16,20,45,100633,10,10,13,20,43,100553,11,12,15,20,48,,11,12,17,20,46,100679,11,11,14,20,48,,11,11,15,20,47,,11,11,15,21,52,,11,11,15,21,49,,13,13,17,20,48,,12,12,15,20,47,,7,9,11,23,52,,8,8,11,20,48,,14,14,18,,,,,,,20,48,100697,11,12,15,20,39,100620,10,9,12,20,27,100521,15,16,21,21,42,100678,11,12,15,21,41,,13,13,17,20,46,,12,12,16,19,37,100858,11,11,13,20,42,,10,10,13,20,45,100673,9,10,13,20,43,100685,9,10,14,20,42,100671,10,11,14,20,44,100489,17,19,25,20,42,100628,11,12,15,,,,,,,20,42,100586,9,9,12,20,42,100563,10,10,13,19,37,100710,12,13,16,21,40,100735,8,8,10,20,43,100726,11,11,15,20,43,100825,8,9,11,21,43,100734,9,9,11,20,41,100581,13,13,18,20,44,100643,10,11,14,20,42,100570,11,11,13,19,41,100698,11,12,15,20,44,100650,9,9,10,20,44,100638,10,9,12,,,100951,7,7,9,20,43,100705,7,8,10,20,49,100678,7,8,11,20,40,100827,13,12,17,,,,,,,,,,,,,,,,,,,20,39,100695,12,12,17
2017-05-11T18:00:00,,,,,,,17,57,100694,16,15,21,,,,,,,16,50,100612,19,19,25,18,63,100614,27,31,44,17,51,100634,12,13,16,17,60,100656,18,19,25,,,100638,15,16,20,16,62,100658,12,12,15,17,58,100580,13,14,18,17,63,,20,21,31,17,62,100712,17,18,23,18,63,,14,14,16,17,63,,12,12,16,18,63,,14,15,20,17,63,,17,18,23,16,63,,18,19,24,17,63,,14,16,21,18,63,,12,13,18,17,63,,15,16,21,,,,,,,17,63,100733,14,15,19,16,57,100645,11,10,13,17,38,100548,17,19,25,17,59,100731,11,12,16,17,56,,15,15,19,17,62,,16,17,23,16,52,100884,21,23,29,17,59,,19,20,25,17,61,100703,12,14,18,,,,,,,17,58,100707,13,14,18,17,61,100527,21,23,30,17,59,100658,15,16,21,,,,,,,16,58,100609,12,13,17,17,58,100590,11,11,15,16,52,100749,13,14,18,17,57,100769,10,10,13,17,59,100760,15,16,20,16,57,100847,10,10,13,17,60,100770,17,18,23,17,56,100616,15,15,20,17,60,100672,14,15,20,17,60,100609,14,14,16,16,58,100729,17,18,23,17,61,100674,11,10,12,16,60,100666,16,16,21,17,58,100977,16,15,20,17,58,100733,12,13,17,16,63,100707,13,14,19,17,55,100859,19,19,26,,,,,,,,,,,,,,,,,,,16,54,100729,15,15,20
2017-05-11T19:00:00,,,,,,,15,65,100712,26,27,38,,,,,,,14,58,100635,28,29,40,16,68,100650,22,25,33,15,60,100658,17,18,22,15,68,100677,20,21,27,,,100663,18,18,23,15,68,100683,20,22,28,15,67,100604,20,21,27,15,68,,37,41,63,15,68,100732,23,24,32,,,,,,,15,68,,19,20,25,16,68,,23,25,35,15,68,,24,27,36,14,68,,27,30,42,15,68,,19,20,27,15,68,,15,17,23,15,68,,23,24,33,,,,,,,16,68,100755,23,25,33,14,66,100665,14,15,18,15,43,100574,24,27,37,15,68,100769,14,16,20,15,64,,27,29,38,16,68,,26,28,41,14,62,100904,30,33,44,15,68,,27,29,40,16,68,100731,22,25,33,15,68,100762,17,19,25,15,68,100720,20,22,31,15,68,100551,30,34,49,15,68,100685,29,33,46,,,,,,,15,67,100632,20,22,29,15,68,100614,22,23,32,15,62,100783,20,21,28,15,67,100787,18,19,25,15,68,100779,22,23,30,14,66,100865,16,17,21,15,68,100790,24,27,36,15,66,100640,23,25,32,15,68,100698,19,20,26,15,68,100633,17,16,19,14,67,100753,23,25,34,15,68,100695,14,14,15,14,68,100689,25,26,35,15,66,100990,24,25,34,15,68,100753,25,28,38,14,68,100724,16,17,23,15,64,100881,29,31,48,,,,,,,,,,,,,,,,,,,15,64,100750,24,26,37
2017-05-11T20:00:00,,,,,,,13,72,100706,33,35,54,,,,,,,13,65,100627,36,40,58,15,73,100646,21,24,31,14,68,100660,23,26,34,14,73,100675,24,26,36,,,100661,21,22,28,14,73,100681,27,30,42,14,73,100602,24,27,36,14,73,,40,45,72,14,73,100733,27,30,41,,,,,,,14,73,,26,28,37,14,73,,26,29,41,14,73,,29,33,47,13,73,,35,39,57,13,73,,21,23,30,13,73,,17,19,26,14,73,,33,36,52,,,,,,,14,73,100753,27,31,43,13,73,100663,23,25,31,14,48,100569,27,31,43,13,73,100760,24,26,35,14,73,,27,30,42,14,73,,30,34,49,13,73,100895,43,47,64,13,73,,32,36,52,15,73,100731,27,31,44,13,73,100758,25,28,39,14,73,100720,24,27,39,13,73,100551,45,51,72,14,73,100684,37,42,60,,,,,,,14,73,100632,27,30,43,14,73,100615,53,59,80,13,73,100786,27,29,39,14,73,100784,21,24,30,14,73,100775,28,31,44,13,73,100863,24,26,36,13,73,100790,23,26,34,13,73,100636,29,31,44,14,73,100698,26,28,39,13,73,100630,19,19,23,13,73,100753,30,34,48,13,73,100690,20,20,22,13,73,100680,30,33,47,14,73,100981,28,31,44,14,73,100749,43,51,72,13,73,100711,20,22,31,14,71,100876,33,36,58,,,,,,,,,,,,,,,,,,,13,71,100750,26,29,43
2017-05-11T21:00:00,,,,,,,11,82,100678,34,36,55,,,,,,,11,79,100606,36,39,57,13,82,100627,25,28,38,12,82,100638,28,32,45,11,82,100654,29,32,45,,,100644,25,28,36,11,82,100664,29,32,45,11,82,100584,28,31,43,12,82,,35,39,63,12,82,100710,33,37,52,,,,,,,12,82,,30,33,46,12,82,,31,35,51,12,82,,29,33,47,11,82,,42,45,65,11,82,,23,26,34,11,82,,21,23,32,12,82,,31,35,50,,,,,,,12,82,100736,28,32,44,11,82,100643,27,30,40,12,57,100552,31,36,51,11,82,100743,27,31,44,12,82,,28,32,44,12,82,,31,35,51,10,82,100878,41,45,63,11,82,,35,39,57,13,82,100711,28,32,45,11,82,100736,29,33,48,12,82,100699,26,29,42,11,82,100531,28,31,43,12,82,100664,38,43,62,,,,,,,12,82,100610,28,31,44,12,82,100598,42,47,68,11,82,100773,31,34,49,12,82,100764,25,28,38,12,82,100763,29,32,46,11,82,100846,25,27,37,11,82,100775,28,31,44,11,82,100614,32,36,51,12,82,100673,28,31,45,11,82,100607,23,25,30,11,82,100740,34,38,55,11,82,100673,22,22,26,11,82,100664,32,35,50,12,82,100964,34,39,56,11,82,100734,30,34,49,11,82,100696,27,31,44,12,82,100859,34,37,59,,,,,,,,,,,,,,,,,,,11,82,100733,29,33,50
2017-05-11T22:00:00,,,,,,,10,85,100683,36,38,60,,,,,,,10,85,100609,40,44,65,12,85,100635,27,30,42,11,85,100645,29,33,46,11,85,100662,30,34,49,,,100652,28,31,43,10,85,100669,30,34,48,11,85,100590,29,32,46,11,85,,36,40,65,11,85,100722,32,36,50,,,,,,,11,85,,31,35,49,11,85,,35,39,58,11,85,,30,34,48,10,85,,43,46,68,10,85,,25,28,37,10,85,,23,25,35,11,85,,32,35,50,,,,,,,11,85,100743,30,34,48,10,85,100649,30,32,45,11,60,100556,31,35,50,10,85,100755,27,31,43,11,85,,30,33,46,11,85,,32,36,53,9,85,100879,41,45,64,10,85,,34,39,56,12,85,100721,29,34,48,10,85,100751,27,30,43,11,85,100703,27,30,44,10,85,100536,27,30,42,11,85,100673,37,42,61,,,,,,,11,85,100613,30,34,48,11,85,100608,37,42,63,10,85,100784,33,37,53,11,85,100768,25,28,39,11,85,100772,29,33,47,10,85,100849,26,29,40,10,85,100784,29,32,45,10,85,100620,35,39,56,11,85,100679,29,33,47,10,85,100616,24,26,33,10,85,100749,36,40,59,10,85,100680,23,24,28,10,85,100664,28,31,43,11,85,100970,35,40,58,10,85,100738,29,32,46,10,85,100705,21,23,30,11,85,100867,36,39,62,,,,,,,,,,,,,,,,,,,10,85,100740,30,34,52
2017-05-11T23:00:00,,,,,,,9,92,100679,39,42,66,,,,,,,9,92,100605,47,49,73,11,92,100628,27,31,43,9,92,100636,27,31,44,9,92,100661,32,36,51,,,100646,31,34,49,9,92,100665,35,40,56,9,92,100584,30,33,48,9,92,,35,40,65,9,92,100724,32,35,50,9,92,,29,31,43,9,92,,32,36,51,10,92,,34,38,57,10,92,,33,37,53,8,92,,42,46,67,9,92,,27,30,41,9,92,,25,28,40,9,92,,31,33,47,,,,,,,10,92,100738,32,36,51,9,92,100644,31,35,49,10,67,100552,30,35,50,9,92,100750,30,33,48,9,92,,30,34,47,10,92,,35,39,58,8,92,100868,40,44,62,9,92,,35,39,57,10,92,100712,29,33,47,9,92,100748,26,30,43,9,92,100706,29,32,47,9,92,100527,27,30,41,10,92,100672,40,44,65,,,,,,,9,92,100603,31,35,50,10,92,100599,33,38,56,9,92,100786,34,38,54,9,92,100763,27,30,43,10,92,100760,32,36,52,9,92,100833,27,31,43,8,92,100777,30,34,47,9,92,100616,36,40,57,10,92,100676,30,34,49,9,92,100608,29,31,41,9,92,100743,47,52,70,9,92,100667,25,27,33,9,92,100654,33,36,52,9,92,100966,37,42,62,9,92,100726,32,36,53,9,92,100695,21,23,31,10,92,100865,38,41,65,,,,,,,,,,,,,,,,,,,9,92,100733,31,35,54
2017-05-12T00:00:00,,,,,,,9,90,100636,45,48,75,,,,,,,9,90,100565,45,48,72,12,90,100594,29,33,47,10,90,100597,28,32,45,10,90,100624,32,36,51,,,100608,31,35,50,10,90,100628,32,37,53,10,90,100546,31,34,49,10,90,,42,45,73,10,90,100678,32,37,51,,,,,,,10,90,,32,36,51,10,90,,33,37,56,10,90,,35,40,57,9,90,,40,44,64,9,90,,29,33,47,10,90,,28,31,46,10,90,,32,35,50,,,,,,,10,90,100701,31,35,50,9,90,100606,32,35,50,10,65,100515,30,35,50,9,90,100711,30,34,49,10,90,,31,34,48,10,90,,38,42,61,9,90,100825,39,42,59,9,90,,36,40,58,11,90,100675,29,34,48,9,90,100711,28,32,46,9,90,100667,30,33,49,9,90,100488,28,31,43,10,90,100635,35,40,58,,,,,,,10,90,100565,33,37,53,10,90,100560,32,36,53,9,90,100746,34,38,55,10,90,100723,27,30,42,10,90,100716,34,38,56,9,90,100787,29,33,46,9,90,100739,31,35,49,9,90,100573,34,38,55,10,90,100639,31,35,50,9,90,100560,32,35,48,9,90,100702,45,50,68,9,90,100625,27,29,38,9,90,100614,36,40,58,10,90,100924,38,43,63,10,90,100686,37,42,63,9,90,100652,24,27,37,10,90,100831,41,43,68,,,,,,,,,,,,,,,,,,,9,90,100692,33,37,57
2017-05-12T01:00:00,,,,,,,9,92,100611,42,46,73,,,,,,,9,92,100540,46,49,73,12,92,100573,30,34,47,10,92,100571,29,33,47,10,92,100597,30,34,49,,,100584,31,35,50,10,92,100604,32,36,52,10,92,100523,31,34,49,10,92,,43,46,74,10,92,100653,34,38,55,10,92,,33,38,54,10,92,,31,35,50,10,92,,30,33,48,10,92,,35,39,57,9,92,,37,41,60,9,92,,30,34,48,10,92,,33,37,56,10,92,,32,36,52,,,,,,,10,92,100677,32,36,52,10,92,100583,33,37,53,10,67,100492,30,34,48,10,92,100682,32,36,53,10,92,,30,34,48,10,92,,36,40,60,9,92,100799,38,41,58,10,92,,33,37,52,11,92,100649,30,34,49,,,,,,,9,92,100647,28,32,46,9,92,100465,29,32,45,10,92,100610,35,39,58,,,,,,,10,92,100540,32,36,52,10,92,100533,31,35,51,9,92,100721,34,37,54,10,92,100696,26,29,41,10,92,100691,35,39,58,9,92,100764,30,33,48,9,92,100715,31,36,50,9,92,100550,33,38,54,10,92,100611,30,33,48,10,92,100534,32,35,48,9,92,100679,38,43,62,9,92,100598,29,31,40,9,92,100589,35,39,56,10,92,100899,36,41,59,10,92,100662,32,37,54,10,92,100627,29,33,47,10,92,100809,41,43,68,,,,,,,,,,,,,,,,,,,9,92,100669,33,38,59
2017-05-12T02:00:00,,,,,,,10,90,100585,41,45,71,,,,,,,10,90,100514,40,44,64,12,90,100551,28,32,45,11,90,100548,28,32,45,10,90,100569,29,32,45,,,100558,32,36,51,10,90,100577,31,36,50,11,90,100499,31,35,50,10,90,,35,39,63,11,90,100635,31,35,49,11,90,,34,38,54,10,90,,29,33,46,11,90,,28,31,44,10,90,,33,38,54,10,90,,33,36,52,10,90,,29,33,46,11,90,,31,34,51,11,90,,32,35,50,,,,,,,11,90,100655,30,34,48,10,90,100557,32,36,52,10,65,100467,30,34,48,11,90,100656,31,35,50,11,90,,29,33,46,11,90,,35,39,58,9,90,100777,35,37,52,10,90,,31,34,48,11,90,100621,28,33,46,,,,,,,10,90,100625,29,33,48,10,90,100440,30,34,48,11,90,100585,34,39,56,,,,,,,10,90,100512,31,35,50,11,90,100503,27,31,43,10,90,100698,30,34,48,11,90,100670,24,27,37,11,90,100673,33,37,54,10,90,100737,29,32,46,10,90,100686,31,35,50,10,90,100524,31,35,49,10,90,100586,30,33,47,10,90,100510,33,36,49,10,90,100660,36,41,59,10,90,100579,31,34,44,10,90,100564,30,33,47,11,90,100876,34,38,55,10,90,100643,28,31,44,10,90,100605,28,31,45,10,90,100783,36,39,62,,,,,,,,,,,,,,,,,,,10,90,100644,32,36,56
2017-05-12T03:00:00,,,,,,,10,88,100573,37,41,63,,,,,,,10,88,100505,39,43,62,13,88,100543,28,30,42,11,88,100538,28,32,44,10,88,100561,30,33,47,,,100549,31,35,49,11,88,100569,32,36,51,11,88,100490,31,34,49,11,88,,32,36,58,11,88,100627,32,36,50,,,,,,,11,88,,30,33,46,11,88,,27,30,42,11,88,,31,35,49,10,88,,31,35,50,10,88,,29,33,47,11,88,,27,30,44,11,88,,31,35,49,,,,,,,11,88,100643,31,35,50,11,88,100549,33,37,53,11,63,100458,30,35,49,11,88,100645,31,35,50,11,88,,31,35,49,11,88,,31,35,52,10,88,100760,34,36,50,11,88,,31,35,49,11,88,100613,29,33,47,,,,,,,10,88,100616,30,33,49,11,88,100428,30,34,48,11,88,100574,32,36,51,,,,,,,11,88,100503,31,35,50,11,88,100491,29,32,46,10,88,100691,31,34,48,11,88,100668,25,28,38,11,88,100666,31,34,49,10,88,100727,28,32,45,10,88,100681,31,35,49,10,88,100517,32,36,50,11,88,100577,29,32,46,11,88,100507,32,35,47,10,88,100648,31,36,50,11,88,100566,30,32,41,10,88,100546,30,32,45,11,88,100861,30,33,46,10,88,100626,26,29,39,11,88,100587,27,30,42,11,88,100776,34,38,60,,,,,,,,,,,,,,,,,,,10,88,100636,32,36,56
2017-05-12T04:00:00,,,,,,,10,85,100564,36,39,60,,,,,,,10,85,100494,39,43,62,13,85,100535,27,30,42,11,85,100531,27,31,43,11,85,100552,29,32,45,,,100542,31,34,49,11,85,100560,30,34,48,11,85,100480,29,32,45,11,85,,31,36,56,11,85,100628,31,34,48,12,85,,31,35,48,11,85,,30,34,48,11,85,,29,32,46,11,85,,30,34,48,11,85,,34,39,56,11,85,,29,33,45,11,85,,26,29,42,11,85,,31,35,50,,,,,,,11,85,100636,27,31,42,11,85,100543,31,35,50,11,60,100449,27,31,44,11,85,100648,27,30,42,11,85,,28,32,43,11,85,,30,34,49,10,85,100752,38,42,60,11,85,,29,32,44,12,85,100600,25,29,39,,,,,,,10,85,100608,29,32,47,11,85,100427,29,33,46,11,85,100566,29,33,46,,,,,,,11,85,100488,29,33,47,11,85,100484,27,30,43,10,85,100695,30,33,47,11,85,100664,24,27,36,12,85,100656,29,33,47,11,85,100712,29,32,46,11,85,100668,32,36,50,11,85,100510,33,36,52,11,85,100569,29,32,45,11,85,100496,31,34,47,10,85,100636,35,40,58,11,85,100553,30,33,42,10,85,100533,33,37,52,11,85,100851,31,35,49,11,85,100611,31,34,50,11,85,100580,28,31,43,11,85,100768,33,37,57,,,,,,,,,,,,,,,,,,,11,85,100627,32,36,55
2017-05-12T05:00:00,,,,,,,10,92,100581,37,40,62,,,,,,,10,92,100509,46,48,71,13,92,100541,25,28,38,11,92,100546,27,31,43,11,92,100568,30,33,46,,,100560,31,35,49,11,92,100576,31,34,48,11,92,100496,28,31,44,11,92,,30,33,52,11,92,100645,31,35,48,12,92,,90,97,123,11,92,,30,33,46,11,92,,28,31,44,11,92,,31,34,49,11,92,,30,33,47,11,92,,28,31,42,11,92,,26,29,42,11,92,,31,34,48,,,,,,,11,92,100655,28,32,44,11,92,100558,33,37,53,11,67,100462,28,32,44,11,92,100665,27,31,43,11,92,,27,30,42,11,92,,31,34,49,10,92,100778,39,43,61,11,92,,28,31,42,11,92,100615,25,29,40,,,,,,,10,92,100625,29,32,47,11,92,100441,28,32,44,11,92,100583,30,33,47,,,,,,,11,92,100505,29,32,45,11,92,100503,27,31,44,10,92,100717,37,42,62,11,92,100677,24,27,36,11,92,100676,30,33,47,11,92,100744,29,33,46,11,92,100680,30,33,46,11,92,100525,32,36,51,11,92,100582,27,30,42,11,92,100523,30,33,45,11,92,100657,34,39,56,11,92,100582,30,33,42,11,92,100566,33,36,52,11,92,100868,29,33,46,11,92,100638,31,35,50,11,92,100604,26,29,40,11,92,100788,34,37,58,,,,,,,,,,,,,,,,,,,11,92,100644,32,36,55
2017-05-12T06:00:00,,,,,,,10,94,100587,40,43,68,,,,,,,10,94,100512,45,48,71,13,94,100559,24,27,37,12,94,100553,27,30,42,11,94,100576,30,33,46,,,100565,31,35,49,11,94,100581,32,36,51,11,94,100500,30,34,48,11,94,,29,32,51,11,94,100655,32,36,50,,,,,,,11,94,,29,33,46,12,94,,26,28,40,11,94,,32,37,52,11,94,,30,33,47,,,,,,,12,94,,29,32,47,11,94,,30,33,47,,,,,,,11,94,100658,31,35,49,11,94,100565,32,37,52,11,69,100476,28,32,44,11,94,100669,30,34,49,11,94,,29,32,44,12,94,,33,37,54,10,94,100771,39,43,61,11,94,,28,31,43,12,94,100623,28,32,45,,,,,,,11,94,100634,28,31,45,11,94,100453,28,31,44,12,94,100593,31,35,51,,,,,,,11,94,100510,30,33,47,11,94,100506,27,31,44,10,94,100728,38,43,64,11,94,100684,22,25,33,12,94,100675,30,34,49,11,94,100739,29,33,47,11,94,100695,28,31,42,11,94,100532,32,36,51,11,94,100594,27,30,43,11,94,100519,32,35,47,11,94,100657,37,42,61,11,94,100577,31,34,44,11,94,100559,32,35,50,11,94,100874,30,34,48,11,94,100635,30,34,50,11,94,100601,26,30,41,11,94,100797,32,35,54,,,,,,,,,,,,,,,,,,,11,94,100653,30,35,53
2017-05-12T07:00:00,,,,,,,11,97,100582,38,41,66,,,,,,,11,97,100504,45,48,72,11,97,100539,23,25,34,12,97,100552,25,28,38,12,97,100563,26,29,40,,,100562,29,32,46,12,97,100581,30,35,49,12,97,100500,30,33,47,12,97,,31,36,57,12,97,100644,29,31,43,,,,,,,11,97,,28,31,44,12,97,,27,31,44,12,97,,35,39,56,11,97,,30,34,48,,,,,,,12,97,,30,35,52,12,97,,28,30,42,,,,,,,12,97,100656,29,32,45,12,97,100564,30,34,49,12,72,100457,25,28,39,12,97,100642,27,30,42,12,97,,27,30,41,12,97,,33,37,54,11,97,100778,38,42,59,12,97,,25,27,36,12,97,100617,26,30,42,12,97,100663,23,26,35,11,97,100616,25,28,40,12,97,100444,27,31,42,12,97,100576,30,34,49,,,,,,,12,97,100515,30,34,48,12,97,100492,29,33,47,11,97,100710,38,44,65,12,97,100679,21,23,30,12,97,100667,32,36,53,12,97,100748,28,32,46,12,97,100669,26,28,38,11,97,100521,31,34,48,12,97,100576,25,28,38,12,97,100510,32,35,47,11,97,100661,33,39,56,12,97,100585,32,35,45,11,97,100568,31,35,50,12,97,100864,30,34,47,11,97,100642,32,36,54,11,97,100604,25,28,39,12,97,100787,35,39,61,,,,,,,,,,,,,,,,,,,12,97,100644,28,31,47
2017-05-12T08:00:00,,,,,,,12,92,100612,34,37,57,,,,,,,12,92,100531,38,42,61,14,92,100566,22,25,32,14,92,100579,24,27,37,13,92,100593,27,30,42,,,100585,29,32,46,13,92,100607,28,32,44,14,92,100527,26,29,41,13,92,,27,30,46,13,92,100665,28,31,42,14,92,,27,30,41,13,92,,27,30,41,13,92,,27,29,42,13,92,,28,31,44,12,92,,31,35,49,13,92,,37,43,60,14,92,,25,28,40,13,92,,28,31,43,,,,,,,13,92,100684,27,31,43,13,92,100587,30,33,47,13,67,100489,27,30,42,13,92,100679,25,28,38,13,92,,26,30,41,13,92,,29,33,47,12,92,100801,37,41,57,13,92,,29,33,46,13,92,100646,25,29,39,13,92,100682,24,28,39,13,92,100644,27,30,45,13,92,100466,27,30,42,13,92,100607,27,31,43,,,,,,,13,92,100545,26,30,41,13,92,100532,25,28,39,12,92,100736,33,38,56,13,92,100705,22,25,34,14,92,100703,26,29,41,13,92,100784,28,32,45,14,92,100696,18,19,25,13,92,100549,29,33,46,13,92,100609,28,32,46,13,92,100558,28,31,41,12,92,100687,30,34,48,14,92,100617,28,30,39,13,92,100594,30,34,48,13,92,100891,27,29,41,13,92,100665,27,31,44,13,92,100628,27,30,43,13,92,100818,30,33,50,,,,,,,,,,,,,,,,,,,13,92,100676,28,32,48
2017-05-12T09:00:00,,,,,,,13,92,100629,33,35,55,,,,,,,13,92,100543,39,43,64,9,77,100585,21,23,30,15,92,100594,23,26,35,14,92,100610,26,29,40,,,100597,28,31,44,14,92,100619,26,29,40,14,92,100539,25,27,39,14,92,,29,32,51,14,92,100681,27,29,40,,,,,,,14,92,,25,28,37,14,92,,28,30,44,14,92,,29,32,45,13,92,,30,34,48,14,92,,32,37,49,14,92,,25,27,39,14,92,,26,28,40,,,,,,,14,92,100697,27,30,41,14,92,100599,27,30,42,14,67,100508,25,28,39,14,92,100695,24,28,38,14,92,,24,26,36,14,92,,29,32,47,13,92,100813,36,40,56,14,92,,28,31,44,14,92,100661,24,27,36,14,92,100694,22,25,34,14,92,100660,27,31,45,14,92,100487,26,29,41,14,92,100622,26,30,41,,,,,,,14,92,100557,25,28,39,14,92,100545,24,27,37,13,92,100752,31,36,52,14,92,100723,25,28,40,14,92,100713,26,29,41,13,92,100792,25,28,38,15,92,100720,18,19,24,14,92,100565,27,30,42,14,92,100629,27,31,43,14,92,100571,28,30,41,13,92,100700,30,35,50,15,92,100629,26,27,34,14,92,100607,30,34,48,14,92,100907,27,30,42,14,92,100676,27,30,43,14,92,100642,27,30,43,14,92,100834,30,33,51,,,,,,,,,,,,,,,,,,,13,92,100689,27,30,46
2017-05-12T10:00:00,,,,,,,14,92,100655,29,30,45,,,,,,,14,92,100567,35,39,56,14,92,100603,23,26,35,16,92,100621,23,26,37,15,92,100637,30,34,49,,,100621,27,30,43,15,92,100642,26,29,41,16,92,100565,24,26,36,15,92,,25,28,44,15,92,100701,29,32,45,,,,,,,15,92,,28,32,45,16,92,,23,26,36,15,92,,25,28,39,14,92,,25,28,38,15,92,,23,24,35,16,92,,23,26,37,15,92,,27,30,43,,,,,,,15,92,100720,25,28,37,15,92,100623,26,29,40,15,67,100535,29,34,49,15,92,100710,22,24,32,15,92,,22,25,32,15,92,,26,29,42,14,92,100836,33,36,50,15,92,,26,30,42,15,92,100687,23,26,35,15,92,100716,26,29,41,15,92,100686,26,29,43,15,92,100514,26,30,42,15,92,100645,22,25,32,,,,,,,15,92,100583,24,27,38,15,92,100568,23,26,35,14,92,100765,32,37,53,15,92,100742,21,25,33,16,92,100731,24,27,37,15,92,100816,23,26,36,16,92,100740,17,18,23,15,92,100591,35,39,56,15,92,100657,31,36,52,15,92,100578,26,28,38,15,92,100715,26,30,42,16,92,100645,25,27,33,15,92,100625,28,31,44,16,92,100932,22,24,32,15,92,100695,26,29,41,15,92,100662,24,27,36,15,92,100858,28,31,48,,,,,,,,,,,,,,,,,,,15,92,100706,26,29,45
2017-05-12T11:00:00,,,,,,,16,88,100663,28,30,45,,,,,,,15,88,100571,32,35,50,14,87,100610,22,24,32,17,88,100629,23,26,36,16,88,100644,26,29,41,,,100625,27,30,43,16,88,100647,26,29,41,17,88,100574,24,26,36,16,88,,24,26,40,16,88,100709,27,30,41,17,88,,24,26,36,16,88,,27,31,43,17,88,,23,25,36,16,88,,25,28,39,16,88,,26,28,39,16,88,,31,34,47,17,88,,22,25,36,17,88,,26,29,41,,,,,,,17,88,100719,26,29,39,16,88,100623,28,31,44,16,63,100545,24,28,39,16,88,100705,27,30,43,17,88,,23,26,36,16,88,,28,31,46,15,88,100838,30,33,45,17,88,,21,22,29,16,88,100695,24,28,38,16,88,100720,24,27,38,16,88,100693,23,25,36,16,88,100521,23,25,34,16,88,100657,28,32,45,,,,,,,16,88,100588,24,27,38,17,88,100575,24,27,38,15,88,100760,28,32,46,16,88,100755,19,21,28,17,88,100729,23,25,34,16,88,100820,23,26,36,17,88,100751,16,16,20,16,88,100596,31,35,50,16,88,100664,24,27,38,16,88,100583,26,28,37,16,88,100715,25,28,40,17,88,100647,24,25,30,16,88,100630,25,27,38,17,88,100939,20,21,28,16,88,100697,23,26,35,16,88,100666,22,25,34,16,88,100861,28,31,47,,,,,,,,,,,,,,,,,,,16,88,100708,25,28,43
2017-05-12T12:00:00,,,,,,,18,84,100648,22,22,32,,,,,,,16,84,100557,31,34,48,18,84,100594,20,22,28,18,84,100604,17,18,22,17,84,100621,19,20,25,,,100606,21,22,28,17,84,100625,22,24,32,19,84,100564,20,21,29,17,84,,23,26,39,18,84,100670,20,22,27,,,,,,,18,84,,18,20,25,18,84,,21,23,31,19,84,,22,24,32,16,84,,23,26,35,,,,,,,18,84,,20,23,35,18,84,,20,21,28,,,,,,,17,84,100707,16,17,22,17,84,100604,22,23,30,17,59,100522,18,19,25,17,84,100690,20,22,29,18,84,,18,19,24,17,84,,24,27,38,16,84,100827,27,29,39,19,84,,17,17,21,17,84,100673,19,22,29,17,84,100708,17,19,25,17,84,100675,19,21,28,17,84,100502,19,20,25,17,84,100634,21,23,31,,,,,,,17,84,100570,21,23,30,17,84,100553,19,21,28,16,84,100732,20,22,30,19,84,100733,13,14,18,18,84,100712,22,24,34,17,84,100804,22,25,33,18,84,100728,17,17,22,16,84,100573,24,26,35,17,84,100639,18,19,25,17,84,100557,24,26,32,18,84,100696,23,26,37,19,84,100633,22,23,27,17,84,100617,24,26,35,,,100921,17,15,21,17,84,100684,22,24,32,17,84,100656,22,24,32,17,84,100844,27,30,46,,,,,,,,,,,,,,,,,,,17,84,100686,19,20,27
2017-05-12T13:00:00,,,,,,,19,80,100657,17,16,22,,,,,,,17,80,100557,24,26,33,14,70,100590,18,19,25,19,80,100604,16,16,21,17,80,100617,19,19,24,,,100603,19,20,25,17,80,100623,18,19,23,20,80,100564,16,17,21,18,80,,22,24,34,18,80,100683,20,21,26,,,,,,,18,80,,17,18,23,20,80,,16,17,23,20,80,,18,19,24,17,80,,20,21,27,17,80,,19,20,24,21,80,,12,14,19,20,80,,17,18,23,,,,,,,18,80,100702,15,17,21,17,80,100600,18,18,23,18,55,100516,16,18,22,18,80,100688,17,19,24,19,80,,15,16,19,18,80,,21,22,29,17,80,100822,24,26,33,20,80,,17,17,21,18,80,100667,16,17,22,18,80,100710,15,16,21,17,80,100677,18,20,25,17,80,100505,17,18,23,18,80,100628,17,18,23,,,,,,,18,80,100567,16,18,22,18,80,100548,17,18,23,17,80,100730,18,19,25,21,80,100724,12,13,16,19,80,100711,16,16,21,17,80,100797,16,16,20,20,80,100720,15,16,19,17,80,100573,21,23,29,18,80,100635,18,18,24,18,80,100552,18,18,20,19,80,100688,21,23,33,21,80,100632,13,12,13,17,80,100613,22,24,32,,,100927,15,13,18,17,80,100683,19,22,29,18,80,100651,15,17,22,17,80,100840,23,24,33,,,,,,,,,,,,,,,,,,,18,80,100689,18,18,24
2017-05-12T14:00:00,,,,,,,19,80,100690,17,16,22,,,,,,,17,80,100588,24,26,34,12,61,100626,17,18,23,19,78,100635,18,19,24,18,80,100644,18,18,24,,,100629,19,20,25,18,80,100649,17,19,23,20,80,100588,16,17,22,18,80,,21,22,32,18,80,100714,19,20,25,,,,,,,18,80,,17,18,22,21,80,,16,17,21,20,80,,17,18,23,18,80,,19,20,25,18,80,,17,18,23,21,80,,12,13,19,22,80,,16,17,21,,,,,,,18,80,100729,16,17,22,18,80,100629,18,18,22,18,55,100543,16,17,21,18,80,100717,16,17,22,21,80,,14,14,17,18,80,,20,21,28,18,80,100867,21,21,26,19,80,,16,16,20,18,80,100695,15,17,22,18,80,100732,15,16,21,18,80,100706,17,18,23,18,80,100529,17,19,24,18,80,100659,18,19,25,,,,,,,18,80,100598,16,18,22,18,80,100573,16,17,22,17,80,100758,18,20,26,21,80,100751,11,11,14,19,80,100748,17,17,22,18,80,100827,17,17,21,20,80,100754,14,14,17,18,80,100602,21,22,28,18,80,100662,16,17,21,18,80,100600,19,18,21,20,80,100722,19,21,29,21,80,100676,15,14,16,18,80,100655,19,19,24,,,100964,12,11,15,18,80,100721,18,19,24,18,80,100687,14,15,20,18,79,100867,23,24,34,,,,,,,,,,,,,,,,,,,18,80,100715,18,18,24
2017-05-12T15:00:00,,,,,,,17,80,100697,20,19,26,,,,,,,16,80,100598,23,24,30,10,60,100634,14,15,19,18,79,100643,15,16,19,17,80,100653,17,18,22,,,100640,19,19,24,17,80,100660,16,18,22,18,80,100590,17,17,22,17,80,,18,19,26,17,80,100736,18,19,23,,,,,,,17,80,,16,17,21,19,80,,14,15,20,18,80,,19,20,26,17,80,,17,18,23,17,80,,14,16,20,19,80,,14,15,22,19,80,,17,17,22,,,,,,,17,80,100743,16,18,22,17,80,100640,16,17,20,17,55,100550,16,17,22,17,80,100725,16,18,24,18,80,,14,14,18,17,80,,20,21,28,16,80,100874,20,20,24,18,80,,17,18,22,17,80,100705,16,19,24,17,80,100745,14,15,20,17,80,100723,17,18,23,17,80,100544,17,18,24,17,80,100665,16,18,22,,,,,,,17,80,100610,16,17,21,17,80,100584,14,16,20,16,80,100765,14,15,20,20,80,100763,11,11,14,18,80,100761,17,17,22,17,80,100840,17,17,22,19,80,100768,15,15,19,17,80,100612,19,20,25,17,80,100671,16,17,22,17,80,100607,19,18,21,17,80,100735,19,21,27,19,80,100678,17,17,19,17,80,100658,17,18,22,,,100972,12,11,15,17,80,100725,15,16,21,17,80,100694,13,14,19,17,80,100878,21,22,29,,,,,,,,,,,,,,,,,,,17,80,100733,18,18,24
2017-05-12T16:00:00,,,,,,,16,80,100704,21,20,27,,,,,,,16,80,100610,23,25,31,15,76,100645,16,18,23,17,80,100651,15,16,20,16,80,100668,17,18,23,,,100650,19,20,26,16,80,100673,17,19,23,17,80,100596,18,19,24,17,80,,18,19,27,17,80,100746,20,21,26,,,,,,,17,80,,17,18,23,18,80,,17,18,23,17,80,,17,18,23,17,80,,18,18,23,16,80,,16,17,23,17,80,,16,17,24,17,80,,18,19,24,,,,,,,17,80,100744,17,18,23,16,80,100652,18,19,23,17,55,100562,15,17,21,17,80,100741,14,16,21,17,80,,15,16,20,17,80,,20,22,28,16,80,100885,21,20,25,17,80,,15,16,20,17,80,100721,19,22,29,16,80,100761,15,17,22,16,80,100733,17,18,25,16,80,100558,18,20,25,17,80,100678,16,17,22,,,,,,,16,80,100620,17,18,23,17,80,100595,16,18,23,16,80,100779,15,16,21,18,80,100787,12,13,16,17,80,100773,17,18,23,16,80,100849,17,17,22,17,80,100791,17,18,23,16,80,100625,20,21,27,17,80,100686,17,18,23,17,80,100620,20,20,23,17,80,100750,20,22,30,18,80,100687,16,15,17,16,80,100669,17,18,22,,,100974,14,13,17,16,80,100737,16,18,25,17,80,100706,24,26,36,17,80,100891,22,23,32,,,,,,,,,,,,,,,,,,,17,80,100745,20,21,29
2017-05-12T17:00:00,,,,,,,16,84,100725,18,17,24,,,,,,,15,84,100638,22,22,28,15,83,100674,19,21,27,17,84,100671,13,15,18,16,84,100691,16,17,21,,,100676,17,18,23,16,84,100694,15,16,21,16,84,100619,15,16,21,16,84,,17,18,25,16,84,100783,17,18,22,,,,,,,16,84,,14,15,19,17,84,,15,16,21,16,84,,17,18,22,16,84,,17,18,23,16,84,,18,20,25,17,84,,13,14,19,16,84,,16,17,21,,,,,,,16,84,100789,14,14,19,16,84,100676,15,16,20,16,59,100590,14,16,20,16,84,100774,15,16,21,16,84,,13,14,17,16,84,,18,19,24,15,84,100913,20,20,25,16,84,,15,15,19,16,84,100740,14,16,21,16,84,100787,13,14,19,16,84,100761,16,17,23,16,84,100585,17,19,24,16,84,100707,15,16,20,,,,,,,16,84,100642,14,15,19,16,84,100619,14,14,19,15,84,100807,16,17,22,17,84,100811,11,11,14,17,84,100804,15,16,20,16,84,100872,14,15,19,16,84,100819,17,18,22,16,84,100650,17,18,23,16,84,100712,17,18,22,16,84,100640,18,17,20,16,84,100780,19,21,27,17,84,100699,17,17,19,16,84,100699,17,18,22,,,100996,13,12,16,16,84,100765,14,15,20,16,84,100733,33,36,50,16,84,100919,21,22,30,,,,,,,,,,,,,,,,,,,16,84,100774,18,18,24
2017-05-12T18:00:00,,,,,,,15,82,100803,24,25,34,,,,,,,15,82,100708,23,23,29,17,82,100746,16,17,22,16,82,100739,16,17,21,15,82,100757,18,20,25,,,100747,19,20,26,15,82,100765,19,21,27,16,82,100691,19,20,26,16,82,,20,22,30,16,82,100858,20,21,27,,,,,,,15,82,,17,18,23,16,82,,18,19,25,16,82,,20,22,28,15,82,,19,20,25,15,82,,23,25,37,16,82,,14,15,20,16,82,,18,19,25,,,,,,,16,82,100851,17,19,24,15,82,100747,18,19,24,15,57,100656,17,20,25,16,82,100846,17,19,24,16,82,,20,22,27,16,82,,21,23,31,15,82,100979,22,21,26,16,82,,20,21,27,16,82,100810,20,23,30,16,82,100867,14,16,20,15,82,100820,20,22,30,15,82,100651,22,24,31,16,82,100773,22,25,33,,,,,,,15,82,100710,18,19,25,15,82,100700,16,17,23,15,82,100880,16,17,22,16,82,100875,13,14,18,16,82,100878,16,17,22,15,82,100940,17,17,22,16,82,100883,19,20,25,15,82,100718,20,21,27,16,82,100778,18,19,24,15,82,100706,19,18,21,15,82,100855,20,23,29,16,82,100762,16,16,18,15,82,100765,19,19,24,,,101058,15,14,19,15,82,100831,15,16,22,16,82,100802,40,43,59,16,82,101005,21,22,30,,,,,,,,,,,,,,,,,,,15,82,100854,20,21,28
2017-05-12T19:00:00,,,,,,,14,86,100863,27,29,41,,,,,,,,,100794,25,28,36,15,86,100829,19,21,28,,,,,,,,,,,,,,,100835,22,23,28,,,100853,25,29,39,15,86,100780,22,23,33,,,,,,,15,86,100922,21,23,29,,,,,,,,,,,,,,,,,,,,,,,,,15,86,,23,26,35,,,,,,,,,,17,18,26,,,,,,,,,,,,,15,86,100941,23,26,35,,,,,,,,,,,,,15,86,100930,22,24,33,,,,,,,15,86,,22,24,31,14,86,101057,27,29,36,,,,,,,15,86,100907,24,28,39,15,86,100936,16,18,23,14,86,100917,24,26,39,14,86,100748,23,26,33,15,86,100864,23,26,34,,,,,,,,,,,,,15,86,100766,20,22,29,14,86,100978,22,25,34,,,,,,,,,,,,,14,86,101022,22,24,30,,,,,,,,,,,,,,,,,,,,,,,,,14,86,100949,24,27,38,,,,,,,,,,,,,15,86,101146,22,23,30,15,86,100913,20,21,29,,,,,,,15,86,101071,24,26,37,,,,,,,,,,,,,,,,,,,14,86,100920,22,24,33
2017-05-12T20:00:00,,,,,,,13,90,100873,31,34,51,,,,,,,13,90,100789,30,32,46,12,87,100827,22,25,33,14,90,100832,20,23,31,14,90,100852,24,27,37,,,100835,24,27,36,14,90,100853,26,30,41,14,90,100778,24,27,38,14,90,,24,27,42,14,90,100932,24,27,35,14,90,,21,24,30,14,90,,23,26,34,14,90,,21,23,31,14,90,,25,28,39,14,90,,23,26,35,14,90,,25,29,39,14,90,,21,22,30,14,90,,24,26,35,,,,,,,14,90,100941,25,29,38,14,90,100837,26,29,39,14,65,100742,24,27,37,14,90,100924,24,28,38,14,90,,23,26,33,14,90,,25,28,40,13,90,101059,28,30,40,14,90,,24,27,35,14,90,100902,26,30,43,14,90,100941,20,22,30,13,90,100909,25,27,39,14,90,100743,24,27,36,14,90,100860,27,30,42,,,,,,,14,90,100795,23,26,36,14,90,100780,23,25,34,13,90,100974,22,24,33,14,90,100978,18,20,27,14,90,100957,23,25,34,13,90,101024,22,25,32,14,90,100958,29,33,46,13,90,100805,25,28,39,14,90,100872,22,26,35,14,90,100809,22,24,30,13,90,100944,25,29,41,14,90,100871,20,21,23,14,90,100847,24,27,34,14,90,101145,22,25,33,14,90,100914,21,23,30,14,90,100885,21,23,31,14,90,101090,26,29,43,,,,,,,,,,,,,,,,,,,13,90,100932,24,27,40
2017-05-12T21:00:00,,,,,,,13,90,100847,35,39,61,,,,,,,13,90,100764,32,35,51,11,80,100804,22,25,34,14,90,100810,22,25,35,14,90,100829,25,28,40,,,100814,25,28,40,14,90,100832,28,33,47,14,90,100757,27,30,44,14,90,,26,30,47,14,90,100911,25,29,41,,,,,,,14,90,,24,28,37,14,90,,24,27,38,14,90,,28,33,47,14,90,,26,29,40,13,90,,29,32,44,14,90,,25,28,40,14,90,,26,28,40,,,,,,,14,90,100917,26,30,42,14,90,100819,28,32,46,14,65,100718,25,29,41,14,90,100899,28,32,46,14,90,,24,28,38,14,90,,29,33,48,13,90,101035,31,34,48,14,90,,25,29,40,14,90,100878,26,31,44,14,90,100916,22,25,35,13,90,100887,26,29,42,14,90,100721,24,28,38,14,90,100837,30,35,50,,,,,,,14,90,100772,26,30,43,14,90,100757,25,28,40,13,90,100950,24,28,39,14,90,100949,19,22,28,14,90,100935,24,27,38,13,90,101001,26,30,42,14,90,100943,24,27,37,13,90,100780,26,29,42,14,90,100846,24,27,37,14,90,100777,27,29,40,13,90,100920,28,33,48,14,90,100838,22,24,28,13,90,100822,26,29,40,14,90,101120,23,27,36,14,90,100893,26,29,41,14,90,100860,22,24,33,14,90,101064,28,31,48,,,,,,,,,,,,,,,,,,,13,90,100914,25,29,45
2017-05-12T22:00:00,,,,,,,13,90,100843,37,41,67,,,,,,,13,90,100759,32,35,52,14,90,100801,22,26,35,14,90,100805,23,26,37,13,90,100825,25,29,42,,,100810,26,30,43,14,90,100833,32,38,55,14,90,100756,30,35,50,14,90,,26,29,46,14,90,100908,25,29,41,,,,,,,14,90,,25,29,39,14,90,,25,28,40,14,90,,29,34,49,14,90,,25,28,40,13,90,,25,29,41,14,90,,25,29,42,14,90,,26,29,42,,,,,,,14,90,100913,30,35,50,14,90,100813,29,33,48,14,65,100716,25,29,41,14,90,100894,29,34,49,14,90,,26,30,43,14,90,,30,34,50,13,90,101032,33,37,52,14,90,,25,29,39,14,90,100881,30,35,51,14,90,100913,22,26,36,13,90,100885,25,29,42,14,90,100717,25,29,40,14,90,100838,34,39,56,,,,,,,14,90,100771,29,34,50,14,90,100755,26,31,44,13,90,100948,24,27,39,14,90,100939,20,22,30,14,90,100935,26,29,41,13,90,100996,26,31,44,14,90,100938,23,27,37,13,90,100778,26,30,43,14,90,100844,24,27,38,14,90,100782,27,30,41,13,90,100920,28,32,47,14,90,100833,24,27,33,13,90,100819,28,31,45,14,90,101120,24,28,38,13,90,100890,28,32,46,14,90,100859,23,27,37,14,90,101056,27,31,48,,,,,,,,,,,,,,,,,,,13,90,100913,26,31,48
2017-05-12T23:00:00,,,,,,,13,90,100841,39,44,71,,,,,,,13,90,100760,32,36,54,15,90,100803,21,25,34,14,90,100805,23,26,37,13,90,100825,25,29,41,,,100800,26,31,45,14,90,100833,29,34,49,14,90,100757,28,32,47,14,90,,25,29,46,14,90,100909,25,29,42,,,,,,,14,90,,24,28,38,14,90,,24,28,40,14,90,,31,36,54,14,90,,24,27,39,13,90,,26,30,41,14,90,,28,32,47,14,90,,26,29,43,,,,,,,14,90,100917,26,30,43,14,90,100815,29,33,48,14,65,100717,24,29,40,14,90,100900,26,31,44,14,90,,23,27,37,14,90,,34,39,59,13,90,101032,33,37,52,14,90,,24,27,37,14,90,100878,26,30,44,14,90,100914,23,26,37,13,90,100887,26,29,43,13,90,100715,25,29,41,14,90,100840,33,37,55,,,,,,,14,90,100771,29,33,49,14,90,100755,25,30,43,13,90,100949,22,26,35,14,90,100943,19,22,30,14,90,100936,26,29,42,13,90,101001,29,34,49,14,90,100943,23,27,37,13,90,100779,26,30,43,14,90,100845,23,27,38,14,90,100784,27,31,42,13,90,100922,27,32,46,14,90,100830,24,27,35,13,90,100820,28,32,46,14,90,101118,23,27,36,14,90,100892,27,31,45,14,90,100863,24,27,38,14,90,101057,27,31,49,,,,,,,,,,,,,,,,,,,13,90,100910,26,31,48
2017-05-13T00:00:00,,,,,,,12,94,100857,39,43,70,,,,,,,12,94,100778,33,36,54,13,94,100818,22,26,36,14,94,100820,23,27,38,13,94,100840,26,30,43,,,,,,,13,94,100847,29,34,50,13,94,100771,28,33,48,13,94,,26,29,47,13,94,100924,26,30,43,,,,,,,13,94,,25,29,40,14,94,,26,29,42,13,94,,29,34,50,13,94,,25,28,40,13,94,,25,29,40,14,94,,28,32,49,13,94,,27,31,44,,,,,,,13,94,100932,30,35,50,13,94,100831,30,34,50,13,69,100732,27,32,45,13,94,100908,32,37,55,13,94,,25,29,40,14,94,,31,36,55,12,94,101046,33,37,53,13,94,,25,29,40,14,94,100895,29,35,50,,,,,,,13,94,100902,26,30,45,13,94,100729,25,29,41,14,94,100855,33,38,56,,,,,,,13,94,100787,28,32,47,13,94,100773,27,31,45,12,94,100964,24,28,41,13,94,100955,20,23,31,13,94,100953,26,30,43,13,94,101024,27,32,47,13,94,100957,23,27,37,13,94,100794,27,31,44,13,94,100859,24,28,40,13,94,100803,27,32,44,12,94,100938,27,32,46,13,94,100855,24,27,35,13,94,100839,28,32,46,13,94,101136,24,28,40,13,94,100907,29,33,49,13,94,100878,24,27,38,13,94,101075,28,32,50,,,,,,,,,,,,,,,,,,,12,94,100930,26,32,50
2017-05-13T01:00:00,,,,,,,12,94,100836,42,48,77,,,,,,,12,94,100758,35,40,61,14,94,100798,23,27,38,14,94,100802,25,29,42,13,94,100822,28,33,48,,,,,,,13,94,100834,32,38,56,14,94,100757,30,35,52,13,94,,26,31,49,13,94,100907,28,32,47,,,,,,,13,94,,26,31,44,14,94,,26,29,42,13,94,,32,38,56,13,94,,25,29,41,13,94,,26,31,43,14,94,,30,35,53,13,94,,29,33,48,,,,,,,13,94,100912,29,34,49,13,94,100814,31,36,53,13,69,100713,27,33,47,13,94,100893,28,33,47,14,94,,25,30,42,13,94,,35,40,60,12,94,101028,34,38,55,13,94,,26,30,43,14,94,100879,28,33,49,,,,,,,13,94,100881,28,32,48,13,94,100711,27,31,44,14,94,100837,36,42,62,,,,,,,13,94,100768,31,36,53,13,94,100752,28,32,47,12,94,100944,26,30,43,13,94,100938,22,26,36,13,94,100931,29,33,48,12,94,101005,28,33,49,13,94,100934,27,31,44,13,94,100773,28,33,48,13,94,100839,26,30,44,13,94,100780,29,33,46,12,94,100918,29,34,51,13,94,100839,25,29,37,13,94,100821,29,33,48,13,94,101116,24,29,42,13,94,100890,31,36,53,13,94,100857,24,28,40,13,94,101051,29,34,54,,,,,,,,,,,,,,,,,,,12,94,100908,27,33,53
2017-05-13T02:00:00,,,,,,,12,94,100841,43,49,80,,,,,,,12,94,100759,38,44,66,15,94,100798,26,31,45,14,94,100808,26,31,45,13,94,100827,29,35,51,,,,,,,13,94,100839,31,37,54,13,94,100761,29,34,49,13,94,,29,34,56,13,94,100908,29,34,49,,,,,,,13,94,,28,34,48,14,94,,28,32,48,13,94,,33,40,60,13,94,,26,31,45,13,94,,28,33,47,14,94,,33,39,60,13,94,,29,34,51,,,,,,,13,94,100917,30,35,51,13,94,100824,32,38,57,13,69,100718,30,36,52,13,94,100895,30,35,52,13,94,,26,31,45,14,94,,36,42,63,12,94,101034,34,40,58,13,94,,26,31,46,14,94,100884,28,34,50,,,,,,,13,94,100883,29,34,51,13,94,100716,28,33,49,14,94,100841,36,42,62,,,,,,,13,94,100774,29,34,50,13,94,100761,30,34,51,12,94,100949,28,33,49,13,94,100938,24,28,40,13,94,100932,30,35,52,13,94,101019,31,37,55,13,94,100935,27,32,46,13,94,100780,31,36,54,13,94,100843,28,32,48,13,94,100778,30,35,50,12,94,100923,30,36,53,13,94,100845,27,31,41,13,94,100829,29,33,49,13,94,101120,26,31,46,13,94,100894,29,34,51,13,94,100864,25,29,41,13,94,101051,30,36,59,,,,,,,,,,,,,,,,,,,12,94,100911,28,35,56
2017-05-13T03:00:00,,,,,,,12,94,100861,37,42,68,,,,,,,12,94,100779,40,46,70,15,94,100819,26,31,46,14,94,100827,26,31,45,13,94,100847,29,35,52,,,,,,,13,94,100856,32,38,57,13,94,100780,29,34,50,13,94,,29,34,56,13,94,100926,29,34,50,14,94,,29,34,50,13,94,,28,33,48,14,94,,31,37,56,13,94,,30,36,53,13,94,,28,33,49,13,94,,28,33,48,14,94,,34,40,64,13,94,,30,34,51,,,,,,,13,94,100937,29,35,51,13,94,100845,32,38,57,13,69,100740,28,34,49,13,94,100918,29,35,51,13,94,,26,32,46,14,94,,33,39,59,12,94,101055,36,42,62,13,94,,26,31,46,14,94,100907,28,34,50,,,,,,,13,94,100898,29,34,52,13,94,100736,29,34,49,14,94,100862,31,37,55,,,,,,,13,94,100792,29,35,52,13,94,100782,29,35,52,12,94,100969,28,33,49,13,94,100957,23,28,41,14,94,100949,32,38,56,13,94,101039,28,34,51,13,94,100955,29,34,49,13,94,100799,30,35,53,13,94,100864,28,33,48,13,94,100790,31,36,52,12,94,100942,31,37,56,13,94,100856,28,33,44,13,94,100848,30,35,51,13,94,101139,26,31,47,13,94,100914,31,38,58,13,94,100881,27,32,47,13,94,101068,31,38,62,,,,,,,,,,,,,,,,,,,12,94,100933,27,34,55
2017-05-13T04:00:00,,,,,,,12,94,100891,34,39,64,,,,,,,12,94,100808,38,44,67,14,94,100848,26,31,45,14,94,100862,27,32,46,13,94,100875,29,34,51,,,,,,,13,94,100888,30,36,53,13,94,100810,27,31,47,13,94,,31,37,61,13,94,100956,28,33,48,,,,,,,13,94,,28,34,48,14,94,,31,37,57,13,94,,27,33,49,13,94,,39,53,79,13,94,,27,32,46,14,94,,32,38,60,13,94,,29,34,50,,,,,,,13,94,100971,28,34,49,13,94,100876,31,37,55,13,69,100767,28,34,50,13,94,100947,29,35,52,13,94,,26,31,44,13,94,,30,36,55,12,94,101087,37,43,65,13,94,,26,32,47,14,94,100934,27,33,48,,,,,,,13,94,100933,28,33,50,13,94,100770,28,33,48,14,94,100887,29,34,50,,,,,,,13,94,100822,27,32,47,13,94,100812,29,34,50,12,94,100999,27,33,49,13,94,100987,23,28,40,14,94,100983,30,35,53,13,94,101073,27,33,48,13,94,100982,29,34,49,13,94,100829,30,35,52,13,94,100892,28,33,49,13,94,100837,29,34,49,13,94,100976,29,35,52,14,94,100896,30,35,48,13,94,100883,30,36,53,13,94,101170,24,29,44,13,94,100952,31,37,57,13,94,100916,26,30,44,13,94,101099,29,36,59,,,,,,,,,,,,,,,,,,,13,94,100965,27,33,54
2017-05-13T05:00:00,,,,,,,12,100,100926,33,37,59,,,,,,,12,100,100845,37,42,64,15,100,100887,27,31,45,14,100,100897,25,29,42,13,100,100909,28,33,49,,,,,,,13,100,100922,29,35,51,13,100,100845,26,31,45,13,100,,30,35,57,13,100,100996,27,32,46,14,100,,28,32,47,13,100,,26,31,45,14,100,,30,36,56,13,100,,27,33,48,13,100,,29,35,51,13,100,,25,30,43,14,100,,30,36,57,13,100,,28,32,48,,,,,,,13,100,101009,27,32,46,13,100,100910,30,35,52,13,75,100802,26,31,45,13,100,100988,28,33,48,13,100,,25,30,43,13,100,,29,35,52,12,100,101120,34,41,61,13,100,,25,30,44,14,100,100971,26,32,46,,,,,,,13,100,100971,27,32,48,13,100,100807,26,31,45,13,100,100923,28,32,47,,,,,,,13,100,100857,26,30,45,13,100,100846,27,31,46,12,100,101035,27,32,48,13,100,101023,22,26,36,14,100,101024,28,34,49,13,100,101105,25,30,44,13,100,101020,28,33,47,13,100,100868,29,33,49,13,100,100928,27,31,46,13,100,100889,27,32,44,13,100,101011,29,35,52,14,100,100921,28,33,45,13,100,100917,29,33,49,13,100,101210,26,31,46,13,100,100986,30,37,56,13,100,100952,25,30,43,13,100,101138,28,34,56,,,,,,,,,,,,,,,,,,,13,100,101003,26,32,51
2017-05-13T06:00:00,,,,,,,12,100,100967,33,36,58,,,,,,,12,100,100883,36,41,62,14,100,100928,26,30,44,14,100,100935,24,28,41,13,100,100948,28,32,47,,,100951,28,32,48,13,100,100957,28,33,49,13,100,100883,25,30,44,13,100,,31,36,58,13,100,101030,26,31,45,13,100,,27,31,43,13,100,,25,30,43,14,100,,29,34,52,13,100,,26,31,46,13,100,,29,34,50,13,100,,25,30,42,14,100,,29,34,53,13,100,,27,32,48,,,,,,,13,100,101047,26,31,45,13,100,100947,29,34,51,13,75,100844,27,32,46,13,100,101028,28,34,49,13,100,,24,29,41,13,100,,28,34,50,12,100,101159,34,40,58,13,100,,25,31,46,14,100,101007,24,30,43,13,100,101046,25,30,44,13,100,101011,27,32,48,13,100,100844,26,31,44,13,100,100964,27,32,47,,,,,,,13,100,100895,24,29,42,13,100,100885,25,30,44,12,100,101076,25,30,45,13,100,101063,22,26,37,14,100,101066,27,32,47,13,100,101143,24,29,41,13,100,101057,31,35,50,13,100,100906,29,33,49,13,100,100969,27,31,47,13,100,100905,26,31,44,13,100,101050,28,34,50,14,100,100967,26,30,40,13,100,100955,29,33,48,13,100,101247,25,30,44,13,100,101026,29,35,52,13,100,100991,25,28,41,13,100,101182,27,34,55,,,,,,,,,,,,,,,,,,,13,100,101042,24,31,49
2017-05-13T07:00:00,,,,,,,12,100,101011,32,36,57,,,,,,,12,100,100928,34,40,60,15,100,100970,25,29,42,14,100,100981,23,27,38,13,100,100994,28,33,48,,,100987,25,30,43,13,100,101005,26,32,46,13,100,100929,24,28,42,13,100,,28,33,54,13,100,101075,27,31,45,,,,,,,13,100,,26,32,45,14,100,,28,33,50,13,100,,26,30,44,13,100,,28,33,48,13,100,,23,28,38,14,100,,27,32,49,13,100,,27,30,45,,,,,,,13,100,101091,26,31,44,13,100,100990,31,36,52,13,75,100888,27,33,47,13,100,101072,28,34,49,13,100,,23,28,40,13,100,,29,33,50,12,100,101206,36,43,63,13,100,,25,31,46,14,100,101051,24,29,41,12,100,101129,26,31,46,13,100,101054,27,32,47,13,100,100889,24,28,38,13,100,101005,27,32,47,,,,,,,13,100,100941,24,28,41,13,100,100934,24,29,41,12,100,101118,26,31,47,13,100,101105,22,26,38,14,100,101108,27,31,45,13,100,101187,23,27,38,14,100,101098,29,34,49,13,100,100950,27,32,47,13,100,101013,27,32,47,13,100,100969,25,29,40,13,100,101095,29,35,51,14,100,101026,25,29,38,13,100,101001,30,35,51,13,100,101294,24,29,43,13,100,101071,31,37,55,13,100,101035,25,29,42,13,100,101226,27,33,53,,,,,,,,,,,,,,,,,,,13,100,101088,24,30,47
2017-05-13T08:00:00,,,,,,,13,94,101081,33,38,60,,,,,,,13,94,101000,35,41,61,15,94,101036,24,29,41,14,94,101049,23,27,39,14,94,101064,29,35,51,,,101055,25,30,43,13,94,101073,28,33,48,14,94,101000,27,31,46,14,94,,29,34,56,14,94,101140,27,32,46,14,94,,24,28,40,14,94,,28,34,49,14,94,,30,35,54,14,94,,28,34,49,14,94,,27,32,46,14,94,,23,28,37,14,94,,30,35,54,14,94,,27,31,46,,,,,,,14,94,101162,28,34,49,13,94,101057,27,32,46,14,69,100959,29,35,51,14,94,101135,31,37,55,14,94,,26,32,46,14,94,,30,35,53,13,94,101271,33,38,55,14,94,,26,32,48,14,94,101122,26,33,48,13,94,101164,27,32,46,14,94,101122,28,33,50,14,94,100958,25,29,40,14,94,101075,29,35,51,,,,,,,14,94,101008,25,29,42,14,94,100998,26,30,44,13,94,101186,29,35,53,14,94,101176,24,28,40,14,94,101177,28,33,48,13,94,101251,20,23,31,14,94,101170,28,33,47,14,94,101018,29,34,50,14,94,101085,28,33,50,14,94,101027,25,29,40,13,94,101160,27,33,48,14,94,101083,24,28,37,14,94,101068,28,33,47,14,94,101361,25,30,44,14,94,101140,35,43,63,14,94,101099,22,25,35,14,94,101294,27,33,54,,,,,,,,,,,,,,,,,,,14,94,101152,24,30,47
2017-05-13T09:00:00,,,,,,,13,97,101133,33,38,61,,,,,,,12,97,101054,37,42,64,15,97,101096,24,27,39,14,97,101105,23,27,39,13,97,101120,29,34,50,,,101108,25,30,44,13,97,101126,29,34,49,14,97,101053,27,31,46,13,97,,28,33,54,14,97,101192,26,31,44,14,97,,31,37,54,13,97,,26,31,45,14,97,,32,38,58,14,97,,28,34,49,13,97,,27,32,47,13,97,,19,22,30,14,97,,30,36,56,14,97,,27,31,46,,,,,,,13,97,101214,28,34,49,13,97,101112,30,35,52,14,72,101013,27,32,47,14,97,101188,32,38,56,14,97,,25,30,44,14,97,,30,35,54,12,97,101324,40,47,68,14,97,,24,29,43,14,97,101180,27,34,49,13,97,101219,25,30,44,13,97,101174,26,31,46,13,97,101009,20,23,30,14,97,101129,28,33,48,,,,,,,13,97,101062,25,30,44,14,97,101055,27,32,47,13,97,101239,28,34,51,14,97,101230,23,28,40,14,97,101228,29,34,50,13,97,101307,21,25,34,14,97,101230,25,30,44,13,97,101071,29,33,50,14,97,101137,28,33,49,13,97,101081,26,31,43,13,97,101217,29,35,52,14,97,101137,25,30,39,13,97,101121,28,32,47,14,97,101414,25,30,44,13,97,101192,34,41,60,13,97,101155,28,33,49,13,97,101345,28,35,57,,,,,,,,,,,,,,,,,,,13,97,101209,24,30,48
2017-05-13T10:00:00,,,,,,,13,95,101173,28,31,46,,,,,,,13,95,101091,31,35,52,15,95,101130,21,25,34,14,95,101146,18,21,28,14,95,101157,24,27,38,,,101147,20,23,31,13,95,101165,22,25,34,14,95,101094,22,25,35,14,95,,21,25,37,14,95,101232,23,26,36,14,95,,24,27,39,13,95,,21,25,33,14,95,,25,30,43,14,95,,24,28,40,13,95,,27,31,44,13,95,,17,20,27,14,95,,24,28,42,14,95,,20,22,31,,,,,,,14,95,101253,22,26,35,13,95,101151,22,25,35,14,70,101049,22,26,36,14,95,101232,28,33,48,14,95,,20,23,32,14,95,,25,30,44,13,95,101367,33,38,55,14,95,,20,24,32,14,95,101218,22,27,37,13,95,101258,20,23,32,13,95,101209,22,26,38,13,95,101052,18,21,28,14,95,101166,22,26,36,,,,,,,13,95,101100,19,23,31,14,95,101100,21,23,32,13,95,101277,23,27,39,14,95,101270,20,22,29,14,95,101274,25,28,41,13,95,101348,18,20,27,14,95,101268,22,26,36,13,95,101111,24,28,40,14,95,101175,24,28,40,14,95,101119,22,25,34,13,95,101257,26,31,46,14,95,101180,23,27,34,13,95,101163,28,33,48,14,95,101456,19,22,30,13,95,101234,31,37,55,13,95,101197,22,26,37,14,95,101384,26,31,49,,,,,,,,,,,,,,,,,,,13,95,101247,21,25,37
2017-05-13T11:00:00,,,,,,,14,90,101212,27,30,44,,,,,,,13,90,101129,30,34,49,16,90,101176,23,26,37,15,90,101180,18,20,27,14,90,101192,23,27,39,,,101182,20,23,31,14,90,101199,20,24,31,15,90,101128,20,23,32,14,90,,23,26,41,15,90,101265,23,27,37,,,,,,,14,90,,22,25,33,15,90,,24,27,39,15,90,,23,27,38,14,90,,28,31,45,14,90,,18,21,27,15,90,,21,25,36,15,90,,22,24,33,,,,,,,14,90,101287,21,24,33,14,90,101184,22,25,33,15,65,101086,23,27,38,15,90,101265,31,37,53,15,90,,20,23,31,14,90,,24,28,41,14,90,101401,26,30,41,15,90,,22,26,36,15,90,101252,20,25,33,14,90,101291,19,22,30,14,90,101246,24,27,40,14,90,101085,19,22,29,15,90,101206,24,27,39,,,,,,,14,90,101135,18,21,28,15,90,101128,19,21,28,14,90,101309,23,27,39,15,90,101304,20,23,32,15,90,101305,21,24,32,14,90,101378,15,17,23,15,90,101302,23,26,36,14,90,101146,25,28,41,14,90,101212,24,29,42,14,90,101158,19,20,25,14,90,101288,23,27,39,15,90,101208,17,18,21,14,90,101198,22,25,34,15,90,101494,20,23,31,14,90,101266,31,39,53,14,90,101233,18,21,29,14,90,101424,24,28,44,,,,,,,,,,,,,,,,,,,14,90,101281,21,24,35
2017-05-13T12:00:00,,,,,,,14,88,101257,23,24,35,,,,,,,13,88,101178,27,30,42,16,88,101226,14,16,21,15,88,101230,19,22,30,14,88,101237,18,19,26,,,101231,21,24,33,14,88,101249,21,25,33,15,88,101176,19,22,29,15,88,,20,23,34,15,88,101309,23,26,36,,,,,,,14,88,,19,22,29,15,88,,23,27,39,15,88,,21,25,34,14,88,,24,28,39,14,88,,18,21,28,15,88,,19,22,32,15,88,,22,25,35,,,,,,,14,88,101336,18,21,27,14,88,101234,23,26,34,15,63,101132,16,19,25,15,88,101313,25,29,42,14,88,,17,19,25,14,88,,22,25,34,13,88,101452,26,29,40,15,88,,15,16,21,15,88,101295,18,20,27,14,88,101331,20,23,32,14,88,101293,21,23,33,14,88,101128,21,23,31,15,88,101250,19,22,30,,,,,,,14,88,101185,19,22,29,15,88,101180,20,22,30,14,88,101356,17,20,27,15,88,101356,12,14,18,15,88,101358,19,21,28,14,88,101427,16,19,24,15,88,101348,18,19,25,14,88,101193,20,23,32,14,88,101255,18,20,27,14,88,101206,20,22,27,14,88,101337,22,26,36,15,88,101260,18,20,23,14,88,101251,22,25,33,15,88,101539,19,21,29,14,88,101314,26,30,40,14,88,101283,20,23,32,15,88,101471,22,25,38,,,,,,,,,,,,,,,,,,,14,88,101331,21,25,37
2017-05-13T13:00:00,,,,,,,14,88,101294,22,22,32,,,,,,,13,88,101216,23,25,33,16,88,101251,21,24,33,15,88,101262,20,23,32,14,88,101271,21,23,31,,,101268,22,25,34,14,88,101283,21,24,31,15,88,101207,18,20,27,14,88,,22,23,33,15,88,101343,23,27,38,,,,,,,14,88,,20,23,31,15,88,,21,24,32,14,88,,21,23,30,14,88,,21,23,31,14,88,,23,26,36,15,88,,17,18,25,15,88,,24,27,38,,,,,,,14,88,101373,18,20,26,14,88,101270,23,26,35,14,63,101164,16,19,24,15,88,101352,25,28,39,14,88,,16,18,23,14,88,,20,22,30,13,88,101486,24,26,34,15,88,,19,21,28,15,88,101327,19,22,29,14,88,101370,22,26,37,14,88,101326,23,26,38,14,88,101163,23,26,36,15,88,101283,17,19,25,,,,,,,14,88,101217,19,21,29,15,88,101207,19,22,29,14,88,101396,18,21,29,14,88,101392,16,18,25,15,88,101401,17,19,25,14,88,101464,19,22,29,14,88,101385,19,22,30,14,88,101228,21,23,31,14,88,101289,20,22,30,14,88,101236,20,23,28,14,88,101375,20,23,30,15,88,101299,20,23,27,14,88,101284,19,21,27,,,,,,,14,88,101352,19,21,28,14,88,101316,18,20,27,14,88,101509,21,23,32,,,,,,,,,,,,,,,,,,,14,88,101365,22,26,39
2017-05-13T14:00:00,,,,,,,14,88,101336,30,33,51,,,,,,,14,88,101256,31,35,52,16,88,101289,21,24,33,15,88,101303,23,27,38,15,88,101313,27,31,46,,,101309,25,30,43,15,88,101323,25,30,42,15,88,101253,24,27,39,15,88,,22,26,40,15,88,101384,28,32,47,,,,,,,15,88,,25,29,41,15,88,,24,26,38,15,88,,26,30,42,15,88,,25,29,39,15,88,,25,30,42,15,88,,25,29,43,15,88,,28,32,47,,,,,,,15,88,101411,25,29,40,14,88,101312,27,31,45,15,63,101206,26,30,43,15,88,101387,32,37,54,15,88,,29,34,47,15,88,,26,30,44,14,88,101529,27,31,42,15,88,,25,29,41,15,88,101374,27,32,46,14,88,101409,27,32,47,15,88,101366,28,32,47,15,88,101201,26,31,44,15,88,101324,25,28,40,,,,,,,15,88,101263,23,27,39,15,88,101252,24,28,40,14,88,101437,29,35,52,15,88,101428,24,28,40,15,88,101430,24,27,38,14,88,101507,21,25,34,15,88,101417,25,30,43,15,88,101268,26,30,45,15,88,101329,26,31,46,15,88,101279,25,28,38,14,88,101416,23,28,39,15,88,101342,22,25,30,14,88,101323,22,24,33,,,,,,,14,88,101388,23,27,37,14,88,101353,17,19,26,15,88,101548,25,30,46,,,,,,,,,,,,,,,,,,,15,88,101406,26,31,49
2017-05-13T15:00:00,,,,,,,14,92,101378,33,37,58,,,,,,,13,92,101296,34,39,59,16,92,101330,32,38,53,15,92,101346,24,29,41,15,92,101357,29,34,50,,,101350,27,32,47,14,92,101365,27,32,46,15,92,101294,26,30,43,15,92,,27,31,50,15,92,101417,29,34,50,,,,,,,14,92,,27,32,46,15,92,,32,36,53,15,92,,28,32,46,14,92,,29,34,49,15,92,,29,33,47,15,92,,28,33,49,15,92,,29,34,50,,,,,,,15,92,101453,27,32,46,14,92,101354,29,33,48,15,67,101257,30,36,52,15,92,101425,32,38,55,15,92,,26,31,44,15,92,,31,35,52,14,92,101576,34,38,54,15,92,,28,34,50,15,92,101420,28,34,49,,,,,,,14,92,101401,29,34,51,15,92,101234,30,35,51,15,92,101370,29,34,50,,,,,,,14,92,101305,25,30,43,15,92,101294,27,31,46,14,92,101478,30,36,54,15,92,101467,26,30,43,15,92,101473,27,31,45,14,92,101559,25,30,42,15,92,101456,30,34,50,14,92,101310,30,34,51,15,92,101377,29,34,50,15,92,101322,27,30,42,14,92,101463,29,34,49,15,92,101389,23,27,34,14,92,101373,26,30,43,,,,,,,14,92,101436,26,31,46,14,92,101401,23,26,36,15,92,101590,28,33,53,,,,,,,,,,,,,,,,,,,14,92,101443,27,33,52
2017-05-13T16:00:00,,,,,,,14,90,101428,36,41,66,,,,,,,14,90,101344,37,43,65,16,90,101382,28,32,47,16,90,101398,26,30,44,15,90,101409,30,35,52,,,101402,29,34,50,15,90,101417,28,33,49,15,90,101348,28,33,49,15,90,,29,34,55,15,90,101464,30,35,51,,,,,,,15,90,,29,34,49,15,90,,33,39,57,15,90,,30,35,52,15,90,,33,38,55,15,90,,30,34,50,15,90,,31,36,56,16,90,,30,35,51,,,,,,,15,90,101503,30,35,50,15,90,101406,29,34,50,15,65,101305,31,38,55,15,90,101469,33,39,57,15,90,,28,33,49,15,90,,32,37,56,14,90,101628,36,41,60,15,90,,31,36,53,16,90,101470,30,36,52,,,,,,,15,90,101454,30,34,52,15,90,101294,29,34,49,16,90,101422,33,38,56,,,,,,,15,90,101357,28,33,48,15,90,101350,28,33,49,14,90,101526,33,39,58,15,90,101525,27,31,45,15,90,101519,30,35,51,15,90,101615,29,34,48,15,90,101507,28,33,49,15,90,101361,31,37,55,15,90,101430,30,35,52,15,90,101372,31,34,47,14,90,101511,30,36,53,15,90,101439,25,29,37,15,90,101424,29,34,49,15,90,101716,27,31,47,15,90,101485,30,35,53,15,90,101455,28,33,48,15,90,101631,35,42,66,,,,,,,,,,,,,,,,,,,15,90,101494,28,34,55
2017-05-13T17:00:00,,,,,,,14,92,101466,39,44,71,,,,,,,14,92,101382,39,45,68,16,92,101420,29,34,50,15,92,101432,28,33,48,15,92,101449,31,36,54,,,101438,31,37,55,15,92,101455,28,34,49,15,92,101386,31,36,53,15,92,,30,36,59,15,92,101496,30,35,51,,,,,,,15,92,,30,35,51,15,92,,34,40,59,15,92,,30,36,54,14,92,,37,42,61,15,92,,30,35,50,15,92,,33,38,59,15,92,,31,36,53,,,,,,,15,92,101539,31,36,53,15,92,101442,34,40,59,15,67,101348,34,40,58,15,92,101509,36,42,61,15,92,,31,37,53,15,92,,34,39,59,14,92,101663,46,52,73,15,92,,34,39,59,15,92,101511,31,38,55,,,,,,,15,92,101490,30,34,52,15,92,101330,30,36,52,15,92,101463,33,39,56,,,,,,,14,92,101391,29,34,49,15,92,101386,30,35,52,14,92,101566,34,41,61,15,92,101560,26,31,45,15,92,101553,32,37,56,14,92,101644,27,32,46,14,92,101548,29,35,51,14,92,101401,33,38,57,15,92,101474,31,36,55,15,92,101404,32,36,50,14,92,101548,32,37,55,15,92,101466,25,29,37,14,92,101459,30,35,52,15,92,101750,28,33,49,15,92,101523,31,37,55,15,92,101492,32,37,55,15,92,101667,40,48,76,,,,,,,,,,,,,,,,,,,14,92,101525,29,36,58
2017-05-13T18:00:00,,,,,,,14,94,101506,38,43,70,,,,,,,13,94,101422,41,46,71,15,94,101466,28,32,46,15,94,101475,30,35,51,14,94,101492,33,38,57,,,101482,32,38,56,14,94,101500,32,38,55,15,94,101428,31,36,54,15,94,,33,38,64,14,94,101540,31,36,53,,,,,,,14,94,,31,37,53,15,94,,37,42,63,14,94,,32,37,56,14,94,,36,41,60,15,94,,32,37,54,15,94,,32,38,58,15,94,,35,40,59,,,,,,,15,94,101580,33,38,56,14,94,101489,30,36,53,15,69,101387,32,39,56,15,94,101548,33,38,57,14,94,,31,37,54,15,94,,35,40,60,13,94,101702,61,65,87,15,94,,36,42,61,15,94,101552,37,43,64,,,,,,,14,94,101527,34,38,56,14,94,101374,33,38,55,15,94,101503,33,38,57,,,,,,,14,94,101432,30,36,53,15,94,101428,31,36,53,14,94,101605,36,43,65,14,94,101595,29,35,50,15,94,101592,32,37,55,14,94,101688,31,36,52,14,94,101591,28,34,49,14,94,101441,33,39,58,14,94,101514,33,38,58,14,94,101450,32,36,50,14,94,101588,32,38,56,14,94,101510,28,32,42,14,94,101503,34,39,58,14,94,101792,32,37,55,14,94,101569,33,39,60,14,94,101534,32,37,54,14,94,101703,33,39,63,,,,,,,,,,,,,,,,,,,14,94,101569,32,39,64
2017-05-13T19:00:00,,,,,,,13,94,101576,41,46,76,,,,,,,13,94,101494,42,46,71,15,94,101538,30,35,50,15,94,101547,30,35,52,14,94,101563,43,48,68,,,101554,32,38,56,14,94,101571,32,38,55,14,94,101502,34,39,58,15,94,,33,38,63,14,94,101616,35,41,60,,,,,,,14,94,,33,38,56,15,94,,45,51,73,14,94,,40,46,66,14,94,,36,41,60,15,94,,33,38,55,15,94,,32,38,58,14,94,,36,41,61,,,,,,,15,94,101651,33,38,56,14,94,101557,29,34,49,15,69,101460,35,41,60,15,94,101624,31,37,55,15,94,,32,37,55,15,94,,37,41,62,13,94,101773,65,68,89,15,94,,43,50,68,15,94,101622,44,52,72,,,,,,,14,94,101604,45,49,66,14,94,101450,38,44,64,15,94,101574,38,43,63,,,,,,,14,94,101503,29,34,51,15,94,101503,33,38,57,14,94,101676,41,47,71,14,94,101672,29,35,51,15,94,101667,33,37,55,14,94,101763,32,38,56,14,94,101659,33,38,56,14,94,101512,37,42,63,14,94,101587,33,38,58,14,94,101523,31,35,49,14,94,101660,40,46,65,14,94,101580,28,32,42,14,94,101576,38,43,63,14,94,101866,34,39,57,14,94,101643,38,44,67,14,94,101603,30,34,51,14,94,101776,34,41,66,,,,,,,,,,,,,,,,,,,14,94,101643,39,48,75
2017-05-13T20:00:00,,,,,,,12,97,101610,44,48,79,,,,,,,12,97,101532,43,48,73,14,97,101561,39,45,63,13,97,101585,35,40,57,13,97,101596,49,54,73,,,101590,35,41,60,13,97,101607,36,43,63,13,97,101539,36,41,61,14,97,,36,41,68,13,97,101664,62,69,90,14,97,,37,40,60,13,97,,42,49,69,13,97,,44,48,69,13,97,,36,42,61,13,97,,43,47,67,13,97,,36,42,61,13,97,,33,38,59,13,97,,49,53,73,,,,,,,13,97,101686,35,41,61,13,97,101590,31,36,52,13,72,101490,39,45,64,13,97,101656,35,41,61,14,97,,37,42,61,14,97,,39,43,64,12,97,101808,66,69,89,13,97,,47,53,71,14,97,101658,37,44,64,,,,,,,13,97,101649,61,66,87,13,97,101483,43,49,71,14,97,101606,38,43,64,,,,,,,13,97,101539,35,41,60,14,97,101540,38,43,65,12,97,101710,45,51,76,13,97,101700,45,51,69,13,97,101706,34,38,58,13,97,101805,38,44,63,13,97,101694,38,43,62,13,97,101542,54,60,82,13,97,101621,34,40,60,13,97,101560,30,35,48,12,97,101696,42,48,66,13,97,101619,37,42,54,13,97,101612,41,46,67,13,97,101901,38,43,60,13,97,101680,47,54,79,13,97,101640,31,35,53,13,97,101811,37,43,68,,,,,,,,,,,,,,,,,,,12,97,101686,43,53,79
2017-05-13T21:00:00,,,,,,,12,100,101645,48,51,84,,,,,,,12,100,101568,47,51,76,14,100,101602,34,40,58,13,100,101624,46,52,67,13,100,101634,57,63,83,,,101627,41,47,69,13,100,101646,40,47,69,13,100,101578,34,40,59,13,100,,37,42,69,12,100,101703,52,59,77,,,,,,,13,100,,46,53,74,13,100,,46,50,70,13,100,,39,44,65,13,100,,45,49,68,13,100,,41,46,68,13,100,,33,38,59,13,100,,54,59,78,,,,,,,13,100,101724,41,47,69,12,100,101627,35,41,62,13,75,101528,45,52,71,13,100,101694,36,42,62,13,100,,42,48,67,13,100,,45,49,68,12,100,101845,72,76,98,13,100,,46,52,70,14,100,101697,43,50,71,,,,,,,12,100,101687,61,67,89,13,100,101523,48,54,76,13,100,101645,41,46,66,,,,,,,13,100,101579,37,43,64,13,100,101576,44,50,70,12,100,101749,53,60,84,13,100,101742,41,46,66,13,100,101743,35,40,60,13,100,101839,44,50,69,12,100,101748,56,63,82,12,100,101581,60,67,89,13,100,101660,40,45,67,13,100,101594,31,36,50,12,100,101732,44,50,68,13,100,101658,39,43,56,12,100,101647,39,44,65,13,100,101940,34,39,57,13,100,101714,46,53,75,13,100,101678,42,46,68,13,100,101848,38,44,70,,,,,,,,,,,,,,,,,,,12,100,101721,54,65,92
2017-05-13T22:00:00,,,,,,,12,100,101694,55,58,90,,,,,,,12,100,101617,55,58,82,14,100,101651,46,52,69,13,100,101675,48,54,69,13,100,101680,38,43,64,,,101678,45,51,72,12,100,101693,42,48,70,13,100,101626,44,48,67,13,100,,40,45,72,13,100,101743,49,55,74,,,,,,,13,100,,43,49,71,13,100,,49,54,74,13,100,,42,47,67,12,100,,54,59,77,13,100,,33,39,56,13,100,,38,43,66,13,100,,56,61,80,,,,,,,13,100,101775,44,50,73,12,100,101681,36,42,63,13,75,101575,46,54,72,13,100,101741,39,45,66,13,100,,43,49,67,13,100,,49,55,73,12,100,101896,67,72,93,13,100,,38,43,62,13,100,101746,43,51,71,,,,,,,12,100,101721,33,37,55,13,100,101572,41,47,69,13,100,101695,45,50,69,,,,,,,12,100,101625,39,44,65,13,100,101632,44,50,71,12,100,101800,49,56,80,13,100,101788,33,38,55,13,100,101793,35,41,61,12,100,101885,51,59,78,12,100,101781,43,49,67,12,100,101629,54,60,81,13,100,101704,37,42,63,13,100,101640,39,43,58,12,100,101783,50,57,74,13,100,101707,51,56,67,12,100,101698,47,53,74,13,100,101991,32,37,55,13,100,101764,66,81,112,13,100,101727,42,47,69,13,100,101899,43,49,74,,,,,,,,,,,,,,,,,,,12,100,101769,48,57,83
2017-05-13T23:00:00,,,,,,,12,97,101730,42,46,74,,,,,,,12,97,101652,46,50,74,14,97,101686,42,48,65,13,97,101708,44,49,64,13,97,101720,33,37,55,,,101711,48,53,74,12,97,101726,38,44,65,13,97,101662,43,47,67,13,97,,35,40,66,13,97,101765,35,40,58,,,,,,,13,97,,34,40,58,13,97,,44,49,70,13,97,,33,38,56,12,97,,49,54,72,13,97,,28,32,44,13,97,,37,42,65,13,97,,45,49,70,,,,,,,13,97,101810,36,42,62,12,97,101714,36,42,62,13,72,101613,35,40,59,13,97,101778,34,40,60,13,97,,31,36,52,13,97,,38,43,63,12,97,101929,59,64,84,13,97,,30,35,50,14,97,101780,34,40,60,,,,,,,12,97,101768,29,33,50,13,97,101605,34,39,57,13,97,101730,37,42,61,,,,,,,12,97,101657,35,40,59,13,97,101660,46,52,72,12,97,101835,38,44,66,13,97,101828,27,31,45,13,97,101828,36,41,61,12,97,101913,46,54,72,12,97,101817,33,38,57,12,97,101666,41,46,69,13,97,101741,30,35,51,13,97,101689,55,59,74,12,97,101816,51,58,75,13,97,101735,59,66,79,12,97,101726,64,71,93,13,97,102025,32,36,54,13,97,101792,57,66,92,13,97,101763,40,45,68,13,97,101934,44,51,76,,,,,,,,,,,,,,,,,,,12,97,101803,36,43,69
2017-05-14T00:00:00,,,,,,,11,97,101736,38,42,66,,,,,,,11,97,101659,37,42,63,13,97,101701,29,34,50,12,97,101713,34,39,55,12,97,101728,30,35,51,,,101716,47,53,74,12,97,101731,37,43,64,12,97,101667,46,50,69,12,97,,32,37,60,12,97,101771,33,38,54,,,,,,,12,97,,32,37,53,13,97,,36,41,62,12,97,,30,35,51,12,97,,43,47,66,12,97,,24,27,38,12,97,,47,51,74,12,97,,34,38,56,,,,,,,12,97,101816,31,36,52,12,97,101719,34,40,59,12,72,101623,31,37,54,12,97,101799,29,33,48,12,97,,29,34,48,13,97,,32,37,56,11,97,101933,56,60,81,12,97,,29,33,48,13,97,101783,30,35,51,,,,,,,12,97,101778,28,32,48,12,97,101615,28,32,46,13,97,101740,33,37,54,,,,,,,12,97,101660,33,38,56,12,97,101663,46,51,72,11,97,101843,34,39,58,12,97,101840,25,29,41,13,97,101835,36,41,62,12,97,101912,28,33,48,12,97,101839,30,34,49,12,97,101674,34,39,58,12,97,101745,29,34,50,12,97,101681,35,39,55,11,97,101823,41,46,64,12,97,101735,55,61,73,12,97,101728,60,66,86,12,97,102033,30,35,51,12,97,101796,44,51,73,12,97,101768,37,42,64,12,97,101942,36,41,65,,,,,,,,,,,,,,,,,,,11,97,101809,30,35,56
2017-05-14T01:00:00,,,,,,,10,100,101773,35,39,61,,,,,,,10,100,101699,37,42,62,13,100,101743,25,28,40,11,100,101744,27,32,46,11,100,101751,28,32,46,,,101759,39,45,66,11,100,101771,32,37,53,11,100,101705,36,41,60,11,100,,30,35,56,,,,,,,12,100,,40,43,62,11,100,,30,34,48,12,100,,34,39,58,11,100,,30,34,50,11,100,,35,40,59,11,100,,22,25,34,11,100,,40,45,68,11,100,,30,34,49,,,,,,,11,100,101858,28,33,47,11,100,101760,32,37,54,11,75,101654,29,34,49,11,100,101849,23,26,35,11,100,,28,32,45,12,100,,30,34,50,10,100,101974,45,50,73,11,100,,27,31,44,12,100,101819,27,32,45,,,,,,,11,100,101818,25,29,41,10,100,101654,25,29,39,11,100,101775,30,35,50,,,,,,,11,100,101700,27,31,45,11,100,101704,41,46,69,10,100,101884,31,36,53,11,100,101877,21,24,33,11,100,101879,32,36,54,11,100,101960,28,33,48,10,100,101879,28,32,45,11,100,101711,30,34,50,11,100,101772,27,31,45,11,100,101735,30,34,48,10,100,101868,33,38,56,11,100,101785,44,47,61,11,100,101774,53,58,80,11,100,102064,29,33,49,11,100,101842,32,38,56,11,100,101808,34,39,59,11,100,101987,31,36,56,,,,,,,,,,,,,,,,,,,10,100,101857,28,33,52
2017-05-14T02:00:00,,,,,,,9,97,101845,36,39,62,,,,,,,9,97,101773,39,43,65,12,97,101818,20,22,29,10,97,101818,28,33,46,10,97,101832,28,32,46,,,101833,34,40,58,10,97,101838,27,31,43,10,97,101781,32,36,53,10,97,,30,34,55,,,,,,,,,,,,,10,97,,28,33,47,11,97,,32,37,54,10,97,,29,33,48,10,97,,32,36,52,10,97,,20,23,30,10,97,,33,38,58,10,97,,29,33,47,,,,,,,10,97,101930,32,37,54,10,97,101829,29,33,48,10,72,101723,28,32,46,10,97,101931,20,22,28,10,97,,25,30,42,11,97,,29,33,49,9,97,102045,52,55,79,10,97,,26,30,42,11,97,101890,27,32,46,,,,,,,10,97,101894,26,30,43,10,97,101730,24,28,37,10,97,101842,29,33,46,,,,,,,10,97,101770,25,28,40,10,97,101775,34,39,59,9,97,101967,29,33,47,10,97,101953,21,24,32,10,97,101955,34,38,56,10,97,102028,25,29,40,9,97,101955,24,27,36,10,97,101786,28,32,47,10,97,101847,25,29,41,10,97,101814,31,34,47,9,97,101943,32,37,54,10,97,101858,38,41,56,10,97,101845,46,51,74,10,97,102134,29,33,49,10,97,101914,34,39,57,10,97,101878,31,35,51,10,97,102069,30,34,54,,,,,,,,,,,,,,,,,,,9,97,101936,25,30,46
2017-05-14T03:00:00,,,,,,,8,97,101897,35,38,59,,,,,,,8,97,101823,36,41,60,11,97,101875,22,25,34,9,97,101868,27,30,43,9,97,101883,29,32,47,,,101887,32,37,53,9,97,101887,25,29,39,9,97,101831,31,35,51,9,97,,29,33,52,,,,,,,9,97,,35,39,56,9,97,,28,32,45,9,97,,30,34,51,9,97,,30,34,49,,,,,,,9,97,,19,21,28,9,97,,31,36,54,9,97,,28,31,44,,,,,,,9,97,101985,31,35,50,8,97,101877,26,30,41,9,72,101780,25,30,42,9,97,101985,24,27,36,9,97,,25,29,40,9,97,,29,33,49,8,97,102096,51,55,78,9,97,,30,34,48,10,97,101943,26,31,45,,,,,,,9,97,101951,26,30,44,8,97,101780,22,25,33,9,97,101898,27,30,43,,,,,,,9,97,101816,24,28,38,9,97,101829,33,39,57,8,97,102022,29,34,49,9,97,102010,22,25,34,9,97,102011,32,36,52,9,97,102076,22,26,35,8,97,102017,23,26,35,8,97,101839,31,35,50,9,97,101906,26,29,42,9,97,101856,32,36,49,8,97,101994,39,45,65,9,97,101908,37,41,55,9,97,101896,42,47,70,9,97,102185,27,32,46,9,97,101962,34,38,57,9,97,101931,32,35,52,9,97,102122,31,35,56,,,,,,,,,,,,,,,,,,,8,97,101984,26,30,45
2017-05-14T04:00:00,,,,,,,9,97,101950,33,35,55,,,,,,,9,97,101879,33,37,54,12,97,101930,22,25,33,10,97,101927,27,32,45,10,97,101939,25,29,41,,,101943,32,37,54,10,97,101954,25,28,39,10,97,101885,30,34,49,10,97,,28,31,49,,,,,,,,,,,,,10,97,,27,31,43,10,97,,29,32,47,10,97,,26,29,41,,,,,,,12,97,,20,23,30,10,97,,29,33,49,9,97,,27,30,42,,,,,,,10,97,102041,28,32,45,9,97,101936,33,38,56,11,72,101834,25,30,42,10,97,102032,24,27,37,10,97,,28,32,44,10,97,,28,31,46,9,97,102154,45,49,71,10,97,,35,40,58,11,97,101997,23,27,38,,,,,,,11,97,101988,22,24,35,10,97,101828,22,25,33,10,97,101951,25,29,40,,,,,,,10,97,101875,23,27,37,10,97,101886,30,34,50,9,97,102066,29,33,48,10,97,102061,20,23,30,10,97,102069,30,34,50,10,97,102137,28,33,47,9,97,102066,24,28,38,9,97,101893,29,33,48,10,97,101955,25,28,40,10,97,101910,33,36,49,9,97,102048,34,39,57,10,97,101967,33,37,50,9,97,101953,42,47,69,10,97,102240,26,30,44,11,97,102022,31,35,52,10,97,101986,26,30,42,10,97,102177,28,32,50,,,,,,,,,,,,,,,,,,,9,97,102031,28,32,50
2017-05-14T05:00:00,,,,,,,12,92,101990,30,33,49,,,,,,,12,92,101915,31,34,49,14,92,101959,21,24,32,13,92,101956,23,27,37,13,92,101977,23,25,34,,,101967,28,32,46,14,92,101992,23,26,36,13,92,101914,26,30,42,13,92,,27,31,50,,,,,,,,,,,,,13,92,,22,25,32,13,92,,27,30,44,13,92,,24,28,38,,,,,,,16,92,,18,20,26,13,92,,27,30,45,13,92,,24,26,36,,,,,,,14,92,102068,24,28,38,12,92,101962,27,31,44,15,67,101885,22,26,36,13,92,102062,23,27,36,13,92,,23,27,35,13,92,,26,29,42,12,92,102188,40,44,63,13,92,,21,24,31,13,92,102031,22,26,35,,,,,,,15,92,102016,19,22,31,13,92,101858,21,24,31,14,92,101993,25,28,40,,,,,,,13,92,101909,23,26,37,13,92,101913,24,28,39,12,92,102090,22,25,35,13,92,102096,18,21,27,13,92,102100,27,31,44,14,92,102174,24,27,39,12,92,102090,27,31,42,13,92,101929,23,26,35,12,92,101992,23,26,36,13,92,101938,29,31,43,12,92,102082,30,35,51,13,92,101991,29,33,43,12,92,101985,36,41,60,13,92,102280,26,30,43,13,92,102061,28,33,48,12,92,102018,27,30,43,13,92,102214,26,29,45,,,,,,,,,,,,,,,,,,,13,92,102059,23,26,39
2017-05-14T06:00:00,,,,,,,13,88,102043,34,38,61,,,,,,,13,88,101972,34,38,56,15,88,102014,26,30,43,14,88,102015,21,24,34,16,88,102040,22,25,35,,,102021,24,28,39,15,88,102053,27,31,45,14,88,101970,29,33,48,15,88,,25,28,45,,,,,,,,,,,,,14,88,,24,28,37,14,88,,25,28,40,14,88,,28,33,47,,,,,,,17,88,,18,20,27,14,88,,29,33,51,14,88,,23,25,35,,,,,,,16,88,102124,26,31,44,14,88,102020,28,31,45,16,63,101939,25,29,42,14,88,102113,27,31,45,14,88,,29,34,48,14,88,,30,34,50,13,88,102241,30,33,46,15,88,,22,25,35,16,88,102097,27,32,46,,,,,,,16,88,102071,19,22,31,14,88,101914,21,24,31,16,88,102051,25,29,41,,,,,,,16,88,101978,26,30,44,16,88,101973,24,27,40,14,88,102140,29,33,48,14,88,102150,19,21,29,15,88,102146,27,31,45,15,88,102240,20,23,33,14,88,102137,21,24,33,15,88,101986,23,27,38,14,88,102045,25,29,41,15,88,101988,25,28,38,14,88,102132,25,29,42,14,88,102048,24,27,34,14,88,102040,26,29,41,14,88,102335,23,26,36,14,88,102111,22,26,35,14,88,102068,24,28,39,14,88,102263,28,33,51,,,,,,,,,,,,,,,,,,,14,88,102112,21,24,35
2017-05-14T07:00:00,,,,,,,15,84,102101,26,28,43,,,,,,,15,84,102032,26,28,39,16,84,102075,20,23,32,16,84,102075,23,26,37,18,84,102106,25,29,43,,,102080,26,30,43,16,84,102103,20,23,31,16,84,102028,21,23,33,16,84,,23,26,41,,,,,,,,,,,,,16,84,,26,30,43,16,84,,21,24,33,16,84,,22,25,35,16,84,,28,32,45,18,84,,17,19,26,16,84,,22,25,35,16,84,,24,27,38,,,,,,,19,84,102179,19,22,30,15,84,102081,24,28,38,18,59,101999,22,25,35,16,84,102161,23,27,38,16,84,,23,27,37,16,84,,24,27,39,15,84,102299,22,24,30,17,84,,21,24,34,19,84,102161,20,23,32,,,,,,,16,84,102140,22,25,36,16,84,101974,20,23,30,18,84,102115,21,23,32,,,,,,,18,84,102048,18,20,28,18,84,102036,20,23,33,15,84,102191,28,32,47,16,84,102206,15,18,24,17,84,102198,21,23,32,17,84,102300,16,18,23,16,84,102197,20,23,31,16,84,102047,28,32,46,15,84,102108,27,31,46,17,84,102033,22,25,32,15,84,102184,21,24,32,16,84,102095,18,19,21,16,84,102095,17,19,25,16,84,102394,18,21,28,16,84,102166,17,18,24,15,84,102127,17,18,25,16,84,102309,22,25,36,,,,,,,,,,,,,,,,,,,16,84,102168,23,27,40
2017-05-14T08:00:00,,,,,,,16,77,102157,14,14,19,,,,,,,17,75,102107,12,12,16,17,77,102128,14,15,19,17,75,102130,20,22,30,18,77,102160,16,18,25,,,102132,23,26,36,17,77,102147,11,13,16,17,77,102076,12,13,17,16,77,,12,13,19,,,,,,,,,,,,,17,77,,19,22,29,17,77,,15,16,21,16,77,,12,13,17,16,77,,17,19,25,18,77,,17,19,25,16,77,,11,12,16,17,77,,23,25,34,,,,,,,21,77,102234,12,13,17,16,77,102130,19,21,29,19,52,102054,15,16,21,17,77,102223,13,14,19,17,77,,13,15,20,17,77,,14,15,19,16,76,102356,17,18,23,18,77,,16,18,24,18,77,102201,11,13,17,,,,,,,17,77,102193,18,20,27,16,77,102031,16,18,24,18,77,102165,14,15,19,,,,,,,19,77,102104,10,11,15,19,77,102095,16,18,25,16,77,102242,17,19,26,17,77,102265,15,17,22,18,77,102255,11,11,15,17,77,102351,11,12,15,17,77,102254,14,15,19,16,77,102097,20,23,32,16,77,102160,19,21,29,18,77,102090,16,16,19,17,77,102229,14,16,20,17,77,102170,13,13,15,17,77,102145,13,14,19,17,76,102447,9,9,14,16,77,102216,13,15,19,16,77,102179,11,13,17,17,76,102374,13,13,18,,,,,,,,,,,,,,,,,,,17,77,102214,20,23,33
2017-05-14T09:00:00,,,,,,,17,70,102181,15,15,21,,,,,,,19,63,102140,14,14,18,18,72,102145,15,17,22,18,66,102146,13,15,18,19,72,102172,14,16,21,,,102152,14,16,20,18,72,102166,12,13,17,18,72,102097,13,13,18,18,72,,14,16,22,,,,,,,,,,,,,20,72,,13,14,18,18,72,,14,15,20,18,72,,13,14,18,18,72,,15,16,21,18,72,,15,17,22,18,72,,12,12,17,18,72,,17,18,23,,,,,,,21,72,102258,12,13,16,17,72,102152,12,13,17,22,47,102081,13,14,18,18,72,102247,13,15,20,18,72,,12,13,17,19,72,,15,16,21,17,66,102375,17,17,22,20,72,,14,15,19,18,72,102216,12,14,18,,,,,,,18,72,102216,17,20,27,18,72,102049,17,19,25,19,72,102179,14,16,20,,,,,,,19,72,102120,11,12,16,21,72,102121,10,11,14,18,71,102257,12,13,18,19,72,102275,14,16,20,20,72,102267,11,12,16,18,70,102365,10,11,15,18,72,102274,11,11,14,18,72,102117,15,17,22,18,72,102177,16,18,24,,,,,,,19,72,102241,14,15,19,19,72,102169,12,12,14,18,72,102165,12,13,17,18,72,102468,15,16,21,17,72,102232,14,15,20,17,72,102196,10,11,15,18,68,102387,16,16,21,,,,,,,,,,,,,,,,,,,18,69,102240,15,16,22
2017-05-14T10:00:00,,,,,,,18,66,102209,18,18,25,,,,,,,19,58,102167,18,18,23,20,69,102161,18,20,26,18,61,102170,14,16,20,19,69,102190,17,19,24,,,102174,17,18,23,18,69,102191,14,16,21,20,69,102129,15,16,21,18,69,,19,21,31,,,,,,,19,69,,16,19,24,21,69,,15,16,20,19,69,,20,22,30,20,69,,16,18,23,18,69,,19,22,29,19,69,,15,17,22,19,69,,14,16,22,18,69,,18,19,24,,,,,,,22,69,102280,14,15,19,18,68,102176,14,16,20,20,44,102097,16,19,24,18,68,102264,18,20,26,19,69,,17,19,23,20,69,,19,20,27,18,60,102404,18,19,24,22,61,,15,16,21,19,69,102240,14,17,22,,,,,,,18,67,102243,17,19,26,18,69,102073,15,17,22,19,67,102202,18,20,26,,,,,,,19,68,102144,14,15,20,20,67,102139,13,14,18,18,63,102274,20,22,31,20,67,102296,13,15,20,20,69,102292,14,15,20,18,66,102384,12,13,17,19,69,102295,13,14,17,18,67,102143,18,20,26,18,69,102207,19,20,27,,,,,,,20,65,102261,16,18,24,20,68,102203,12,12,13,18,67,102191,14,15,20,19,68,102495,16,16,22,18,67,102257,19,21,28,18,69,102223,13,14,20,19,64,102406,19,20,27,,,,,,,,,,,,,,,,,,,19,64,102262,16,17,23
2017-05-14T11:00:00,,,,,,,20,60,102221,17,17,23,,,,,,,19,50,102161,19,20,26,21,63,102166,12,12,16,19,53,102172,16,17,22,19,61,102191,16,18,22,,,102175,18,20,26,19,62,102194,16,18,23,23,62,102154,16,17,23,19,63,,16,18,25,,,,,,,20,63,,17,18,24,21,63,,15,17,21,21,63,,14,16,21,22,63,,16,18,23,19,63,,14,15,20,19,62,,14,15,20,20,63,,15,17,23,20,63,,19,20,27,,,,,,,22,63,102280,16,18,23,19,58,102178,16,18,22,20,38,102087,13,15,19,19,60,102259,16,17,22,20,62,,16,17,22,21,63,,19,21,28,19,52,102410,18,18,23,22,53,,12,13,16,20,61,102243,15,18,23,,,,,,,19,59,102247,15,16,21,19,61,102072,13,15,19,20,58,102202,16,17,21,,,,,,,19,59,102143,15,17,22,20,59,102130,14,16,21,19,54,102273,18,20,27,21,58,102294,11,11,15,21,60,102297,15,16,21,19,57,102383,14,16,20,20,60,102293,10,10,13,19,57,102146,17,19,25,19,61,102209,15,17,22,,,,,,,21,56,102263,15,17,22,22,56,102224,14,14,15,19,59,102196,13,14,17,,,102500,12,12,15,19,60,102263,14,16,21,19,63,102225,10,11,15,20,55,102402,17,18,25,,,,,,,,,,,,,,,,,,,20,56,102264,17,19,25
2017-05-14T12:00:00,,,,,,,21,57,102222,10,10,13,,,,,,,19,47,102149,11,11,14,22,62,102161,10,11,14,20,49,102166,12,13,17,20,58,102184,12,13,17,,,102163,14,15,20,20,58,102184,11,12,16,24,57,102150,12,12,15,20,61,,11,11,16,,,,,,,21,62,,9,10,13,21,62,,12,13,16,21,62,,9,9,12,23,62,,12,13,16,20,61,,10,10,13,19,60,,13,14,18,22,62,,9,9,13,20,62,,15,16,21,,,,,,,21,62,102268,11,12,15,20,55,102169,13,14,17,20,37,102077,11,11,14,20,57,102253,10,11,14,21,58,,12,13,16,20,61,,13,14,18,19,49,102404,10,10,12,23,49,,11,12,14,20,59,102235,13,15,19,,,,,,,19,56,102233,14,15,19,20,59,102062,13,14,18,20,55,102190,11,11,15,,,,,,,19,56,102130,11,12,15,20,56,102117,11,12,15,19,51,102266,12,13,18,22,54,102282,10,11,15,21,57,102284,10,10,13,19,54,102376,11,12,15,20,57,102284,10,10,13,19,55,102138,16,17,22,20,59,102206,13,15,20,,,,,,,22,49,102252,10,10,12,24,48,102221,8,7,8,20,56,102189,9,9,12,,,102497,7,6,8,19,57,102252,12,13,18,20,61,102219,7,8,10,20,52,102396,12,12,16,,,,,,,,,,,,,,,,,,,21,53,102248,14,14,20
2017-05-14T13:00:00,,,,,,,22,49,102205,9,9,12,,,,,,,19,39,102120,11,10,13,21,55,102130,9,9,12,21,40,102150,10,10,13,20,49,102161,10,11,14,,,102143,12,12,16,20,48,102163,10,10,12,25,46,102133,10,11,13,20,52,,11,11,15,,,,,,,21,53,,10,10,13,21,55,,10,10,13,23,55,,9,9,12,24,55,,11,11,14,20,53,,10,10,13,20,52,,10,11,14,25,55,,8,9,12,24,55,,13,13,16,,,,,,,21,55,102242,9,10,12,20,45,102150,10,10,13,20,30,102049,11,12,15,21,48,102223,11,12,15,23,50,,10,10,13,20,51,,12,12,16,20,41,102383,10,10,11,23,42,,11,11,14,21,51,102214,14,15,19,,,,,,,20,47,102208,11,12,16,20,49,102039,11,11,15,20,47,102161,11,11,14,,,,,,,20,47,102106,10,10,13,20,47,102097,10,10,13,20,42,102240,12,13,17,24,38,102246,8,9,11,21,48,102259,9,10,12,20,45,102354,9,9,11,23,47,102243,9,9,11,20,46,102113,13,13,17,20,50,102182,11,12,15,,,,,,,22,38,102226,9,9,12,24,38,102203,7,6,7,20,47,102170,9,9,11,,,102475,5,5,7,20,48,102232,13,15,20,20,53,102198,7,8,10,20,43,102372,11,11,15,,,,,,,,,,,,,,,,,,,21,44,102226,11,11,15
2017-05-14T14:00:00,,,,,,,23,47,102183,9,9,12,,,,,,,20,39,102096,10,10,12,21,55,102102,8,8,11,22,40,102126,10,11,14,20,48,102130,10,10,13,,,102116,12,12,16,20,48,102137,10,10,12,25,43,102105,10,11,14,20,51,,10,10,15,,,,,,,,,,,,,22,55,,10,10,13,24,55,,9,9,12,24,55,,11,11,14,21,51,,10,11,14,21,50,,9,10,12,26,55,,9,9,13,27,55,,13,13,16,,,,,,,21,53,102215,10,10,13,20,44,102121,10,10,13,20,30,102023,10,10,13,21,46,102194,9,10,13,25,47,,10,10,12,21,49,,11,11,15,21,40,102357,9,9,11,21,45,,10,10,12,21,49,102184,11,12,15,,,,,,,20,46,102180,10,10,13,21,47,102013,9,10,13,21,45,102132,10,10,13,,,,,,,20,46,102082,10,10,13,21,46,102065,10,10,13,20,41,102212,15,17,22,26,32,102218,6,7,8,21,46,102235,9,9,12,20,43,102331,9,9,11,25,41,102223,9,9,11,20,45,102086,12,12,16,21,48,102152,10,10,14,,,,,,,24,33,102196,9,9,11,25,34,102178,7,6,7,20,46,102140,10,10,13,,,102445,5,5,6,20,46,102204,6,7,10,21,53,102171,7,8,11,21,42,102343,11,11,14,,,,,,,,,,,,,,,,,,,22,43,102200,11,11,15
2017-05-14T15:00:00,,,,,,,21,47,102176,9,8,11,,,,,,,20,39,102092,10,9,11,23,55,102096,8,9,11,21,40,102115,9,10,12,20,48,102125,10,10,12,,,102112,12,13,16,20,49,102133,9,9,12,22,46,102079,10,10,13,20,53,,10,10,15,,,,,,,,,,,,,21,54,,10,10,12,23,55,,9,9,12,24,55,,10,11,13,21,52,,10,10,13,20,51,,8,9,11,25,55,,8,9,12,24,55,,11,12,15,,,,,,,21,53,102208,9,9,12,20,44,102114,10,10,13,20,30,102023,10,10,13,22,47,102178,9,9,12,24,47,,9,9,11,21,50,,11,11,14,20,40,102356,10,10,12,21,47,,9,9,11,21,49,102176,9,10,13,,,,,,,20,47,102176,9,9,12,21,48,102011,8,9,11,21,46,102128,9,9,12,,,,,,,20,46,102078,9,10,12,21,47,102058,8,9,12,20,42,102208,8,9,12,26,33,102224,7,7,8,21,46,102235,9,9,12,20,44,102327,9,9,11,25,41,102222,8,8,10,20,45,102083,11,11,15,21,48,102147,9,9,12,,,,,,,23,38,102195,10,10,12,24,39,102170,7,6,7,20,47,102136,11,11,14,,,,,,,20,47,102200,10,11,15,21,54,102167,8,9,11,21,43,102341,11,11,14,,,,,,,,,,,,,,,,,,,21,43,102197,10,10,13
2017-05-14T16:00:00,,,,,,,21,48,102197,9,8,12,,,,,,,20,40,102114,11,10,13,21,55,102120,11,11,15,20,40,102136,9,10,12,20,50,102150,10,10,13,,,102134,11,12,15,20,50,102157,9,10,12,21,47,102085,11,11,14,20,53,,11,11,15,,,,,,,21,53,,9,9,11,20,53,,10,9,12,23,55,,9,10,13,23,55,,12,13,16,20,53,,10,10,13,20,52,,8,9,12,24,55,,8,8,12,21,55,,11,11,14,,,,,,,21,54,102232,10,10,13,21,42,102150,10,10,13,20,30,102042,11,12,15,22,47,102196,9,10,12,23,48,,9,9,11,20,51,,14,14,18,20,41,102380,12,11,14,20,48,,10,10,13,20,51,102199,11,13,16,,,,,,,20,48,102198,9,9,13,20,48,102035,9,9,12,20,47,102150,11,11,15,,,,,,,20,47,102101,10,10,13,20,48,102093,10,10,13,20,43,102234,10,11,15,24,39,102263,8,8,10,20,48,102259,9,10,13,20,45,102351,9,9,12,24,43,102249,9,9,12,20,46,102106,12,12,15,20,50,102171,10,10,13,,,,,,,20,46,102220,11,11,14,22,46,102185,9,8,9,20,48,102160,11,11,13,,,,,,,20,48,102225,10,11,15,21,55,102191,9,9,12,20,44,102367,12,11,15,,,,,,,,,,,,,,,,,,,20,44,102225,11,11,14
2017-05-14T17:00:00,,,,,,,20,54,102231,11,10,14,,,,,,,19,47,102149,13,13,16,22,61,102167,11,11,16,20,47,102173,10,10,13,19,56,102189,11,11,14,,,102167,12,12,15,19,57,102189,10,11,13,19,54,102115,11,12,15,19,60,,13,13,19,,,,,,,20,61,,14,14,17,19,60,,10,11,13,21,61,,12,13,17,20,61,,14,14,18,19,60,,14,14,18,19,59,,9,10,12,22,61,,9,9,13,19,60,,14,14,18,,,,,,,20,60,102269,11,12,15,19,52,102181,15,15,20,19,36,102079,14,16,20,20,57,102252,9,9,12,20,55,,10,10,12,19,58,,13,14,18,19,47,102417,14,14,16,19,56,,13,13,16,19,57,102235,13,15,20,,,,,,,19,55,102236,11,12,15,19,56,102069,10,11,14,19,55,102190,16,17,23,,,,,,,19,54,102133,10,10,13,19,55,102114,12,13,17,19,49,102274,11,12,16,20,54,102308,9,10,13,19,55,102296,11,11,14,19,53,102379,9,10,12,21,55,102304,10,10,13,19,53,102144,13,14,18,19,57,102208,11,11,15,,,,,,,19,55,102260,12,13,16,20,56,102208,10,10,11,19,57,102197,12,12,15,,,,,,,19,55,102261,15,17,23,19,61,102234,8,9,12,19,51,102404,13,13,17,,,,,,,,,,,,,,,,,,,19,51,102258,14,14,19
2017-05-14T18:00:00,,,,,,,17,63,102261,15,14,19,,,,,,,16,55,102182,18,18,22,20,66,102206,13,14,19,17,57,102202,15,16,19,17,66,102218,14,15,20,,,102206,15,16,20,17,66,102222,12,13,17,17,64,102149,16,16,21,17,66,,15,16,23,,,,,,,17,66,,18,19,23,17,66,,15,16,20,18,66,,15,16,21,17,66,,16,17,21,17,66,,24,26,35,17,66,,12,14,18,18,66,,10,11,16,17,66,,20,21,28,,,,,,,18,66,102303,17,19,25,16,64,102209,13,13,17,17,41,102113,16,17,22,17,66,102310,13,14,18,17,64,,24,27,35,17,66,,17,18,23,16,57,102452,21,21,26,17,66,,15,16,20,18,66,102277,20,23,31,,,,,,,17,65,102276,15,16,21,17,66,102109,19,21,28,17,65,102230,27,30,42,,,,,,,17,64,102169,12,13,17,17,66,102152,20,23,31,17,61,102314,42,62,108,17,65,102349,13,14,18,17,66,102333,18,19,26,16,62,102411,11,11,14,17,66,102346,13,14,17,17,64,102182,38,41,58,17,66,102242,14,15,20,,,,,,,16,65,102299,17,18,23,17,66,102239,11,10,11,16,66,102230,15,15,19,,,102556,18,17,22,17,64,102299,15,16,22,16,66,102266,9,10,13,17,61,102437,19,19,25,,,,,,,,,,,,,,,,,,,17,61,102298,19,20,28
2017-05-14T19:00:00,,,,,,,15,70,102307,19,18,25,,,,,,,15,64,102231,23,25,32,17,71,102264,12,13,17,16,67,102253,21,23,31,15,71,102271,21,22,28,,,102257,22,24,31,15,71,102270,16,17,22,16,71,102200,22,24,32,16,71,,22,24,35,,,,,,,16,71,,25,27,35,16,71,,23,25,32,16,71,,21,23,32,16,71,,20,21,27,15,71,,26,29,40,15,71,,17,19,24,16,71,,13,15,20,16,71,,28,30,43,,,,,,,16,71,102354,22,25,33,15,71,102252,15,16,20,16,46,102166,19,22,29,15,71,102368,14,15,19,15,71,,20,22,28,16,71,,21,23,30,15,67,102495,36,40,55,15,71,,19,19,25,16,71,102322,19,21,27,,,,,,,15,71,102325,18,20,26,15,71,102160,30,33,46,16,71,102280,23,26,34,,,,,,,15,71,102214,16,17,22,16,71,102205,37,41,59,15,71,102376,36,52,84,16,71,102392,14,15,20,16,71,102378,23,26,34,15,69,102451,12,13,16,15,71,102394,17,19,24,15,71,102231,27,30,41,16,71,102290,17,19,24,,,,,,,15,71,102352,21,23,30,15,71,102284,16,15,17,15,71,102276,28,30,42,16,71,102590,27,31,44,15,71,102343,19,21,27,15,71,102310,12,13,18,16,69,102486,23,24,33,,,,,,,,,,,,,,,,,,,15,69,102346,24,26,39
2017-05-14T20:00:00,,,,,,,13,82,102332,21,21,28,,,,,,,13,80,102255,25,27,35,16,82,102285,15,17,21,13,82,102283,25,28,39,13,82,102296,21,22,28,,,102290,27,30,41,13,82,102303,22,25,32,13,82,102231,23,24,32,13,82,,26,29,44,13,82,102378,28,32,44,,,,,,,13,82,,23,25,32,14,82,,22,25,33,13,82,,20,22,29,12,82,,34,38,54,13,82,,17,19,25,13,82,,16,17,23,13,82,,31,34,49,,,,,,,14,82,102387,20,22,28,12,82,102282,20,21,26,13,57,102189,22,25,33,13,82,102397,17,19,24,13,82,,21,22,28,14,82,,21,23,30,12,82,102518,31,33,45,13,82,,20,21,27,14,82,102350,21,24,33,,,,,,,13,82,102349,19,21,28,12,82,102191,23,25,34,13,82,102305,21,23,31,,,,,,,13,82,102241,17,19,24,,,,,,,12,82,102411,24,26,35,13,82,102419,14,15,20,13,82,102410,22,24,32,12,82,102480,15,16,21,12,82,102416,20,22,27,13,82,102258,25,28,38,13,82,102314,19,19,25,,,,,,,12,82,102380,28,31,44,13,82,102296,16,16,19,12,82,102305,29,32,45,13,82,102612,28,32,45,13,82,102370,20,22,28,12,82,102330,15,16,22,14,82,102516,26,28,42,,,,,,,,,,,,,,,,,,,13,82,102379,24,27,41
2017-05-14T21:00:00,,,,,,,12,85,102361,24,24,33,,,,,,,12,85,102286,27,29,39,15,85,102320,16,18,23,13,85,102316,26,29,41,12,85,102330,23,25,34,,,102323,34,37,52,12,85,102337,21,23,29,12,85,102264,26,29,41,13,85,,25,28,43,13,85,102397,28,31,44,,,,,,,13,85,,25,28,37,13,85,,26,28,40,13,85,,23,26,35,12,85,,34,37,53,12,85,,16,18,23,12,85,,17,18,25,13,85,,28,31,44,,,,,,,13,85,102424,27,30,42,12,85,102316,21,22,28,13,60,102224,24,27,37,12,85,102429,20,22,28,13,85,,25,28,37,13,85,,23,26,37,11,85,102551,34,37,51,12,85,,21,23,29,13,85,102378,17,20,25,,,,,,,12,85,102383,19,21,28,12,85,102219,21,23,30,13,85,102338,23,25,34,,,,,,,12,85,102270,19,20,26,,,,,,,12,85,102451,26,29,38,12,85,102444,15,17,22,13,85,102446,22,24,32,12,85,102520,25,29,40,12,85,102448,20,21,28,12,85,102287,26,29,40,13,85,102347,20,21,27,,,,,,,12,85,102418,28,31,44,12,85,102353,21,21,24,12,85,102340,29,32,45,13,85,102640,29,33,47,12,85,102406,23,25,34,12,85,102363,16,17,22,13,85,102556,26,28,41,,,,,,,,,,,,,,,,,,,12,85,102413,24,27,39
2017-05-14T22:00:00,,,,,,,12,88,102391,26,28,39,,,,,,,11,88,102315,29,31,44,14,88,102347,18,20,26,12,88,102346,26,29,41,12,88,102366,23,25,34,,,102358,35,38,54,12,88,102367,22,24,31,12,88,102298,25,27,38,12,88,,28,32,50,12,88,102435,25,28,39,,,,,,,12,88,,26,30,40,12,88,,28,31,45,12,88,,23,26,35,11,88,,33,37,52,11,88,,16,18,23,12,88,,17,19,25,12,88,,25,27,36,,,,,,,13,88,102455,29,32,46,11,88,102348,20,21,26,12,63,102250,24,27,37,12,88,102462,20,22,28,12,88,,22,24,31,13,88,,24,27,38,11,88,102583,33,36,51,12,88,,25,28,36,13,88,102412,19,22,29,,,,,,,12,88,102406,20,22,30,11,88,102257,19,21,27,12,88,102369,23,26,34,,,,,,,12,88,102299,22,24,32,,,,,,,11,88,102490,26,29,40,12,88,102479,14,16,21,12,88,102488,25,28,38,12,88,102556,24,26,36,11,88,102480,21,23,29,12,88,102318,29,32,46,12,88,102378,21,23,29,,,,,,,11,88,102458,28,32,46,12,88,102387,22,24,27,11,88,102370,25,28,37,12,88,102670,30,34,49,12,88,102437,27,31,41,11,88,102395,25,27,38,12,88,102591,27,30,46,,,,,,,,,,,,,,,,,,,11,88,102438,23,26,37
2017-05-14T23:00:00,,,,,,,11,90,102406,28,30,43,,,,,,,11,90,102334,31,34,49,14,90,102368,18,20,26,11,90,102362,24,27,37,11,90,102380,25,28,38,,,102374,27,30,42,11,90,102383,23,26,33,11,90,102317,23,26,34,11,90,,29,32,50,11,90,102454,23,26,33,,,,,,,11,90,,31,36,51,11,90,,27,30,43,11,90,,25,28,38,10,90,,31,34,48,11,90,,17,18,24,11,90,,18,19,25,11,90,,22,24,31,,,,,,,12,90,102478,25,27,37,10,90,102364,22,23,30,11,65,102269,23,26,35,11,90,102485,19,21,27,11,90,,23,25,33,12,90,,27,29,43,10,90,102604,32,35,48,11,90,,24,27,36,12,90,102435,24,28,38,,,,,,,11,90,102430,21,23,32,10,90,102269,17,18,23,11,90,102390,23,26,34,,,,,,,11,90,102314,23,26,35,,,,,,,10,90,102512,26,29,39,11,90,102491,18,20,27,11,90,102509,26,28,39,11,90,102575,26,29,41,10,90,102501,21,23,30,11,90,102336,32,35,50,11,90,102398,22,24,32,,,,,,,10,90,102480,30,34,48,11,90,102411,24,25,30,10,90,102390,28,31,42,11,90,102690,31,35,50,11,90,102458,23,25,33,11,90,102422,29,32,46,11,90,102614,29,32,49,,,,,,,,,,,,,,,,,,,10,90,102466,23,26,36
2017-05-15T00:00:00,,,,,,,10,90,102405,32,33,51,,,,,,,10,90,102331,33,36,51,13,90,102371,20,21,28,11,90,102366,23,25,35,10,90,102383,25,27,36,,,102378,26,29,39,10,90,102385,24,27,34,10,90,102317,24,27,36,10,90,,29,33,51,11,90,102461,23,25,32,,,,,,,10,90,,25,28,37,11,90,,28,31,45,10,90,,27,31,44,10,90,,27,29,40,10,90,,17,19,25,10,90,,20,22,29,10,90,,22,23,30,,,,,,,11,90,102481,23,26,34,10,90,102367,21,23,28,11,65,102271,24,27,36,10,90,102490,22,24,31,11,90,,25,28,37,11,90,,28,32,46,9,90,102599,31,33,45,10,90,,25,27,36,11,90,102434,23,27,37,,,,,,,10,90,102436,22,24,35,10,90,102273,17,19,24,11,90,102391,24,27,36,,,,,,,10,90,102314,25,28,38,,,,,,,10,90,102521,29,33,47,11,90,102493,19,22,29,11,90,102511,27,30,42,10,90,102574,27,31,43,10,90,102504,21,23,29,10,90,102338,33,37,54,11,90,102400,22,25,33,,,,,,,10,90,102480,30,34,49,10,90,102405,25,27,33,10,90,102385,27,29,39,11,90,102690,31,35,50,10,90,102452,24,27,36,10,90,102423,19,20,27,11,90,102617,29,32,49,,,,,,,,,,,,,,,,,,,10,90,102471,24,27,38
2017-05-15T01:00:00,,,,,,,9,94,102420,33,35,53,,,,,,,9,94,102352,32,35,51,12,94,102392,20,22,28,10,94,102384,25,28,38,9,94,102402,25,27,36,,,102397,27,30,42,9,94,102402,24,27,35,10,94,102337,26,29,39,10,94,,29,33,51,10,94,102482,23,25,32,,,,,,,10,94,,22,24,30,10,94,,25,27,37,10,94,,26,29,40,9,94,,24,27,35,9,94,,22,25,33,9,94,,21,23,30,9,94,,22,24,31,,,,,,,10,94,102503,24,27,36,9,94,102387,20,21,27,10,69,102290,23,27,35,10,94,102513,21,23,30,10,94,,26,29,40,10,94,,28,31,45,8,94,102614,30,32,42,9,94,,27,30,41,11,94,102452,21,24,32,,,,,,,10,94,102455,23,26,37,9,94,102290,18,20,25,10,94,102409,24,26,34,,,,,,,10,94,102331,24,27,36,,,,,,,9,94,102541,30,33,47,10,94,102514,19,21,29,10,94,102535,26,29,40,9,94,102590,24,27,36,9,94,102523,21,23,30,9,94,102356,28,32,44,10,94,102418,24,27,36,,,,,,,9,94,102501,30,35,50,9,94,102429,26,29,37,9,94,102404,23,24,31,10,94,102709,30,34,49,9,94,102471,23,25,33,9,94,102448,15,15,21,10,94,102641,28,31,49,,,,,,,,,,,,,,,,,,,9,94,102489,25,28,39
2017-05-15T02:00:00,,,,,,,9,94,102432,33,35,53,,,,,,,9,94,102363,33,36,52,13,94,102404,20,22,29,9,94,102396,24,27,38,9,94,102412,26,28,39,,,102408,26,30,41,9,94,102410,23,26,33,9,94,102349,25,27,37,9,94,,29,32,50,9,94,102497,22,24,31,,,,,,,9,94,,22,24,30,9,94,,24,26,34,9,94,,28,31,44,8,94,,22,24,31,9,94,,20,23,29,9,94,,21,23,32,9,94,,24,26,35,,,,,,,10,94,102512,30,34,49,9,94,102397,24,27,34,9,69,102300,23,27,34,9,94,102529,21,23,29,9,94,,23,25,33,10,94,,28,31,45,8,94,102624,30,33,43,9,94,,27,30,42,10,94,102464,20,23,30,,,,,,,9,94,102466,24,27,39,8,94,102300,18,20,25,9,94,102421,24,27,36,,,,,,,9,94,102339,24,26,36,9,94,102344,25,29,39,8,94,102558,27,31,42,9,94,102525,18,20,26,9,94,102547,26,29,40,9,94,102600,23,26,35,8,94,102534,20,22,28,9,94,102369,28,31,43,9,94,102428,27,30,42,,,,,,,8,94,102513,30,34,48,9,94,102438,28,30,39,8,94,102414,23,24,31,9,94,102717,28,31,45,9,94,102482,19,21,28,8,94,102455,13,14,18,9,94,102660,29,32,50,,,,,,,,,,,,,,,,,,,8,94,102508,26,29,42
2017-05-15T03:00:00,,,,,,,8,97,102446,33,34,52,,,,,,,8,97,102377,34,37,54,12,97,102423,20,21,28,9,97,102411,27,30,42,9,97,102431,28,31,44,,,102421,27,30,42,8,97,102427,25,28,36,9,97,102365,25,28,39,9,97,,30,33,52,9,97,102514,22,24,30,,,,,,,9,97,,21,23,30,9,97,,26,29,40,9,97,,29,33,46,8,97,,23,25,32,9,97,,19,21,27,9,97,,22,23,31,9,97,,25,27,36,,,,,,,9,97,102530,28,32,46,8,97,102413,27,30,40,9,72,102318,24,27,36,9,97,102544,22,24,31,9,97,,23,26,33,9,97,,29,33,47,7,97,102642,28,31,39,8,97,,25,28,37,10,97,102483,21,24,32,,,,,,,9,97,102482,25,28,40,8,97,102312,19,20,26,9,97,102440,26,30,41,,,,,,,9,97,102354,23,25,33,9,97,102358,26,29,41,8,97,102573,27,30,41,9,97,102539,20,22,29,9,97,102561,28,31,44,8,97,102622,26,28,39,8,97,102552,20,22,29,8,97,102384,26,29,38,9,97,102444,26,29,41,,,,,,,8,97,102530,28,32,45,8,97,102453,28,31,40,8,97,102430,23,25,32,9,97,102735,28,31,44,9,97,102495,21,23,30,8,97,102468,15,16,21,9,97,102680,30,33,52,,,,,,,,,,,,,,,,,,,8,97,102522,25,29,42
2017-05-15T04:00:00,,,,,,,10,92,102487,34,37,57,,,,,,,10,92,102416,34,37,54,13,92,102452,25,28,39,11,92,102455,26,30,42,11,92,102476,28,31,44,,,102461,29,32,45,12,92,102483,24,27,36,11,92,102407,27,31,43,11,92,,30,34,54,11,92,102545,23,26,33,11,92,,31,35,49,11,92,,23,25,32,11,92,,27,30,44,11,92,,28,31,44,10,92,,29,32,45,13,92,,20,22,30,10,92,,26,29,42,10,92,,29,32,44,,,,,,,11,92,102572,27,30,41,10,92,102455,28,31,44,13,67,102367,28,32,46,11,92,102574,25,28,38,11,92,,25,28,38,11,92,,31,34,50,9,92,102684,28,30,38,11,92,,40,44,61,11,92,102526,24,29,39,,,,,,,12,92,102508,25,28,42,11,92,102352,20,21,27,11,92,102479,29,33,46,,,,,,,11,92,102396,26,29,40,11,92,102408,24,27,36,10,92,102600,27,30,42,11,92,102577,21,23,30,11,92,102599,29,33,47,11,92,102669,26,30,42,10,92,102585,23,26,34,10,92,102426,27,30,42,11,92,102484,26,29,41,,,,,,,10,92,102569,28,32,45,10,92,102494,26,28,35,10,92,102475,26,29,39,11,92,102778,30,34,49,13,92,102541,24,27,36,10,92,102502,21,22,30,11,92,102720,31,35,54,,,,,,,,,,,,,,,,,,,10,92,102555,28,31,48
2017-05-15T05:00:00,,,,,,,13,82,102522,34,36,56,,,,,,,13,82,102448,33,36,52,16,82,102483,27,30,43,14,82,102487,25,28,39,15,82,102510,29,33,47,,,102493,28,31,44,15,82,102526,23,26,36,14,82,102440,27,30,43,15,82,,31,34,55,14,82,102569,27,30,42,,,,,,,14,82,,26,30,40,14,82,,30,34,50,14,82,,29,33,47,13,82,,31,35,50,18,82,,20,22,30,13,82,,27,30,45,14,82,,29,32,46,,,,,,,15,82,102596,28,31,45,13,82,102489,26,29,40,18,57,102419,29,32,46,14,82,102595,29,34,49,14,82,,27,31,43,14,82,,30,33,49,13,82,102714,24,25,31,14,82,,41,45,62,14,82,102559,27,32,45,,,,,,,16,82,102534,25,28,41,14,82,102382,23,26,35,17,82,102530,33,36,52,,,,,,,14,82,102434,25,28,40,14,82,102440,23,26,35,14,82,102614,29,33,47,14,82,102613,27,31,43,14,82,102624,28,31,45,16,82,102715,21,24,34,13,82,102614,27,30,42,14,82,102462,29,33,46,14,82,102527,34,38,57,,,,,,,13,82,102597,29,33,47,13,82,102529,25,27,33,14,82,102509,22,24,31,14,82,102814,30,34,48,15,82,102587,20,21,28,13,82,102535,22,24,33,14,82,102739,32,35,55,,,,,,,,,,,,,,,,,,,14,82,102585,28,31,47
2017-05-15T06:00:00,,,,,,,16,77,102552,30,32,49,,,,,,,15,74,102478,33,37,53,18,78,102505,22,26,36,17,74,102522,22,24,33,20,78,102559,21,24,33,,,102526,21,23,31,18,78,102562,22,24,33,17,78,102467,26,28,40,17,78,,27,30,48,17,78,102583,31,34,48,20,78,,22,23,32,17,78,,29,32,45,17,78,,28,31,46,17,78,,25,28,40,17,78,,28,31,45,20,78,,19,21,29,16,78,,22,25,36,17,78,,26,28,39,,,,,,,20,78,102621,23,26,36,16,78,102526,24,26,35,21,53,102453,22,24,35,17,78,102609,28,32,47,17,78,,30,34,46,17,78,,30,33,48,16,74,102742,20,20,24,18,78,,34,37,53,19,78,102597,23,27,38,,,,,,,20,78,102559,24,27,40,17,78,102415,23,26,35,20,73,102568,24,27,38,,,,,,,18,78,102478,22,25,34,19,78,102485,20,22,30,16,78,102637,26,29,42,17,78,102633,30,34,50,17,78,102640,24,27,37,20,76,102764,17,18,24,16,78,102633,29,34,48,18,78,102498,28,31,44,16,78,102555,29,33,49,,,,,,,16,78,102619,24,27,38,17,78,102584,23,25,30,17,78,102544,19,20,26,17,78,102842,28,32,45,17,78,102614,16,18,23,16,78,102562,18,19,25,16,76,102760,30,33,51,,,,,,,,,,,,,,,,,,,17,77,102613,24,27,40
2017-05-15T07:00:00,,,,,,,16,77,102601,24,24,34,,,,,,,16,71,102526,24,25,33,17,77,102543,18,21,27,17,72,102574,17,19,24,20,77,102607,18,19,25,,,102580,20,22,30,17,77,102602,16,18,23,17,77,102519,19,20,27,18,77,,24,26,40,18,77,102615,23,25,33,,,,,,,17,77,,20,22,28,17,77,,21,23,32,17,77,,20,22,28,17,77,,25,27,39,19,77,,16,17,22,17,77,,15,16,22,17,77,,20,21,27,,,,,,,20,77,102688,17,19,25,16,77,102577,18,19,24,22,52,102496,17,19,26,17,77,102645,21,24,31,17,76,,21,22,29,18,77,,22,24,34,17,72,102798,21,21,26,18,77,,17,18,23,20,77,102652,19,22,29,,,,,,,20,77,102609,18,20,29,17,77,102463,19,21,27,20,73,102604,20,22,30,,,,,,,18,77,102531,16,18,23,20,77,102545,15,16,22,17,75,102664,22,25,34,17,77,102680,20,23,30,18,77,102690,16,17,21,18,77,102816,19,21,29,17,77,102673,24,27,38,18,77,102544,23,25,34,17,77,102597,23,25,34,18,72,102567,19,19,22,17,77,102662,18,20,27,17,77,102628,22,23,26,17,77,102598,18,19,24,17,76,102885,21,22,30,17,77,102668,18,19,25,17,77,102608,15,17,22,17,74,102794,22,24,33,,,,,,,,,,,,,,,,,,,17,75,102665,19,20,27
2017-05-15T08:00:00,,,,,,,18,66,102637,18,17,23,,,,,,,19,60,102569,16,16,21,19,70,102570,18,21,27,19,62,102600,17,19,24,21,70,102635,13,13,17,,,102605,19,21,27,19,70,102626,16,17,22,19,69,102544,17,18,23,19,70,,18,19,27,20,70,102646,17,17,21,20,70,,19,20,25,19,70,,14,15,19,19,70,,19,20,26,19,70,,16,17,21,19,70,,19,21,27,20,70,,14,15,19,19,70,,15,17,23,19,70,,19,19,25,,,,,,,21,70,102700,16,16,21,18,66,102603,17,18,23,22,45,102524,17,19,26,19,70,102681,17,19,25,19,66,,17,18,22,19,70,,18,19,25,19,62,102833,20,20,24,21,66,,16,17,21,20,70,102670,15,17,22,,,,,,,20,69,102651,14,14,19,19,70,102495,13,14,18,20,66,102630,19,20,26,,,,,,,20,70,102564,18,19,24,22,70,102569,13,14,18,19,63,102694,17,18,23,19,67,102715,14,15,20,20,70,102716,16,17,22,20,67,102837,19,20,26,19,68,102709,18,19,24,19,66,102574,17,18,23,19,70,102630,19,20,26,21,58,102563,22,23,29,20,70,102689,18,20,27,19,70,102645,20,21,24,19,70,102624,18,19,24,,,102914,15,14,18,19,70,102692,18,19,25,18,70,102642,14,15,20,19,63,102831,18,18,24,,,,,,,,,,,,,,,,,,,19,66,102685,20,21,28
2017-05-15T09:00:00,,,,,,,20,59,102633,19,19,26,,,,,,,21,52,102579,19,19,23,20,65,102559,19,21,27,21,54,102589,16,18,23,22,64,102617,14,15,18,,,102596,17,17,22,20,62,102615,14,15,19,21,61,102536,17,18,23,21,65,,19,19,28,23,65,102611,17,18,21,,,,,,,22,65,,16,17,21,21,65,,18,19,25,21,65,,19,20,26,21,65,,20,22,29,22,65,,13,14,18,21,65,,14,15,21,21,65,,19,19,24,,,,,,,24,65,102691,16,17,21,20,57,102593,14,15,19,25,40,102522,15,17,22,20,61,102665,17,18,23,21,59,,18,20,25,21,65,,19,21,28,20,53,102825,16,16,20,24,54,,16,17,21,21,65,102665,20,22,29,,,,,,,22,60,102637,14,15,20,21,62,102482,16,17,22,22,58,102618,18,18,24,,,,,,,21,60,102559,15,15,19,25,57,102572,12,13,16,21,55,102678,18,20,26,21,59,102706,12,13,16,23,62,102698,16,17,21,22,56,102826,12,13,15,20,60,102704,18,19,24,20,58,102562,19,20,26,20,63,102622,16,17,23,23,43,102561,13,12,14,23,56,102675,17,18,25,21,60,102636,14,13,15,20,60,102618,15,15,19,,,102904,16,15,20,20,62,102680,13,14,18,20,64,102631,14,15,20,21,57,102808,21,21,29,,,,,,,,,,,,,,,,,,,21,56,102676,17,17,22
2017-05-15T10:00:00,,,,,,,21,49,102622,17,17,22,,,,,,,21,41,102567,17,17,21,21,56,102552,19,21,27,21,44,102580,15,16,20,21,53,102597,14,15,19,,,102585,15,15,19,21,51,102606,12,13,16,22,50,102531,14,15,19,21,56,,18,18,26,24,56,102590,15,15,18,22,56,,17,17,21,22,56,,14,15,18,21,56,,15,16,20,22,56,,16,17,21,21,56,,18,20,25,22,56,,12,13,16,22,56,,11,12,16,21,56,,15,15,19,,,,,,,24,56,102675,13,14,18,21,45,102587,13,13,17,23,31,102505,16,17,21,21,51,102649,15,17,22,21,48,,15,16,20,22,56,,18,19,26,21,43,102818,17,17,21,25,38,,14,15,18,22,55,102648,15,17,22,,,,,,,22,50,102622,17,18,23,21,51,102475,15,16,20,22,48,102602,18,19,24,,,,,,,21,51,102550,13,14,18,25,47,102561,10,11,14,21,44,102667,17,18,24,23,48,102685,12,13,16,23,49,102690,12,13,16,22,47,102817,13,14,17,21,49,102690,15,15,19,21,48,102547,18,19,24,21,53,102610,15,16,20,23,33,102554,13,13,14,23,43,102663,14,15,19,22,50,102634,17,17,19,21,50,102609,17,18,22,,,102893,15,13,17,21,51,102672,14,15,19,21,55,102621,13,15,19,21,46,102794,19,18,24,,,,,,,,,,,,,,,,,,,22,46,102665,15,15,19
2017-05-15T11:00:00,,,,,,,20,46,102627,16,13,21,,,,,,,20,40,102510,16,14,20,20,56,102550,17,17,25,20,41,102528,15,14,20,19,45,102591,15,12,19,,,102587,17,15,22,20,46,102606,14,13,19,21,47,102533,16,14,21,20,51,,16,15,24,21,53,102619,17,15,21,,,,,,,20,50,,15,13,19,21,52,,14,13,20,21,52,,17,15,23,19,48,,17,16,23,20,50,,13,12,17,20,50,,13,12,18,20,51,,17,15,23,,,,,,,21,53,102622,17,15,23,20,42,102588,15,13,19,21,-2415,102440,15,14,21,20,45,102596,14,13,19,20,43,,14,13,19,20,49,,17,16,24,20,41,102820,17,15,21,22,42,,15,13,18,20,48,102593,17,16,24,,,,,,,20,46,102564,15,13,20,20,46,102476,15,14,20,20,44,102599,17,15,22,,,,,,,20,47,102475,15,14,20,22,45,102548,12,11,17,20,41,102668,16,14,21,21,45,102691,13,12,17,21,46,102694,13,12,18,20,42,102810,12,11,15,20,45,102625,15,13,19,20,44,102550,18,16,24,20,47,102608,16,14,21,21,34,102558,13,11,15,21,43,102603,15,14,21,21,43,102630,13,10,13,20,44,102605,14,13,18,,,102842,13,10,16,20,46,102612,12,11,16,19,49,102625,14,13,20,20,42,102791,19,16,25,,,,,,,,,,,,,,,,,,,19,42,102602,17,15,22
2017-05-15T12:00:00,,,,,,,20,46,102622,18,14,24,,,,,,,20,40,102550,16,13,21,20,53,102541,14,12,19,20,40,102573,17,14,23,20,46,102586,14,11,18,,,102574,17,15,23,20,45,102598,14,12,19,20,45,102524,17,14,22,20,49,,16,13,24,20,49,102618,16,14,21,21,49,,13,10,15,20,48,,15,12,20,20,49,,14,12,20,20,49,,17,14,23,19,47,,17,14,22,20,48,,16,14,24,20,48,,12,10,18,20,49,,18,15,24,,,,,,,21,50,102669,17,14,23,19,42,102577,16,13,21,21,-2916,102486,15,12,19,19,45,102644,14,12,19,20,43,,14,12,18,20,47,,18,14,23,19,40,102816,19,15,24,21,43,,14,12,18,20,47,102641,18,16,27,19,46,102648,14,13,21,20,45,102615,14,12,20,20,45,102463,16,13,21,20,43,102592,16,13,21,,,,,,,19,45,102537,15,13,21,21,44,102531,13,11,18,19,41,102663,16,13,22,20,43,102683,12,10,17,20,46,102692,15,12,19,20,43,102795,14,12,18,20,44,102676,14,11,18,19,43,102545,18,15,24,19,46,102603,14,12,20,20,38,102552,15,11,17,20,44,102656,16,13,21,21,43,102620,15,11,16,19,44,102599,16,13,21,,,102886,13,9,16,19,45,102666,12,10,17,19,46,102620,11,9,16,20,42,102783,18,14,23,,,,,,,,,,,,,,,,,,,20,43,102652,18,15,25
2017-05-15T13:00:00,,,,,,,19,55,102616,23,19,33,,,,,,,19,49,102541,23,20,35,19,59,102528,14,12,19,19,49,102573,21,19,32,19,56,102580,20,18,29,,,102578,24,21,36,18,56,102598,21,19,32,19,55,102524,22,19,33,19,58,,19,17,30,19,58,102614,24,21,36,,,,,,,19,57,,21,19,32,19,57,,19,16,27,19,58,,22,19,34,18,55,,19,16,26,19,58,,23,21,37,19,58,,22,20,35,19,58,,24,21,38,,,,,,,20,59,102664,20,18,30,18,54,102580,23,20,34,20,-2950,102470,16,14,23,19,53,102629,19,17,28,19,52,,19,17,27,19,57,,23,20,35,18,49,102809,23,19,30,20,53,,16,14,22,19,56,102639,21,19,33,18,56,102642,21,19,33,19,55,102608,19,16,29,18,56,102471,23,21,36,19,52,102579,19,16,27,,,,,,,19,55,102536,21,18,31,20,55,102527,19,17,29,18,50,102658,21,19,32,19,52,102673,16,14,23,19,55,102681,20,17,29,19,54,102797,17,15,23,19,53,102665,17,15,25,19,53,102542,23,20,35,19,55,102593,18,16,26,19,51,102548,19,16,23,19,54,102648,19,17,29,19,54,102621,18,14,20,18,54,102594,20,16,26,19,52,102874,17,14,23,18,54,102664,16,14,23,18,55,102612,17,15,25,19,51,102773,23,19,34,,,,,,,,,,,,,,,,,,,18,52,102653,25,22,40
2017-05-15T14:00:00,,,,,,,18,57,102613,23,19,34,,,,,,,18,52,102544,23,19,33,18,61,102531,18,15,26,18,50,102568,16,14,22,18,58,102578,17,15,23,,,102572,17,15,25,18,57,102593,16,14,23,18,56,102519,18,16,26,18,59,,22,19,36,18,58,102622,20,17,28,,,,,,,18,57,,18,16,27,18,59,,22,19,35,18,58,,21,18,32,18,58,,23,20,35,18,58,,14,12,21,19,59,,19,17,31,18,58,,19,16,27,,,,,,,19,59,102666,18,16,27,18,54,102576,15,12,20,19,-2614,102469,18,15,26,18,56,102642,19,16,26,18,54,,18,16,26,19,58,,22,20,35,18,51,102815,24,20,31,19,57,,18,15,24,18,56,102632,19,18,31,18,58,102638,21,19,34,18,56,102613,17,15,25,18,55,102460,17,15,25,18,56,102582,20,17,29,,,,,,,18,57,102534,18,16,26,19,56,102525,16,14,25,18,53,102666,20,18,30,18,56,102676,16,14,23,18,57,102686,19,16,28,18,54,102792,13,11,18,18,55,102671,16,13,21,18,55,102538,21,18,31,18,57,102595,20,17,29,18,53,102558,15,11,17,18,56,102656,20,17,30,18,55,102621,14,11,15,17,56,102598,17,14,22,18,55,102879,19,16,28,18,56,102667,15,13,21,18,58,102618,18,16,27,18,53,102781,23,19,35,,,,,,,,,,,,,,,,,,,18,53,102653,17,14,25
2017-05-15T15:00:00,,,,,,,18,55,102604,20,15,26,,,,,,,18,50,102538,16,12,19,19,65,102540,17,14,23,18,50,102558,15,13,20,18,57,102571,19,16,26,,,102562,17,14,22,18,57,102582,13,11,18,18,55,102507,15,12,20,18,58,,17,14,25,18,58,102618,20,17,28,,,,,,,18,57,,17,15,23,18,58,,14,12,19,18,57,,17,14,22,17,56,,16,13,21,18,58,,16,14,24,18,57,,14,12,21,18,58,,19,16,26,,,,,,,18,58,102662,14,12,19,18,54,102566,13,11,17,19,-2475,102466,17,15,24,18,54,102645,15,13,21,18,53,,16,13,21,18,57,,18,15,25,17,51,102807,19,15,24,19,57,,18,14,23,18,56,102632,26,24,41,,,,,,,18,55,102608,18,15,27,18,56,102454,20,18,29,18,54,102576,16,14,22,,,,,,,18,56,102527,13,11,17,19,55,102515,12,10,17,18,51,102665,19,16,27,18,55,102674,15,13,21,18,55,102691,13,11,18,18,55,102782,14,12,18,18,56,102665,16,13,21,18,54,102534,20,17,28,18,56,102588,18,16,26,18,54,102547,15,11,16,17,55,102656,16,13,21,18,56,102609,16,13,18,17,55,102591,16,13,21,,,102871,13,9,15,18,55,102658,18,16,26,17,56,102617,12,10,17,18,52,102784,19,15,25,,,,,,,,,,,,,,,,,,,18,53,102645,19,16,28
2017-05-15T16:00:00,,,,,,,18,59,102630,22,17,29,,,,,,,18,53,102562,19,15,24,18,63,102569,17,14,23,18,52,102588,18,16,25,18,59,102610,21,19,32,,,102592,21,18,30,17,61,102609,14,12,19,17,58,102537,19,16,28,18,60,,19,16,28,18,60,102645,22,19,32,,,,,,,17,59,,19,16,26,18,61,,18,15,25,17,60,,19,17,27,17,58,,19,16,27,18,61,,20,18,30,18,60,,16,14,24,18,60,,21,18,31,,,,,,,18,60,102686,16,13,22,17,56,102593,17,15,23,18,-2312,102493,24,22,37,17,57,102662,19,17,28,18,55,,19,16,25,18,60,,21,18,30,17,55,102837,22,18,29,18,61,,19,16,26,18,59,102659,21,19,32,,,,,,,18,59,102631,21,19,34,17,58,102485,21,19,31,18,58,102603,20,18,29,,,,,,,17,59,102552,15,13,21,18,58,102542,15,13,21,17,53,102693,23,20,35,18,59,102696,16,14,22,18,59,102718,17,15,24,17,58,102814,20,17,29,17,60,102691,18,16,25,17,56,102559,23,20,35,18,60,102616,19,16,27,18,59,102574,20,16,25,17,58,102685,19,16,27,18,59,102638,22,18,27,17,59,102620,22,18,31,17,56,102897,19,16,26,17,59,102685,26,25,40,17,59,102641,15,13,21,18,55,102810,21,17,30,,,,,,,,,,,,,,,,,,,17,55,102677,20,17,29
2017-05-15T17:00:00,,,,,,,16,79,102678,28,24,43,,,,,,,16,75,102607,26,22,39,16,80,102615,18,15,25,16,74,102643,22,19,33,16,81,102656,24,21,36,,,102644,25,23,40,15,84,102659,23,20,34,16,80,102587,24,21,37,16,80,,25,22,43,16,80,102700,24,21,37,,,,,,,16,79,,23,21,34,16,81,,25,22,39,16,80,,24,22,38,15,79,,25,23,39,16,81,,20,18,30,16,80,,23,20,37,16,80,,26,23,41,,,,,,,16,81,102737,21,19,31,15,81,102646,25,23,39,16,-2502,102542,24,22,38,16,78,102706,21,19,31,16,77,,21,19,32,16,80,,26,23,41,15,79,102880,36,33,53,16,82,,21,18,31,16,79,102708,25,24,41,,,,,,,16,79,102695,17,15,27,16,80,102539,25,22,39,16,78,102652,21,18,30,,,,,,,15,81,102594,21,19,33,16,83,102592,22,19,33,15,76,102750,23,21,36,16,79,102748,17,15,24,16,80,102758,23,20,35,15,79,102862,22,20,35,16,79,102738,18,16,26,16,77,102609,24,21,38,16,79,102664,20,17,28,16,81,102623,23,20,32,15,80,102734,24,22,39,16,80,102686,24,21,32,15,80,102662,28,25,45,15,78,102943,22,19,33,16,80,102733,29,27,47,15,79,102686,24,21,38,16,75,102858,26,23,43,,,,,,,,,,,,,,,,,,,15,76,102732,25,22,42
2017-05-15T18:00:00,,,,,,,14,88,102697,26,22,39,,,,,,,14,86,102624,25,21,37,15,90,102643,18,16,26,15,84,102655,21,18,30,14,90,102672,21,18,29,,,102658,25,22,38,14,90,102669,17,15,25,14,90,102602,22,19,33,14,88,,22,20,37,15,88,102720,23,21,35,,,,,,,14,87,,21,19,31,14,89,,21,19,31,14,88,,24,21,36,14,87,,24,21,37,15,89,,19,17,28,14,89,,20,17,30,14,88,,24,21,37,,,,,,,15,90,102759,21,18,31,14,90,102658,19,16,26,15,-2618,102557,22,20,33,14,87,102733,20,18,29,14,88,,20,17,28,15,88,,25,22,40,14,90,102903,29,26,41,15,90,,22,19,32,15,87,102724,30,29,47,,,,,,,14,88,102711,15,13,24,14,89,102554,21,19,31,15,88,102672,22,19,33,,,,,,,14,89,102605,17,15,24,15,90,102605,21,18,31,14,89,102776,23,20,35,14,87,102769,17,14,24,15,89,102786,21,18,30,14,88,102876,18,16,27,14,86,102761,19,17,27,14,86,102623,23,20,35,15,88,102681,20,18,30,14,90,102655,19,15,23,14,90,102759,22,19,34,14,89,102710,21,17,24,14,88,102687,23,20,34,14,86,102965,21,18,31,14,88,102756,29,28,45,14,88,102712,20,18,31,14,84,102887,25,21,39,,,,,,,,,,,,,,,,,,,14,84,102747,25,22,42
2017-05-15T19:00:00,,,,,,,14,91,102755,28,25,45,,,,,,,14,90,102677,26,23,38,15,92,102692,22,19,33,14,87,102714,22,19,33,14,92,102740,22,20,34,,,102717,25,23,40,13,92,102728,25,24,40,14,92,102660,22,20,34,14,90,,22,20,38,14,90,102791,25,22,39,,,,,,,14,91,,23,20,33,14,92,,24,22,38,14,91,,24,22,38,14,90,,24,21,37,14,91,,20,17,29,14,91,,23,20,36,14,91,,28,26,45,,,,,,,14,92,102823,19,17,28,13,92,102716,22,20,33,14,-2464,102619,22,20,34,14,90,102795,20,17,28,14,92,,20,17,28,14,90,,26,24,42,13,92,102953,34,32,53,14,92,,24,21,37,15,90,102784,28,27,44,,,,,,,,,,,,,14,92,102620,23,21,35,14,91,102731,22,20,33,,,,,,,13,92,102661,24,23,39,,,,,,,13,92,102840,22,19,33,14,90,102819,19,17,28,14,92,102849,24,22,37,14,91,102933,28,26,46,14,90,102822,20,18,30,14,90,102685,24,21,37,14,91,102740,21,19,32,14,92,102707,33,29,45,13,92,102818,26,24,43,14,92,102762,27,25,39,13,91,102738,29,27,47,14,90,103023,20,17,30,14,91,102807,30,29,49,14,91,102761,25,23,40,14,86,102946,25,22,39,,,,,,,,,,,,,,,,,,,13,87,102810,26,24,46
2017-05-15T20:00:00,,,,,,,12,97,102798,38,36,67,,,,,,,13,97,102722,34,33,56,15,97,102739,24,22,38,13,94,102760,29,29,49,13,97,102770,29,27,47,,,102763,32,31,54,12,97,102780,33,32,53,12,97,102709,31,29,51,13,97,,30,28,55,13,97,102828,31,30,51,,,,,,,12,97,,29,28,49,13,97,,28,26,47,12,97,,30,29,51,12,97,,29,28,48,13,97,,25,22,39,13,97,,31,29,53,12,97,,35,33,57,,,,,,,13,97,102864,29,28,48,12,97,102766,29,27,48,13,-2689,102660,28,26,46,13,97,102836,29,28,49,12,97,,29,28,48,13,97,,34,33,58,12,97,103000,32,30,51,13,97,,26,24,42,13,97,102833,32,32,55,,,,,,,,,,,,,12,97,102663,23,20,35,13,97,102779,30,28,49,,,,,,,12,97,102706,30,29,50,,,,,,,12,97,102888,28,27,47,13,97,102871,21,19,33,13,97,102889,30,29,50,12,96,102980,27,26,45,12,97,102864,23,21,36,12,97,102728,30,28,49,13,97,102784,24,22,40,13,97,102753,30,27,45,12,97,102871,29,28,49,12,97,102810,27,25,40,12,97,102789,31,30,51,12,97,103071,27,25,45,12,97,102854,28,26,47,12,97,102815,26,24,43,13,93,102995,31,29,55,,,,,,,,,,,,,,,,,,,12,94,102849,34,34,65
2017-05-15T21:00:00,,,,,,,12,94,102811,35,33,61,,,,,,,12,94,102742,32,30,53,14,94,102761,26,24,43,13,90,102777,26,24,43,12,94,102794,29,27,47,,,102785,31,30,52,12,94,102797,28,26,45,12,94,102727,29,27,47,12,93,,28,26,51,13,94,102841,31,30,52,13,94,,27,25,44,12,94,,28,26,46,12,94,,29,27,47,12,94,,28,27,47,12,93,,28,26,46,13,94,,25,23,39,12,94,,29,27,49,12,94,,31,29,51,,,,,,,13,94,102888,28,26,46,12,94,102788,25,23,40,13,-2692,102683,30,29,51,13,94,102859,29,28,49,12,94,,28,26,46,13,94,,30,28,51,11,94,103018,33,31,52,13,94,,29,28,48,13,94,102852,31,31,52,,,,,,,,,,,,,12,94,102683,26,24,42,13,94,102801,30,28,48,,,,,,,12,94,102723,27,25,45,,,,,,,12,94,102912,31,31,53,13,94,102893,27,24,44,13,94,102916,28,26,46,12,92,103000,26,25,44,12,94,102886,26,24,42,12,94,102747,31,30,52,13,94,102804,29,27,48,12,94,102777,28,26,43,12,94,102892,29,28,50,12,94,102829,27,24,39,12,94,102807,30,28,49,12,94,103089,26,24,43,12,94,102872,30,28,50,12,94,102833,26,24,42,12,89,103020,29,27,52,,,,,,,,,,,,,,,,,,,12,90,102875,29,29,55
2017-05-15T22:00:00,,,,,,,11,97,102835,35,33,61,,,,,,,11,97,102764,32,31,54,13,97,102788,25,23,41,11,94,102803,24,22,39,11,97,102817,26,23,42,,,102809,27,26,46,11,97,102820,26,25,44,11,97,102750,28,26,46,11,97,,28,26,51,11,97,102888,28,26,45,,,,,,,11,97,,26,24,42,11,97,,30,28,50,11,97,,28,27,47,11,97,,29,28,48,11,97,,26,24,41,11,97,,29,28,51,11,97,,29,26,47,,,,,,,12,97,102917,27,25,43,11,97,102811,25,23,40,12,-2837,102704,27,26,45,11,97,102898,28,26,46,11,97,,27,25,45,12,97,,29,28,50,10,97,103042,35,34,56,11,97,,29,28,49,12,97,102872,27,26,46,,,,,,,,,,,,,11,97,102707,27,25,44,12,97,102826,29,27,47,,,,,,,11,97,102745,26,24,43,,,,,,,11,97,102943,30,28,50,11,97,102923,26,24,43,11,97,102945,29,27,48,11,96,103020,26,24,43,11,97,102914,26,24,42,11,97,102770,28,27,47,11,97,102829,26,24,43,11,97,102802,29,27,45,10,97,102920,30,30,52,11,97,102854,27,25,40,11,97,102834,31,30,52,11,97,103114,26,24,43,11,97,102898,31,30,53,11,97,102858,28,26,47,11,94,103050,29,28,53,,,,,,,,,,,,,,,,,,,10,94,102908,27,27,51
2017-05-15T23:00:00,,,,,,,11,94,102839,35,33,62,,,,,,,11,94,102767,32,31,54,13,94,102799,26,24,42,11,91,102809,24,22,40,11,94,102819,25,23,40,,,102816,26,24,43,11,94,102829,27,26,45,11,94,102760,28,27,47,11,94,,28,26,50,11,94,102903,28,26,45,,,,,,,11,94,,25,23,39,11,94,,30,29,51,11,94,,28,27,47,11,94,,29,27,48,11,94,,25,23,41,11,94,,29,28,51,11,94,,30,27,48,,,,,,,11,94,102925,26,24,43,11,94,102815,25,23,40,11,-2617,102709,27,25,43,11,94,102908,28,26,46,11,94,,27,25,44,11,94,,29,28,50,10,94,103050,37,36,61,11,94,,29,27,48,12,94,102879,26,25,44,,,,,,,,,,,,,11,94,102715,27,25,44,11,94,102832,29,27,47,,,,,,,10,94,102750,28,26,46,11,94,102754,26,24,42,11,94,102952,29,28,49,11,94,102932,23,21,37,11,94,102953,29,27,48,11,94,103028,26,25,45,11,94,102925,25,23,40,11,94,102779,26,24,42,11,94,102836,26,24,43,11,94,102813,28,26,44,10,94,102930,30,30,52,11,94,102860,26,24,38,11,94,102844,33,33,56,11,94,103118,25,24,42,11,94,102909,31,31,54,11,94,102865,30,29,51,11,90,103059,29,28,53,,,,,,,,,,,,,,,,,,,10,91,102912,28,28,53
2017-05-16T00:00:00,,,,,,,11,94,102831,37,36,66,,,,,,,11,94,102759,34,33,57,14,94,102795,24,22,39,11,90,102798,25,23,41,11,94,102812,26,24,43,,,102806,26,25,44,11,94,102818,29,28,49,11,94,102749,30,29,50,11,94,,31,30,58,11,94,102890,29,28,48,,,,,,,11,94,,27,25,44,11,94,,33,32,57,11,94,,29,28,49,11,94,,31,30,53,11,94,,26,24,43,11,94,,30,29,53,11,94,,30,29,50,,,,,,,11,94,102915,28,26,47,11,94,102809,27,26,45,11,-2526,102701,26,25,44,11,94,102901,27,26,46,11,94,,27,26,45,11,94,,30,29,52,10,94,103041,38,37,62,11,94,,28,26,46,12,94,102868,26,25,45,,,,,,,,,,,,,11,94,102706,26,24,42,11,94,102824,29,27,47,,,,,,,10,94,102741,30,29,50,11,94,102747,26,24,43,10,94,102947,30,29,51,11,94,102925,22,21,36,11,94,102943,31,30,52,11,92,103022,29,28,50,11,94,102919,24,22,38,11,94,102769,27,25,45,11,94,102828,25,24,43,11,94,102808,29,27,44,10,94,102922,33,33,57,11,94,102854,31,30,48,10,94,102835,34,33,57,11,94,103110,28,27,48,11,94,102901,33,33,58,11,94,102857,30,29,52,11,90,103048,30,30,56,,,,,,,,,,,,,,,,,,,10,90,102900,29,29,55
2017-05-16T01:00:00,,,,,,,10,94,102828,42,41,77,,,,,,,10,94,102757,39,38,67,12,94,102798,24,22,40,10,91,102798,27,27,47,10,94,102813,30,28,50,,,102809,29,28,49,10,94,102822,32,32,55,10,94,102753,32,32,56,10,94,,33,32,63,10,94,102882,30,30,52,,,,,,,10,94,,29,28,49,10,94,,34,34,59,10,94,,31,31,55,10,94,,33,32,57,10,94,,29,29,50,10,94,,34,34,61,10,94,,33,32,56,,,,,,,10,94,102915,30,30,53,10,94,102808,29,27,47,10,-2604,102701,29,28,50,10,94,102893,31,30,52,10,94,,30,31,52,11,94,,34,33,59,9,94,103037,39,38,64,10,94,,29,29,50,11,94,102873,30,29,51,,,,,,,,,,,,,10,94,102708,26,24,41,11,94,102823,32,31,53,,,,,,,9,94,102739,31,30,53,10,94,102750,28,27,47,9,94,102947,33,33,58,10,94,102921,23,21,38,10,94,102940,33,33,58,10,94,103027,29,30,53,10,94,102916,23,21,37,10,94,102764,30,29,50,10,94,102828,29,28,49,10,94,102799,31,30,50,9,94,102924,34,34,59,10,94,102858,30,29,47,10,94,102833,34,33,58,10,94,103112,30,29,52,10,94,102902,34,33,58,10,94,102857,31,30,54,10,91,103045,33,34,64,,,,,,,,,,,,,,,,,,,9,91,102907,31,33,64
2017-05-16T02:00:00,,,,,,,9,100,102833,39,39,72,,,,,,,9,100,102767,37,37,65,12,100,102798,29,28,49,10,97,102807,29,28,50,10,100,102824,31,30,53,,,102818,31,31,54,9,100,102830,31,31,54,9,100,102762,31,30,53,10,100,,31,31,60,10,100,102892,31,31,54,,,,,,,9,100,,31,31,53,10,100,,30,29,51,9,100,,30,30,52,9,100,,30,29,50,10,100,,28,27,47,10,100,,33,33,59,9,100,,34,33,57,,,,,,,10,100,102926,30,30,52,9,100,102820,31,30,53,10,-2698,102711,31,31,54,10,100,102905,31,31,55,9,100,,30,30,52,10,100,,32,32,57,9,100,103040,36,35,58,10,100,,32,32,56,10,100,102882,29,29,51,,,,,,,,,,,,,9,100,102712,30,29,50,10,100,102831,32,32,55,,,,,,,9,100,102746,30,29,51,10,100,102760,30,29,51,9,100,102960,34,34,59,10,100,102929,26,25,45,10,100,102951,32,31,54,9,100,103033,28,29,50,9,100,102925,27,26,45,9,100,102776,32,31,55,10,100,102840,31,31,54,10,100,102810,29,29,48,9,100,102934,33,34,59,10,100,102865,30,29,47,9,100,102840,31,30,53,9,100,103118,29,29,51,10,100,102909,31,31,55,10,100,102864,28,26,47,9,97,103060,31,33,63,,,,,,,,,,,,,,,,,,,9,97,102914,31,33,63
2017-05-16T03:00:00,,,,,,,9,100,102838,38,37,68,,,,,,,9,100,102769,36,35,61,12,100,102803,28,28,49,10,97,102813,29,28,49,10,100,102833,32,31,54,,,102826,30,30,53,9,100,102837,31,30,52,10,100,102770,30,29,51,10,100,,30,29,56,10,100,102898,31,31,53,,,,,,,9,100,,31,31,53,10,100,,29,27,49,9,100,,30,29,51,9,100,,28,27,47,10,100,,31,30,52,10,100,,32,31,55,9,100,,34,33,58,,,,,,,10,100,102934,29,29,51,10,100,102827,31,30,52,10,-2781,102717,30,30,52,10,100,102911,30,30,53,10,100,,29,29,50,10,100,,32,30,55,9,100,103050,35,34,57,10,100,,32,32,55,10,100,102885,29,28,49,,,,,,,,,,,,,10,100,102718,30,29,50,10,100,102837,31,30,52,,,,,,,9,100,102751,28,26,47,10,100,102766,30,29,51,9,100,102963,33,34,58,10,100,102937,28,27,48,10,100,102959,30,30,52,9,99,103041,28,27,48,9,100,102927,29,29,50,9,100,102782,33,33,57,10,100,102845,31,31,54,10,100,102823,29,28,46,9,100,102943,32,32,55,10,100,102874,29,27,43,9,100,102851,31,30,53,9,100,103124,28,27,48,10,100,102918,30,29,52,9,100,102873,25,22,39,10,97,103065,31,31,59,,,,,,,,,,,,,,,,,,,9,97,102916,32,34,64
2017-05-16T04:00:00,,,,,,,10,97,102853,39,38,70,,,,,,,10,97,102783,36,35,60,12,97,102825,27,26,45,11,93,102827,29,28,49,11,97,102851,31,30,52,,,102842,31,31,55,10,97,102852,32,32,55,10,97,102787,32,31,53,10,97,,30,30,57,11,97,102907,33,32,55,11,97,,31,30,53,10,97,,32,31,53,10,97,,31,30,53,10,97,,30,30,52,10,96,,31,30,51,11,97,,31,31,52,10,97,,32,31,56,10,97,,34,33,58,,,,,,,11,97,102943,29,29,50,10,97,102844,34,34,59,11,-2787,102734,32,31,54,11,97,102924,30,30,52,10,97,,30,29,50,11,97,,32,30,55,9,97,103064,36,35,58,11,97,,32,31,54,11,97,102898,28,28,48,,,,,,,,,,,,,11,97,102731,31,30,52,11,97,102852,31,29,51,,,,,,,10,97,102769,31,30,52,11,97,102780,29,29,51,10,97,102973,33,33,57,10,97,102949,28,27,47,10,97,102976,31,29,52,10,96,103054,30,30,53,10,97,102946,29,29,50,10,97,102795,32,32,56,11,97,102861,31,30,53,10,97,102829,30,28,47,10,97,102955,32,31,55,10,97,102886,30,29,46,10,97,102865,32,30,52,10,97,103139,28,27,49,10,97,102929,31,30,53,10,96,102886,28,26,46,10,93,103080,31,30,57,,,,,,,,,,,,,,,,,,,10,94,102930,34,35,66
2017-05-16T05:00:00,,,,,,,10,97,102898,46,46,85,,,,,,,11,97,102831,44,43,74,13,97,102856,32,31,54,11,93,102865,33,33,56,11,97,102891,34,33,59,,,102887,36,37,65,11,97,102898,37,38,66,11,97,102832,37,37,64,11,97,,35,35,67,11,97,102949,36,37,63,,,,,,,11,97,,37,37,64,11,97,,38,39,68,11,97,,36,36,63,10,96,,35,35,60,11,97,,33,34,58,11,97,,43,43,73,11,97,,42,41,69,,,,,,,11,97,102998,36,37,63,11,97,102889,37,38,66,12,-3094,102779,33,33,57,11,97,102959,36,37,64,11,97,,34,34,59,11,96,,40,40,66,10,97,103110,41,41,69,11,97,,31,31,53,12,97,102951,33,34,59,,,,,,,,,,,,,11,97,102769,34,34,59,12,97,102897,35,35,60,,,,,,,11,97,102816,36,37,63,12,97,102832,33,33,58,11,97,103013,37,38,66,11,97,102988,29,29,50,11,97,103013,37,37,64,11,96,103102,34,35,62,11,97,102979,30,30,51,11,97,102841,37,37,64,11,97,102904,33,33,58,11,97,102866,36,35,59,10,97,103001,36,38,64,11,97,102930,35,35,56,10,97,102907,37,37,64,10,97,103190,31,32,57,11,97,102974,36,37,65,10,96,102928,34,34,61,11,92,103122,37,40,72,,,,,,,,,,,,,,,,,,,10,93,102972,38,43,78
2017-05-16T06:00:00,,,,,,,11,100,102928,48,47,87,,,,,,,11,100,102858,47,47,78,13,100,102886,34,34,58,,,,,,,12,100,102925,38,38,64,,,102917,36,37,64,12,100,102932,38,39,67,11,100,102862,39,39,67,12,100,,36,36,71,12,100,102969,39,40,65,,,,,,,11,100,,38,38,65,12,100,,43,43,72,12,100,,37,38,65,11,99,,36,37,64,12,100,,35,36,62,12,100,,45,46,75,12,100,,43,42,69,,,,,,,12,100,103016,37,37,64,12,100,102922,37,37,65,12,-3133,102812,36,37,62,12,100,102987,39,41,69,12,100,,36,37,63,12,99,,44,44,70,11,100,103137,45,45,74,12,100,,34,35,61,12,100,102983,36,37,64,11,100,103011,37,38,66,,,,,,,12,100,102799,36,36,63,12,100,102929,39,39,65,,,,,,,11,100,102848,37,37,65,13,100,102868,34,34,61,11,100,103039,40,42,72,12,100,103019,33,33,57,12,100,103038,39,38,66,12,99,103136,33,34,60,11,100,103010,32,32,56,11,100,102869,38,38,67,12,100,102937,37,37,64,12,100,102892,35,34,58,11,100,103025,38,40,65,12,100,102960,35,35,56,11,100,102936,37,38,66,11,100,103221,32,33,58,11,100,103003,38,40,69,11,99,102958,36,37,65,11,95,103147,41,44,76,,,,,,,,,,,,,,,,,,,11,96,103002,39,45,78
2017-05-16T07:00:00,,,,,,,12,100,102939,43,42,79,,,,,,,12,100,102869,43,42,72,13,100,102884,33,32,55,,,,,,,13,100,102929,33,32,56,,,102922,35,35,61,13,100,102942,35,36,62,12,100,102868,37,36,63,13,100,,39,38,70,13,100,102956,35,34,58,,,,,,,12,100,,36,36,61,13,100,,40,40,68,12,100,,36,36,62,12,100,,35,35,62,13,100,,31,30,53,12,100,,43,43,71,13,100,,41,39,65,,,,,,,13,100,103018,34,34,60,12,100,102927,32,32,56,14,-4429,102822,30,29,51,13,100,102984,37,38,64,13,100,,34,34,58,13,100,,41,41,67,11,100,103148,43,42,71,13,100,,30,29,52,14,100,102991,36,37,63,13,100,102981,34,35,60,,,,,,,13,100,102802,30,29,51,13,100,102937,37,36,61,,,,,,,12,100,102864,35,35,61,14,100,102876,31,31,55,12,100,103030,37,37,65,13,100,103022,28,26,47,13,100,103040,36,36,62,12,99,103145,32,32,57,12,100,103015,29,28,50,12,100,102871,36,36,63,12,100,102942,31,30,53,12,100,102900,35,33,56,12,100,103031,36,37,61,12,100,102963,36,36,56,12,100,102946,37,37,64,12,100,103231,31,31,55,12,100,103013,36,36,64,12,99,102964,35,36,63,12,96,103148,39,41,73,,,,,,,,,,,,,,,,,,,12,97,103001,36,39,71
2017-05-16T08:00:00,,,,,,,14,88,102954,38,37,69,,,,,,,14,90,102880,35,34,60,15,87,102895,30,29,51,,,,,,,15,90,102940,31,29,53,,,102933,31,31,54,14,90,102956,33,33,58,14,90,102882,34,33,58,15,90,,31,30,58,15,90,102968,32,31,54,,,,,,,15,89,,33,32,56,15,90,,33,32,57,15,90,,32,31,55,14,87,,31,31,54,15,90,,31,31,53,15,89,,35,34,62,15,90,,35,33,59,,,,,,,15,90,103033,32,31,55,15,88,102943,33,33,58,16,-4036,102834,29,28,49,15,88,102993,33,34,59,15,90,,31,30,53,15,87,,34,33,59,14,90,103160,37,36,61,16,88,,25,23,42,16,89,103003,32,32,55,15,90,102994,31,30,53,,,,,,,15,90,102812,31,30,53,,,,,,,,,,,,,14,90,102875,32,32,56,16,90,102886,29,28,51,14,90,103036,34,34,60,15,86,103025,25,24,42,15,88,103052,31,30,54,14,86,103159,30,30,53,14,86,103022,20,18,31,14,87,102883,33,33,57,14,88,102949,31,30,54,15,90,102912,32,31,51,14,90,103035,30,30,52,15,89,102981,32,32,50,14,88,102962,33,32,57,14,87,103243,27,26,47,14,89,103028,33,33,59,,,,,,,14,83,103157,33,33,63,,,,,,,,,,,,,,,,,,,14,85,103013,34,36,67
2017-05-16T09:00:00,,,,,,,15,86,102939,37,35,66,,,,,,,16,87,102870,34,32,57,16,83,102893,28,26,46,,,,,,,16,88,102925,30,29,52,,,102912,31,30,53,15,88,102935,32,32,56,15,87,102863,32,32,56,16,87,,29,28,56,17,88,102937,30,29,51,,,,,,,16,87,,32,31,55,16,87,,32,31,55,16,87,,30,30,53,15,84,,30,29,50,16,87,,30,30,52,15,85,,33,32,59,16,88,,34,32,56,,,,,,,17,88,103009,30,29,52,16,84,102920,31,31,55,17,-3520,102823,29,28,49,15,85,102979,32,31,56,15,88,,30,29,51,16,85,,33,32,57,15,86,103141,34,33,56,16,88,,29,28,50,16,86,102982,30,30,53,15,88,102974,30,30,52,,,,,,,16,88,102794,37,34,57,,,,,,,,,,,,,15,87,102859,31,30,53,18,88,102869,26,25,46,15,87,103017,34,34,58,15,84,103022,29,29,50,16,86,103029,30,28,51,16,83,103136,27,26,48,15,84,103010,27,26,46,15,84,102866,33,32,57,15,85,102941,31,30,55,16,86,102901,31,30,50,16,86,103011,28,28,49,16,85,102960,29,29,45,15,84,102941,30,29,52,15,84,103225,27,26,47,15,86,103008,31,30,54,,,,,,,15,81,103137,32,32,61,,,,,,,,,,,,,,,,,,,15,82,102990,32,34,64
2017-05-16T10:00:00,,,,,,,15,79,102921,20,17,32,,,,,,,15,81,102859,23,20,35,16,81,102872,25,24,42,,,,,,,15,81,102908,20,18,31,,,102891,12,11,19,14,82,102906,12,11,20,15,80,102834,16,14,25,15,80,,17,16,30,15,78,102966,14,12,21,,,,,,,15,78,,16,15,26,16,80,,19,18,32,15,79,,19,17,29,,,,,,,14,79,,8,8,13,15,79,,17,15,27,15,80,,14,12,20,,,,,,,17,82,103003,22,20,35,15,80,102894,11,10,17,16,-2673,102794,19,18,30,15,78,102987,17,15,26,15,82,,17,15,25,16,78,,19,17,30,15,78,103110,19,16,27,15,82,,22,21,36,16,79,102953,21,20,34,15,82,102991,13,11,19,,,,,,,14,82,102806,11,10,16,,,,,,,,,,,,,15,78,102830,11,10,18,16,82,102853,13,12,20,14,81,103022,23,21,38,15,78,103008,13,11,19,16,79,103021,16,14,25,15,73,103092,12,11,19,15,80,102999,18,16,27,15,78,102854,17,16,27,15,79,102917,15,14,24,,,,,,,15,79,102981,16,14,25,16,76,102914,14,12,18,15,76,102902,16,14,25,15,77,103199,13,12,22,15,77,102981,14,13,23,,,,,,,15,74,103129,19,17,31,,,,,,,,,,,,,,,,,,,14,73,102999,12,11,19
2017-05-16T11:00:00,,,,,,,13,92,102893,15,11,20,,,,,,,13,92,102823,16,13,21,14,92,102839,13,11,19,,,,,,,13,92,102871,11,9,15,,,102855,11,9,15,12,92,102869,11,9,15,12,92,102802,11,9,15,13,92,,9,7,13,13,92,102938,12,10,16,,,,,,,12,92,,12,11,18,13,92,,9,7,12,12,92,,13,11,17,12,91,,12,10,17,12,92,,9,8,13,12,92,,9,7,13,13,92,,17,15,24,,,,,,,13,92,102968,9,8,13,12,92,102859,11,9,14,14,-3245,102752,10,8,13,13,92,102959,9,8,14,13,92,,11,9,15,13,91,,14,12,20,12,92,103100,11,9,14,14,92,,11,9,14,13,92,102916,17,15,25,12,92,102962,9,7,12,,,,,,,12,92,102771,12,10,17,,,,,,,,,,,,,12,92,102799,8,7,12,13,92,102804,10,8,14,12,92,102998,17,15,25,13,90,102971,6,5,9,13,92,103006,10,8,14,12,90,103073,13,11,18,13,92,102959,11,9,14,13,92,102819,11,9,15,12,92,102875,10,9,14,,,,,,,12,92,102970,11,9,15,13,92,102909,11,8,12,12,92,102889,9,7,12,,,103162,6,4,8,12,92,102962,7,6,11,,,,,,,12,88,103114,17,14,23,,,,,,,,,,,,,,,,,,,12,88,102963,13,11,19
2017-05-16T12:00:00,,,,,,,15,87,102858,20,16,28,,,,,,,15,88,102781,24,20,35,15,84,102825,10,8,14,,,,,,,15,88,102832,15,12,20,,,102811,15,13,21,14,88,102833,14,12,19,15,88,102763,14,12,20,15,87,,15,13,23,15,85,102895,18,15,24,,,,,,,15,86,,19,16,26,15,87,,13,11,18,14,85,,16,14,23,14,84,,16,14,22,15,87,,13,11,19,15,86,,12,11,18,15,88,,29,27,44,,,,,,,15,86,102929,14,12,20,15,88,102818,13,10,17,16,-2840,102728,14,12,18,15,86,102924,16,14,22,15,88,,17,15,23,15,84,,19,16,26,13,87,103057,18,15,23,16,86,,10,8,14,15,85,102885,18,17,28,15,88,102922,13,12,19,,,,,,,15,88,102728,16,14,23,,,,,,,,,,,,,14,88,102761,13,11,18,15,88,102767,12,10,17,14,88,102962,22,20,35,15,84,102943,11,10,17,14,86,102963,15,13,21,14,83,103025,17,15,24,15,85,102938,10,8,12,15,86,102787,20,17,29,14,86,102848,13,12,19,,,,,,,14,87,102930,16,13,22,15,88,102849,13,10,14,14,86,102841,16,13,21,,,103129,13,9,15,14,87,102909,13,11,18,,,,,,,14,81,103076,19,15,26,,,,,,,,,,,,,,,,,,,14,82,102914,17,14,24
2017-05-16T13:00:00,,,,,,,16,81,102863,18,14,25,,,,,,,15,84,102784,21,18,29,18,82,102844,9,8,13,,,,,,,16,79,102833,16,13,21,,,102815,16,14,22,15,84,102835,15,13,21,16,83,102764,16,14,22,16,80,,13,10,19,15,79,102907,17,14,23,,,,,,,16,77,,16,13,21,16,82,,13,11,18,16,81,,18,15,25,15,76,,13,11,18,15,80,,15,12,20,16,82,,15,13,22,16,79,,21,18,30,,,,,,,16,80,102930,16,14,22,16,83,102825,14,12,20,16,-2334,102732,13,11,18,15,79,102923,13,11,19,16,84,,14,12,19,16,79,,19,16,27,15,81,103049,18,15,23,16,79,,12,9,15,16,78,102880,14,12,20,15,82,102927,14,12,20,,,,,,,15,82,102728,14,12,19,,,,,,,,,,,,,15,82,102764,14,12,21,16,82,102765,13,11,18,15,84,102960,14,13,22,16,76,102955,9,8,13,15,82,102957,15,13,21,15,76,103025,13,11,18,16,77,102944,11,9,14,16,78,102789,17,15,24,16,78,102851,13,11,18,,,,,,,15,82,102927,16,14,23,16,84,102853,12,9,13,15,79,102837,14,12,19,,,103135,10,7,13,15,78,102906,12,10,17,,,,,,,15,75,103076,19,15,26,,,,,,,,,,,,,,,,,,,15,76,102918,17,14,24
2017-05-16T14:00:00,,,,,,,17,73,102853,14,10,18,,,,,,,16,74,102773,17,14,24,17,73,102821,6,6,10,,,,,,,16,72,102824,14,12,20,,,102801,14,13,20,16,77,102824,13,11,19,18,73,102766,13,11,17,16,72,,12,9,17,16,70,102893,15,13,21,,,,,,,16,72,,13,12,19,18,77,,11,9,15,17,76,,15,13,21,15,70,,12,9,15,16,70,,14,12,19,19,77,,11,10,19,18,77,,15,12,20,,,,,,,16,72,102916,13,11,18,16,72,102813,13,10,17,16,-2166,102713,12,10,17,16,71,102906,11,10,16,18,77,,12,10,15,16,69,,16,13,22,15,73,103036,14,11,18,17,71,,15,12,20,16,69,102865,13,11,18,16,77,102909,12,11,18,,,,,,,16,73,102710,12,11,18,,,,,,,,,,,,,15,72,102753,12,11,18,16,77,102753,12,10,17,15,75,102940,15,13,22,18,69,102924,9,7,12,16,71,102943,12,10,17,15,68,103009,13,11,18,18,72,102922,10,8,12,16,69,102775,16,14,23,16,71,102835,13,11,19,,,,,,,17,71,102908,12,10,16,18,74,102852,11,9,12,16,72,102825,12,10,17,,,103128,8,5,10,16,71,102890,10,9,14,,,,,,,16,67,103064,16,13,21,,,,,,,,,,,,,,,,,,,16,67,102897,15,12,20
2017-05-16T15:00:00,,,,,,,17,70,102834,12,9,16,,,,,,,16,70,102747,18,16,28,16,70,102776,6,5,9,,,,,,,16,68,102793,12,9,16,,,102780,14,12,19,16,75,102804,11,10,16,17,69,102740,12,10,16,16,70,,10,8,14,16,67,102872,12,10,16,,,,,,,16,70,,11,10,16,18,74,,10,8,14,17,73,,15,13,21,16,68,,11,9,14,16,68,,14,12,19,18,73,,11,10,19,18,75,,14,12,19,,,,,,,16,69,102891,12,10,16,16,69,102795,12,10,15,16,-2235,102681,13,11,19,17,68,102863,10,8,14,18,70,,10,8,13,16,67,,15,13,22,15,65,103017,12,9,15,17,68,,11,9,15,16,67,102840,11,10,17,16,75,102883,12,10,17,,,,,,,16,69,102689,11,9,15,,,,,,,,,,,,,15,68,102731,11,10,16,16,75,102730,11,9,16,15,70,102907,13,12,20,17,65,102902,10,9,15,16,68,102920,12,10,16,15,65,102993,12,10,16,17,67,102910,8,6,9,16,66,102751,13,11,18,16,68,102805,11,9,15,,,,,,,17,67,102882,11,10,16,17,70,102827,11,8,12,16,67,102809,11,9,16,19,64,103113,6,4,8,16,67,102869,11,9,16,,,,,,,16,64,103031,14,11,19,,,,,,,,,,,,,,,,,,,16,65,102883,15,13,22
2017-05-16T16:00:00,,,,,,,17,66,102811,13,9,17,,,,,,,16,67,102724,18,17,28,19,72,102754,7,6,11,16,61,102770,13,10,16,16,66,102767,11,9,15,,,102759,13,11,18,16,72,102780,10,9,14,16,64,102712,12,10,17,16,66,,12,9,17,16,65,102851,14,13,20,,,,,,,16,66,,12,10,16,18,71,,10,8,13,17,68,,14,12,19,16,65,,11,9,15,16,67,,14,11,18,18,70,,9,8,15,16,68,,14,12,19,,,,,,,16,66,102869,12,10,17,16,65,102775,11,9,14,16,-2348,102661,14,12,20,17,65,102835,10,8,14,18,64,,11,9,14,16,64,,15,13,22,15,63,103000,14,11,17,16,65,,10,8,12,16,64,102824,20,19,30,16,71,102862,11,10,16,,,,,,,16,67,102669,11,10,16,,,,,,,,,,,,,15,65,102709,11,9,15,16,72,102707,11,9,16,15,65,102881,14,12,20,18,62,102872,8,7,11,16,64,102896,12,10,16,16,62,102975,13,11,19,18,64,102867,8,6,10,16,63,102729,14,12,20,16,65,102786,14,12,20,,,,,,,16,64,102863,12,10,17,16,66,102801,12,10,14,15,66,102788,12,10,16,18,61,103095,7,5,9,16,65,102851,9,8,13,,,,,,,16,61,103004,16,12,21,,,,,,,,,,,,,,,,,,,16,62,102866,15,12,20
2017-05-16T17:00:00,,,,,,,16,84,102838,18,14,24,,,,,,,14,86,102749,19,15,24,16,86,102782,9,8,13,15,78,102785,14,12,19,14,83,102783,13,11,17,,,102786,20,18,31,14,86,102801,15,13,21,14,82,102735,17,15,24,14,82,,14,12,21,14,81,102873,18,16,25,,,,,,,14,82,,13,11,18,15,86,,14,12,19,15,84,,17,14,23,14,82,,16,14,23,14,83,,15,13,21,16,86,,12,10,18,14,84,,18,15,26,,,,,,,14,82,102886,13,11,18,14,83,102796,14,12,19,14,-2428,102683,19,17,29,15,82,102866,12,10,17,15,82,,15,12,19,14,81,,18,15,25,13,83,103020,19,16,25,14,82,,13,11,17,15,81,102854,27,26,43,14,86,102885,13,12,20,,,,,,,14,84,102694,14,12,20,,,,,,,,,,,,,14,83,102732,16,14,23,14,86,102733,13,12,19,14,84,102907,15,13,22,15,79,102906,10,8,13,14,82,102924,14,12,20,14,81,103004,19,17,27,15,80,102907,10,8,13,14,80,102753,15,13,21,14,81,102807,12,10,17,,,,,,,14,83,102892,15,14,22,14,85,102825,15,12,17,14,83,102808,14,12,19,,,103116,9,7,12,14,83,102875,13,11,18,14,83,102842,12,10,17,15,78,103022,25,21,37,,,,,,,,,,,,,,,,,,,14,78,102891,17,15,25
2017-05-16T18:00:00,,,,,,,14,87,102863,26,21,39,,,,,,,13,88,102776,25,21,36,16,88,102808,11,9,15,13,82,102811,21,18,31,13,87,102817,18,15,24,,,102817,24,21,36,13,88,102830,22,19,31,13,87,102762,21,19,31,13,85,,20,17,31,13,86,102896,24,22,36,,,,,,,13,86,,21,18,30,14,87,,21,18,31,13,86,,23,20,35,13,85,,23,20,34,13,87,,21,18,30,14,87,,15,14,24,13,87,,24,21,36,,,,,,,14,87,102923,22,19,32,13,86,102820,20,16,26,14,-2461,102713,23,21,35,14,85,102907,14,12,20,13,88,,21,18,28,14,85,,23,21,36,12,88,103045,27,23,37,13,88,,20,17,27,14,86,102884,29,28,48,14,88,102906,20,18,32,,,,,,,13,88,102725,19,17,28,,,,,,,,,,,,,13,87,102760,21,19,31,13,88,102757,22,19,33,13,88,102941,22,19,32,13,84,102936,14,12,20,13,86,102949,20,17,29,13,83,103026,22,19,32,13,84,102937,15,13,21,13,85,102780,24,21,36,13,86,102835,18,15,25,,,,,,,13,87,102921,21,19,31,13,88,102847,19,15,21,13,86,102831,22,19,31,13,84,103132,17,13,22,13,86,102897,21,19,31,13,85,102856,16,14,24,13,82,103051,24,21,38,,,,,,,,,,,,,,,,,,,13,82,102919,23,21,40
2017-05-16T19:00:00,,,,,,,12,92,102876,31,28,52,,,,,,,12,92,102794,31,27,47,13,92,102825,17,15,25,12,89,102831,25,22,39,11,92,102838,27,24,42,,,102835,24,21,35,11,92,102845,20,17,28,12,92,102782,25,22,39,12,92,,26,24,46,11,92,102916,30,28,47,,,,,,,12,92,,24,22,38,12,92,,23,20,34,11,92,,28,26,45,11,91,,24,21,36,,,,,,,11,91,,18,16,28,12,92,,31,28,50,,,,,,,12,92,102942,23,21,35,11,92,102838,20,16,26,12,-2629,102730,24,22,38,11,92,102932,17,15,25,11,92,,23,21,35,12,92,,26,24,43,10,92,103064,35,32,54,11,92,,25,23,38,13,92,102906,38,38,60,11,92,102936,26,24,42,,,,,,,11,92,102738,27,25,43,,,,,,,,,,,,,11,92,102776,18,16,26,12,92,102776,23,20,35,11,92,102963,27,25,43,12,92,102954,20,18,30,12,92,102965,25,22,38,11,90,103043,21,18,30,11,91,102954,19,16,26,11,92,102798,28,26,45,12,92,102858,24,21,36,,,,,,,11,92,102942,27,25,43,11,92,102867,20,17,23,11,92,102853,27,24,42,11,92,103143,23,20,36,11,92,102918,26,23,41,11,91,102873,23,21,36,12,88,103076,28,25,47,,,,,,,,,,,,,,,,,,,11,88,102936,28,27,50
2017-05-16T20:00:00,,,,,,,11,94,102880,38,36,66,,,,,,,11,94,102802,31,28,49,12,94,102830,21,19,31,11,92,102841,26,24,42,11,94,102853,34,33,56,,,102846,31,29,50,10,94,102853,20,18,30,10,94,102793,25,22,39,11,94,,33,31,60,11,94,102918,35,34,58,11,93,,27,24,42,11,94,,29,28,47,11,94,,28,26,45,11,94,,44,43,67,10,92,,25,21,35,,,,,,,10,93,,19,17,29,11,94,,31,29,51,,,,,,,11,94,102955,26,24,42,10,94,102849,26,24,41,11,-2633,102738,26,24,42,11,94,102938,22,20,34,11,94,,29,27,46,11,94,,44,42,67,9,94,103070,45,42,67,10,94,,26,24,40,11,94,102914,31,30,52,10,94,102946,29,28,49,,,,,,,10,94,102747,31,30,52,,,,,,,,,,,,,10,94,102781,15,13,21,11,94,102789,27,25,44,10,94,102976,31,29,50,11,94,102962,24,22,38,11,94,102981,26,23,40,10,92,103049,22,20,33,10,94,102963,22,20,34,10,94,102808,33,32,55,11,94,102867,26,23,42,,,,,,,10,94,102954,33,32,54,10,94,102875,23,19,29,10,93,102865,33,31,53,11,94,103154,34,31,52,10,94,102928,30,28,49,10,93,102890,25,22,38,11,91,103090,30,28,52,,,,,,,,,,,,,,,,,,,10,90,102945,32,31,57
2017-05-16T21:00:00,,,,,,,10,97,102882,36,34,63,,,,,,,10,97,102805,36,35,60,11,97,102842,26,23,41,10,94,102843,26,25,43,10,97,102858,32,31,53,,,102851,29,27,47,9,97,102862,31,30,50,10,97,102798,25,22,39,10,97,,29,27,53,10,97,102920,32,31,52,,,,,,,10,97,,31,30,52,10,97,,30,29,51,10,97,,29,27,47,9,95,,28,25,42,,,,,,,9,96,,20,17,29,10,97,,32,30,52,,,,,,,10,97,102962,27,25,43,9,97,102851,22,19,31,10,-2699,102745,30,29,50,10,97,102943,28,26,45,10,97,,29,27,45,10,97,,31,29,52,8,97,103078,38,36,59,9,97,,28,25,43,11,97,102919,31,30,52,10,97,102951,29,27,48,,,,,,,9,97,102750,31,29,50,,,,,,,,,,,,,10,97,102785,17,15,25,10,97,102793,27,25,44,9,97,102983,34,34,58,10,97,102966,27,25,44,10,97,102989,30,27,47,9,94,103059,24,22,39,9,97,102967,26,24,42,9,97,102813,36,36,61,10,97,102871,29,28,49,,,,,,,9,97,102969,34,33,56,9,97,102884,24,21,32,9,96,102877,31,29,49,10,97,103162,34,33,57,9,97,102937,32,30,53,9,96,102901,21,18,31,10,95,103094,33,32,60,,,,,,,,,,,,,,,,,,,9,93,102949,31,30,56
2017-05-16T22:00:00,,,,,,,9,94,102878,41,39,71,,,,,,,9,94,102806,40,39,66,11,94,102843,29,27,47,9,91,102842,27,25,44,9,94,102861,32,31,53,,,102851,28,26,44,9,94,102862,28,26,45,9,94,102802,32,30,51,10,94,,33,31,60,9,94,102921,31,30,50,,,,,,,9,94,,30,29,49,10,94,,32,31,54,9,94,,32,31,53,9,93,,31,29,50,,,,,,,9,93,,28,25,45,9,94,,33,31,54,,,,,,,9,94,102964,31,30,51,9,94,102850,20,17,27,10,-2794,102751,30,29,50,9,94,102944,30,29,50,9,94,,30,28,48,10,94,,34,33,58,8,94,103078,37,36,59,9,94,,29,27,46,10,94,102918,30,29,51,9,94,102955,29,27,47,,,,,,,9,94,102749,26,24,41,,,,,,,,,,,,,9,94,102785,17,15,25,9,94,102794,24,22,37,9,94,102990,34,33,57,9,94,102967,19,17,28,9,94,102988,32,30,52,9,91,103063,29,27,47,9,94,102967,28,26,45,9,94,102811,35,35,59,9,94,102875,29,28,49,,,,,,,8,94,102970,34,34,57,9,94,102882,25,21,33,8,93,102874,30,27,47,9,94,103165,30,29,50,9,94,102940,31,30,52,9,92,102899,25,22,37,9,92,103094,34,32,61,,,,,,,,,,,,,,,,,,,9,90,102948,32,31,57
2017-05-16T23:00:00,,,,,,,8,97,102862,41,39,71,,,,,,,8,97,102791,38,36,62,10,97,102828,28,27,47,9,96,102829,27,25,43,9,97,102846,31,30,51,,,102840,27,24,42,8,97,102847,23,21,34,8,97,102790,31,29,50,9,97,,32,31,59,9,97,102922,30,28,48,,,,,,,8,97,,34,33,57,9,97,,30,28,50,8,97,,32,31,54,8,97,,32,30,52,,,,,,,8,97,,32,31,55,8,97,,32,30,52,,,,,,,9,97,102951,33,32,56,8,97,102839,20,17,28,9,-2994,102736,29,28,49,9,97,102922,32,31,54,8,97,,32,32,53,9,97,,34,33,57,7,97,103062,35,33,54,8,97,,28,26,45,9,97,102910,32,32,54,8,97,102950,28,26,46,,,,,,,8,97,102738,27,24,42,,,,,,,,,,,,,8,97,102775,32,31,53,8,97,102781,25,23,39,8,97,102976,37,37,62,9,97,102956,19,17,29,9,97,102974,35,33,57,8,95,103058,36,36,62,8,97,102952,25,22,38,8,97,102799,36,35,60,9,97,102860,29,27,48,,,,,,,7,97,102958,32,32,54,8,97,102868,29,27,42,8,97,102859,32,30,51,8,97,103146,29,27,48,8,97,102928,30,29,50,8,97,102883,30,28,49,9,95,103080,32,31,58,,,,,,,,,,,,,,,,,,,8,94,102939,31,30,55
2017-05-17T00:00:00,,,,,,,8,100,102838,46,45,83,,,,,,,8,100,102770,41,40,68,10,100,102811,28,27,46,9,98,102811,31,30,51,9,100,102826,33,32,55,,,102818,33,32,54,8,100,102824,26,24,39,8,100,102767,30,28,49,9,100,,32,30,58,9,100,102894,31,29,49,,,,,,,8,100,,29,27,46,9,100,,30,28,49,,,,,,,8,100,,32,31,53,8,100,,34,34,57,9,100,,34,33,59,9,100,,39,38,64,,,,,,,9,100,102928,31,30,52,8,100,102821,32,31,54,9,-2987,102716,31,30,52,9,100,102901,31,31,53,8,100,,35,35,59,9,100,,40,38,65,7,100,103037,35,33,54,8,100,,27,24,42,9,100,102886,33,33,56,,,,,,,,,,,,,8,100,102718,24,22,37,,,,,,,,,,,,,9,100,102751,32,31,53,8,100,102760,31,31,53,8,100,102955,39,39,67,9,100,102931,27,25,44,8,100,102952,38,37,64,8,99,103031,39,39,65,8,100,102934,20,18,29,8,100,102777,34,33,56,9,100,102844,31,30,52,,,,,,,7,100,102938,32,31,54,8,100,102850,32,30,47,8,100,102838,35,34,57,8,100,103124,29,28,49,8,100,102902,32,30,53,8,100,102863,29,27,47,8,97,103057,33,31,59,,,,,,,,,,,,,,,,,,,8,97,102911,38,39,71
2017-05-17T01:00:00,,,,,,,8,94,102830,47,46,84,,,,,,,9,94,102763,41,40,68,10,94,102805,29,27,46,9,91,102809,34,33,56,9,94,102821,32,30,53,,,102813,35,34,58,8,94,102818,30,28,48,9,94,102762,36,35,60,9,94,,33,31,60,9,94,102880,34,33,55,,,,,,,9,94,,31,29,50,9,94,,30,28,49,,,,,,,8,93,,30,27,46,9,94,,30,28,48,9,94,,36,35,63,9,94,,39,37,64,,,,,,,9,94,102921,36,36,62,9,94,102817,34,33,57,9,-2763,102713,33,33,56,9,94,102903,31,31,53,9,94,,36,36,61,9,94,,42,40,66,7,94,103028,36,34,56,8,94,,29,27,46,10,94,102881,35,35,60,,,,,,,,,,,,,8,94,102712,21,18,29,,,,,,,,,,,,,9,94,102743,27,26,44,9,94,102754,31,31,54,8,94,102954,40,41,69,9,94,102927,28,26,45,9,94,102943,37,36,63,9,91,103022,36,35,61,8,93,102936,19,16,26,8,94,102771,33,31,54,9,94,102843,33,32,55,,,,,,,8,94,102927,32,32,54,9,94,102846,33,31,48,8,94,102828,32,30,52,8,94,103118,30,29,51,9,94,102896,31,29,51,8,94,102857,28,25,44,9,91,103052,33,32,60,,,,,,,,,,,,,,,,,,,8,90,102905,36,36,67
2017-05-17T02:00:00,,,,,,,8,97,102820,44,43,78,,,,,,,8,97,102753,39,38,65,10,97,102798,30,28,48,9,93,102803,33,32,54,8,97,102812,32,30,52,,,102806,33,32,55,8,97,102816,34,33,56,8,97,102754,33,32,54,9,97,,34,33,62,8,97,102875,31,30,50,,,,,,,8,97,,33,33,55,8,97,,30,28,49,,,,,,,7,95,,28,25,41,8,97,,30,28,47,8,96,,35,33,60,8,97,,37,35,60,,,,,,,9,97,102914,36,35,60,8,97,102811,30,29,50,9,-2794,102704,35,35,60,8,97,102896,32,32,55,8,97,,36,35,59,9,97,,37,35,62,7,97,103015,36,33,55,8,97,,29,27,46,9,97,102872,34,34,58,,,,,,,,,,,,,8,97,102709,18,16,26,,,,,,,,,,,,,8,97,102732,26,24,42,8,97,102747,30,29,50,7,97,102947,39,39,67,8,97,102922,26,25,43,9,97,102936,35,34,59,8,93,103018,31,30,53,8,95,102927,22,19,31,8,97,102763,35,34,58,9,97,102831,32,31,54,,,,,,,7,97,102917,32,31,53,8,97,102839,31,29,45,7,96,102817,30,27,47,8,97,103110,31,29,50,8,97,102887,30,28,49,8,95,102846,23,19,33,8,94,103048,33,31,59,,,,,,,,,,,,,,,,,,,8,92,102900,33,33,61
2017-05-17T03:00:00,,,,,,,8,97,102831,45,44,81,,,,,,,8,97,102763,43,42,72,10,97,102815,28,26,45,8,93,102818,32,31,53,8,97,102818,31,29,50,,,102818,35,34,57,8,97,102830,34,34,57,8,97,102767,32,30,52,8,97,,35,33,63,8,97,102907,24,21,35,,,,,,,8,97,,32,31,52,8,97,,30,28,49,,,,,,,7,95,,27,25,41,8,97,,31,30,51,8,97,,34,33,59,8,97,,33,31,54,,,,,,,8,97,102927,34,33,57,7,97,102820,30,29,49,8,-2913,102715,32,32,55,8,97,102911,32,31,54,8,97,,35,34,58,8,97,,39,37,64,6,97,103030,35,33,54,7,97,,32,30,52,9,97,102883,32,32,55,,,,,,,,,,,,,7,97,102714,19,16,26,,,,,,,,,,,,,8,97,102744,28,26,45,8,97,102760,32,31,54,7,97,102958,39,39,66,8,97,102935,25,23,41,8,97,102950,35,34,58,8,93,103025,30,29,51,7,95,102938,21,18,29,7,97,102772,36,35,59,8,97,102838,30,28,49,,,,,,,7,97,102931,31,31,52,7,96,102848,31,29,45,7,96,102831,36,36,61,8,97,103125,31,29,51,8,97,102897,27,25,44,7,96,102860,22,19,32,8,94,103063,35,33,63,,,,,,,,,,,,,,,,,,,7,93,102911,32,31,59
2017-05-17T04:00:00,,,,,,,8,97,102844,45,44,80,,,,,,,8,97,102776,41,40,68,10,97,102815,31,29,50,9,93,102827,31,29,51,8,97,102833,30,28,47,,,102830,34,33,56,9,97,102852,33,32,55,8,97,102780,35,33,57,9,97,,33,32,61,8,97,102906,30,28,46,,,,,,,8,97,,31,30,51,9,97,,30,29,50,8,97,,35,34,58,8,97,,30,28,47,11,97,,24,21,38,8,97,,34,32,58,8,97,,38,36,62,,,,,,,9,97,102937,35,35,59,8,97,102833,31,29,51,11,-4798,102735,33,32,54,9,97,102915,34,33,58,9,97,,34,33,56,9,97,,38,36,63,7,97,103042,34,32,53,8,97,,28,25,44,9,97,102894,32,32,54,,,,,,,,,,,,,8,97,102717,26,23,39,,,,,,,,,,,,,9,97,102761,32,30,53,9,97,102769,30,29,52,8,97,102960,35,35,60,8,97,102946,23,21,36,9,97,102960,33,32,55,9,96,103040,29,27,49,8,97,102943,23,20,33,8,97,102787,32,30,51,8,97,102854,31,30,52,,,,,,,7,97,102941,30,30,51,8,97,102862,31,29,46,8,97,102842,31,28,49,8,97,103134,29,27,48,10,97,102908,28,26,46,8,97,102869,28,26,44,8,93,103071,33,31,59,,,,,,,,,,,,,,,,,,,8,94,102918,35,35,64
2017-05-17T05:00:00,,,,,,,10,91,102846,41,39,71,,,,,,,10,92,102778,38,37,64,12,92,102809,29,27,48,11,86,102825,28,26,45,11,92,102834,28,26,44,,,102830,30,29,50,13,92,102861,30,28,49,11,92,102783,33,32,56,11,92,,30,29,55,11,92,102892,37,37,61,,,,,,,11,92,,33,33,55,11,92,,29,28,49,10,91,,33,32,55,10,91,,32,31,54,15,92,,20,18,31,11,92,,34,33,60,11,92,,33,31,53,,,,,,,12,92,102933,32,31,53,10,91,102832,29,27,47,15,-6909,102750,30,27,48,11,91,102908,34,33,58,11,92,,33,32,54,11,91,,35,34,59,10,92,103041,33,31,51,11,92,,27,24,42,11,91,102898,31,30,53,10,92,102933,29,26,46,,,,,,,11,92,102721,28,26,45,,,,,,,,,,,,,11,92,102770,32,31,53,11,92,102772,30,29,51,10,92,102949,36,35,61,10,91,102940,24,22,38,11,92,102954,33,31,54,13,86,103053,24,22,39,10,90,102938,27,24,40,11,92,102791,34,32,56,11,92,102854,30,28,49,,,,,,,10,92,102936,32,32,55,10,92,102861,33,32,50,11,92,102842,29,26,45,10,90,103134,28,26,46,12,92,102924,27,25,45,11,92,102867,29,27,47,11,86,103066,33,31,59,,,,,,,,,,,,,,,,,,,11,87,102919,30,29,54
2017-05-17T06:00:00,,,,,,,13,82,102829,36,34,62,,,,,,,12,85,102758,38,37,63,14,85,102790,25,22,40,13,77,102803,28,26,46,16,86,102836,25,23,41,,,102809,30,28,50,14,85,102841,28,26,45,13,82,102758,30,29,50,14,85,,29,27,53,13,83,102864,35,35,58,,,,,,,13,83,,33,32,55,13,85,,29,27,48,13,83,,30,29,50,13,83,,32,31,53,18,86,,22,20,36,13,82,,30,29,53,13,84,,33,31,53,,,,,,,17,86,102908,28,26,47,13,82,102811,28,26,44,18,-8120,102739,32,29,48,13,82,102885,33,33,57,13,84,,31,29,50,13,82,,32,31,55,13,83,103020,29,26,44,14,85,,35,33,56,15,86,102883,28,26,46,13,86,102894,29,28,49,,,,,,,13,84,102700,28,26,46,,,,,,,,,,,,,14,85,102758,27,25,44,16,86,102760,26,24,44,12,83,102924,34,34,58,13,81,102924,25,22,40,14,83,102928,29,27,48,16,74,103041,21,19,34,13,81,102921,23,21,36,14,81,102777,33,31,55,13,83,102841,31,30,52,,,,,,,12,84,102907,30,29,50,13,84,102836,28,26,41,13,83,102822,27,24,43,13,81,103117,26,25,44,14,83,102901,27,25,45,13,83,102846,26,24,43,13,78,103034,32,31,58,,,,,,,,,,,,,,,,,,,14,79,102889,30,29,54
2017-05-17T07:00:00,,,,,,,16,70,102812,32,29,54,,,,,,,15,73,102738,35,33,57,16,71,102776,23,21,37,16,65,102779,27,25,44,20,73,102834,23,20,37,,,102784,29,28,49,16,72,102812,28,26,45,16,69,102729,28,26,46,16,73,,27,25,49,16,73,102831,29,26,46,,,,,,,16,73,,28,26,46,16,72,,30,28,50,16,72,,28,27,47,15,72,,29,27,47,20,77,,23,20,37,16,71,,28,26,49,16,73,,29,27,48,,,,,,,21,77,102888,24,22,40,15,69,102791,27,25,45,21,-8055,102722,28,25,44,16,70,102855,32,31,54,16,71,,31,29,49,16,72,,29,27,49,16,68,103006,29,26,43,18,72,,25,23,41,20,77,102864,23,21,39,16,74,102862,26,25,45,,,,,,,16,71,102680,26,24,42,,,,,,,,,,,,,18,70,102756,24,21,39,21,70,102766,21,19,35,16,68,102887,30,29,51,16,70,102898,25,23,41,17,71,102897,27,25,44,19,61,103019,18,16,28,15,70,102902,23,21,36,16,68,102754,31,29,51,16,71,102823,31,29,51,18,62,102751,24,21,34,16,71,102877,27,25,45,16,71,102806,25,21,34,16,70,102799,24,20,36,16,68,103101,24,21,38,16,70,102874,24,22,39,15,72,102823,25,23,42,17,67,102995,29,26,50,,,,,,,,,,,,,,,,,,,17,67,102864,28,27,50
2017-05-17T08:00:00,,,,,,,17,61,102795,22,18,34,,,,,,,19,58,102741,18,15,26,18,63,102754,18,16,27,18,55,102760,20,18,30,21,64,102813,20,18,31,,,102760,24,21,38,17,62,102787,19,16,28,18,60,102709,19,16,28,18,63,,20,18,35,19,67,102796,20,18,31,,,,,,,19,66,,23,21,36,18,63,,18,15,27,17,63,,20,18,31,18,64,,20,17,29,21,70,,20,17,30,17,62,,18,16,28,18,63,,26,24,42,,,,,,,22,70,102863,17,15,27,17,59,102771,22,19,32,22,-6597,102704,20,18,30,18,61,102840,21,19,33,18,61,,21,19,32,18,63,,21,18,33,17,57,102992,20,17,28,20,61,,16,14,24,19,64,102845,19,18,31,17,63,102841,20,18,32,,,,,,,17,61,102664,17,15,25,,,,,,,,,,,,,20,58,102747,16,14,24,22,58,102748,16,14,25,18,56,102861,24,22,39,18,60,102878,12,11,18,19,62,102871,17,15,25,19,54,102997,15,13,22,17,61,102883,14,12,19,17,59,102729,25,23,41,18,61,102802,20,18,32,20,49,102727,17,14,22,19,60,102850,17,15,26,18,61,102786,18,15,23,18,60,102781,18,15,27,18,60,103082,16,13,22,17,60,102854,18,16,28,17,63,102810,16,14,24,18,58,102976,20,16,29,,,,,,,,,,,,,,,,,,,18,57,102842,21,18,33
2017-05-17T09:00:00,,,,,,,18,56,102767,12,9,16,,,,,,,20,50,102726,10,8,13,18,58,102728,10,8,13,18,50,102727,13,11,18,18,54,102767,10,8,14,,,102729,15,13,21,18,55,102749,10,9,14,18,55,102674,11,9,15,18,57,,10,8,15,21,64,102757,10,9,14,,,,,,,18,58,,13,11,17,18,58,,10,8,14,18,57,,11,9,14,18,59,,11,9,15,19,57,,9,7,11,18,57,,9,8,14,18,57,,14,11,19,,,,,,,22,66,102831,13,11,19,18,52,102735,12,10,16,22,-5385,102676,10,8,13,18,54,102815,12,11,18,18,55,,11,9,14,19,58,,11,9,15,18,50,102962,9,7,11,21,51,,9,7,12,19,56,102799,10,9,14,18,56,102821,9,8,14,,,,,,,18,55,102635,9,7,12,,,,,,,,,,,,,19,54,102704,10,9,14,22,53,102710,10,8,13,18,50,102834,11,9,16,20,54,102845,7,6,10,20,54,102841,7,6,10,18,49,102950,9,7,12,18,55,102855,10,8,13,17,52,102701,15,12,21,18,55,102770,9,8,13,20,43,102691,9,7,10,20,50,102815,8,7,11,19,55,102753,8,6,8,18,53,102748,10,8,13,,,103048,6,5,8,18,53,102819,5,5,8,17,57,102778,10,9,15,19,51,102952,10,8,13,,,,,,,,,,,,,,,,,,,18,52,102816,13,10,18
2017-05-17T10:00:00,,,,,,,19,49,102729,10,7,13,,,,,,,20,43,102682,11,8,14,18,51,102687,8,7,11,18,43,102682,8,7,11,18,47,102716,7,6,10,,,102685,11,9,14,18,48,102703,10,8,13,20,50,102639,10,8,13,18,50,,10,8,14,22,59,102704,9,7,11,,,,,,,19,52,,10,8,13,19,53,,8,7,12,20,55,,11,9,14,19,51,,11,8,14,19,50,,9,7,12,19,51,,7,6,11,18,50,,9,7,12,,,,,,,22,58,102787,11,10,17,18,45,102692,10,8,13,20,-3111,102624,8,7,11,18,47,102773,11,10,16,19,47,,10,8,13,20,51,,11,9,14,18,43,102921,10,8,12,21,44,,8,6,10,19,49,102756,10,8,14,18,48,102780,8,7,11,,,,,,,18,48,102589,7,6,10,,,,,,,,,,,,,19,47,102655,9,7,12,20,46,102657,9,7,12,18,43,102796,11,9,15,21,47,102802,5,5,8,20,47,102801,7,6,10,18,42,102899,7,6,10,18,48,102813,9,7,11,18,45,102658,10,8,14,18,48,102729,7,6,10,21,36,102649,7,6,8,21,42,102770,8,6,9,20,47,102716,6,5,7,18,47,102702,10,8,13,,,103006,6,4,8,18,46,102772,6,5,9,18,50,102734,8,7,12,19,44,102907,10,8,13,,,,,,,,,,,,,,,,,,,19,44,102770,9,7,12
2017-05-17T11:00:00,,,,,,,21,52,102685,9,6,11,,,,,,,19,44,102615,11,9,14,19,52,102623,7,6,10,19,44,102624,9,7,12,19,49,102659,8,7,11,,,102624,11,9,15,18,49,102644,9,7,12,21,50,102595,10,8,13,19,51,,9,7,13,22,59,102648,9,7,11,,,,,,,20,54,,9,8,12,20,56,,8,6,11,21,57,,11,9,15,19,52,,8,7,11,19,50,,8,7,11,20,54,,8,6,12,19,52,,10,8,14,,,,,,,21,55,102728,12,11,19,18,46,102634,9,7,12,19,-2263,102553,8,6,10,19,48,102714,9,8,13,19,48,,9,7,11,20,52,,11,9,14,18,45,102861,9,7,11,21,47,,7,6,9,19,50,102697,10,8,13,18,49,102744,10,8,13,,,,,,,19,48,102529,8,6,11,,,,,,,,,,,,,19,48,102595,9,7,12,19,47,102586,8,7,11,18,44,102733,9,8,14,21,46,102734,5,4,7,20,48,102739,8,6,10,19,44,102839,7,6,10,19,48,102748,8,6,10,18,47,102598,12,9,16,19,49,102669,8,6,11,21,38,102588,8,6,9,21,44,102704,9,7,11,22,46,102668,7,5,7,19,48,102643,10,8,13,,,102948,6,4,7,18,48,102713,7,6,10,19,52,102674,7,6,10,19,46,102844,10,7,13,,,,,,,,,,,,,,,,,,,19,46,102708,9,7,12
2017-05-17T12:00:00,,,,,,,22,49,102635,8,6,11,,,,,,,19,41,102551,10,8,13,19,49,102560,6,5,9,19,41,102567,9,8,12,19,46,102593,8,6,10,,,102566,10,8,13,19,46,102586,8,7,11,23,46,102547,9,7,11,19,48,,9,7,13,21,52,102611,10,8,13,20,50,,8,6,10,20,50,,9,7,11,21,54,,8,6,11,22,56,,10,8,13,19,49,,8,7,11,19,47,,9,8,13,21,52,,7,6,10,20,51,,10,7,12,,,,,,,20,51,102665,9,8,12,19,43,102574,9,7,11,19,-2162,102490,8,7,11,19,45,102648,9,8,13,20,45,,8,6,10,20,48,,10,8,13,19,41,102802,8,6,10,22,39,,7,6,9,19,47,102638,9,8,14,,,,,,,,,,,,,19,46,102468,10,8,13,,,,,,,,,,,,,19,45,102534,7,6,10,19,45,102521,7,6,11,18,41,102673,8,6,10,22,43,102675,6,5,8,20,45,102680,7,6,9,19,41,102778,8,6,10,19,46,102689,7,6,9,18,43,102541,11,9,15,19,46,102612,8,6,10,20,38,102547,8,6,9,20,42,102649,9,7,11,23,41,102618,6,5,6,19,45,102584,8,7,11,,,102891,5,3,6,18,45,102656,6,6,10,19,49,102616,6,6,10,19,42,102784,10,7,12,,,,,,,,,,,,,,,,,,,20,43,102646,9,7,12
2017-05-17T13:00:00,,,,,,,23,48,102573,8,6,10,,,,,,,20,40,102481,11,8,14,19,48,102496,5,4,8,20,42,102503,15,13,21,19,44,102535,8,7,11,,,102498,10,8,13,19,45,102521,8,7,11,24,44,102485,9,7,11,19,46,,9,7,14,21,49,102559,11,9,14,,,,,,,21,50,,9,7,11,23,55,,7,6,10,23,54,,12,10,16,20,47,,8,6,10,19,46,,10,8,13,24,57,,8,7,12,24,58,,10,8,13,,,,,,,21,49,102599,10,8,13,19,42,102506,9,7,11,20,-2029,102422,7,6,10,20,44,102574,12,10,17,22,44,,8,6,10,20,46,,11,9,14,19,40,102736,8,6,10,22,42,,7,6,10,20,46,102572,8,7,12,19,45,102567,9,8,13,,,,,,,20,44,102402,9,7,12,,,,,,,,,,,,,20,44,102469,8,7,11,20,44,102451,7,6,11,19,40,102607,8,6,11,23,40,102611,6,5,8,21,44,102613,8,6,10,20,40,102711,8,6,10,22,43,102614,7,5,8,19,42,102477,11,9,14,20,45,102548,8,6,10,20,39,102472,8,6,9,22,39,102579,8,7,11,24,40,102551,6,4,6,19,44,102518,9,7,11,,,102829,4,3,5,19,44,102586,6,5,9,20,47,102550,6,6,9,20,41,102717,10,8,13,,,,,,,,,,,,,,,,,,,20,42,102578,9,7,12
2017-05-17T14:00:00,,,,,,,23,46,102513,8,6,10,,,,,,,20,39,102414,10,7,12,19,47,102432,5,5,8,20,40,102444,10,9,14,19,43,102466,8,6,10,,,102434,10,8,13,19,43,102458,8,7,11,24,43,102420,9,7,12,19,45,,8,7,12,20,46,102507,11,9,15,,,,,,,21,48,,8,7,11,24,57,,8,6,10,23,55,,10,8,13,20,46,,8,6,10,19,45,,10,8,13,24,57,,8,7,13,26,57,,10,8,12,,,,,,,21,47,102531,11,10,17,19,40,102445,9,7,11,20,-1982,102359,7,6,9,20,42,102514,10,9,15,23,43,,8,7,11,20,44,,11,9,14,20,39,102676,8,6,9,20,42,,7,6,9,20,44,102510,9,7,12,19,43,102530,9,8,13,,,,,,,20,43,102340,9,7,12,,,,,,,,,,,,,19,42,102408,8,7,11,20,42,102389,9,7,12,19,39,102545,10,8,14,25,34,102537,6,5,7,20,43,102553,8,7,11,19,39,102647,8,6,10,23,39,102552,7,5,8,19,41,102413,11,9,14,20,44,102483,7,6,10,20,39,102405,8,6,9,22,35,102513,8,6,10,23,38,102487,7,5,6,19,42,102453,8,7,10,,,102762,4,3,5,19,42,102522,5,5,8,20,47,102490,6,5,9,20,40,102654,10,7,12,,,,,,,,,,,,,,,,,,,20,40,102515,9,7,12
2017-05-17T15:00:00,,,,,,,21,45,102456,9,7,12,,,,,,,20,39,102362,11,8,13,19,47,102378,5,5,8,19,39,102386,8,7,11,19,43,102411,7,6,10,,,102384,9,8,12,19,43,102406,8,7,11,21,43,102346,10,8,13,19,45,,8,7,12,19,46,102456,12,10,15,20,46,,9,7,10,20,46,,8,7,11,21,52,,7,5,9,22,53,,11,9,15,19,46,,7,6,10,19,45,,8,6,10,23,55,,8,7,12,23,56,,10,8,12,,,,,,,20,46,102480,10,8,14,19,40,102395,8,6,10,19,-1945,102304,7,6,10,20,42,102457,7,6,10,23,43,,8,7,11,19,44,,11,8,14,19,38,102627,8,6,9,20,42,,7,6,9,20,44,102456,9,8,13,19,43,102481,8,7,12,,,,,,,19,42,102288,8,6,10,,,,,,,,,,,,,19,42,102358,8,7,11,19,42,102337,8,7,11,19,39,102491,14,12,21,25,33,102490,6,5,8,20,43,102503,9,7,12,19,39,102594,8,6,10,23,39,102502,8,6,10,19,41,102362,11,8,14,19,43,102428,7,6,10,19,39,102354,8,6,9,21,38,102465,8,7,11,23,39,102439,6,5,7,19,42,102406,8,6,10,,,102707,5,3,5,19,42,102472,9,9,14,20,47,102441,6,5,8,19,40,102602,12,9,15,,,,,,,,,,,,,,,,,,,20,40,102467,9,7,12
2017-05-17T16:00:00,,,,,,,21,47,102416,8,6,10,,,,,,,19,41,102328,8,6,10,19,49,102341,4,4,7,19,41,102347,9,7,11,18,45,102370,8,6,10,,,102345,10,8,12,19,45,102370,8,7,11,19,45,102293,9,7,12,19,48,,8,6,12,19,47,102422,11,9,15,,,,,,,19,47,,8,6,10,21,55,,6,5,9,21,54,,10,8,13,19,48,,6,5,9,19,47,,7,6,10,22,55,,7,6,11,19,49,,9,7,12,,,,,,,19,48,102443,8,7,11,20,40,102366,7,6,9,19,-1964,102264,7,6,9,20,43,102411,7,6,10,22,44,,8,6,9,19,47,,16,14,21,18,41,102590,7,6,9,19,44,,6,5,8,19,46,102418,11,10,16,,,,,,,,,,,,,19,45,102250,8,7,11,,,,,,,,,,,,,19,44,102319,9,7,12,19,45,102299,7,6,11,18,41,102456,13,12,20,22,38,102474,6,5,8,19,45,102469,8,7,11,18,41,102558,8,7,11,22,42,102467,7,5,9,18,43,102325,11,8,14,19,45,102390,7,6,10,19,41,102316,9,7,10,19,44,102432,9,7,11,20,44,102392,7,5,8,18,44,102370,7,6,9,,,102679,5,3,5,18,44,102437,10,10,16,19,49,102404,6,6,10,19,42,102566,10,7,13,,,,,,,,,,,,,,,,,,,19,42,102434,9,7,12
2017-05-17T17:00:00,,,,,,,19,50,102393,7,5,9,,,,,,,18,44,102310,15,12,20,18,53,102323,5,4,7,18,43,102328,7,6,9,17,48,102351,7,6,10,,,102326,11,8,14,17,49,102349,7,6,10,18,48,102270,8,7,11,17,51,,10,8,14,17,51,102405,9,7,12,,,,,,,17,51,,7,6,10,19,56,,7,6,10,19,54,,11,9,14,18,51,,8,7,10,17,51,,8,7,11,20,57,,5,5,9,18,52,,12,10,17,,,,,,,18,51,102425,8,7,11,18,45,102344,8,6,10,17,-2052,102243,8,7,11,19,47,102406,6,5,9,19,47,,7,6,9,18,50,,9,8,12,17,43,102568,6,5,9,17,47,,7,6,9,18,49,102397,10,9,15,,,,,,,16,48,102404,8,7,12,18,49,102229,8,7,11,,,,,,,,,,,,,17,48,102300,8,6,10,17,48,102276,8,6,11,17,44,102438,9,8,13,18,46,102455,5,4,8,18,48,102453,7,6,9,17,45,102536,7,6,10,19,48,102463,8,6,10,17,46,102304,9,7,12,17,49,102368,7,6,10,18,46,102298,11,8,12,17,47,102415,11,10,16,18,50,102370,8,6,9,17,51,102354,10,8,13,,,102672,5,4,6,17,48,102420,13,13,20,17,52,102388,5,4,8,18,45,102549,9,7,12,,,,,,,,,,,,,,,,,,,17,45,102411,9,7,12
2017-05-17T18:00:00,,,,,,,17,55,102379,13,11,19,,,,,,,,,102302,10,8,13,16,60,102320,6,5,9,16,49,102320,8,6,10,16,54,102338,9,7,11,,,102322,9,8,12,16,55,102340,8,7,11,16,54,102265,11,9,14,16,57,,12,9,17,16,57,102409,13,10,17,,,,,,,16,57,,9,8,12,17,60,,11,9,15,16,57,,13,10,17,16,58,,13,11,18,16,59,,12,10,17,17,59,,6,6,11,16,58,,31,29,46,,,,,,,16,57,102418,11,9,15,16,54,102336,10,8,12,16,-2148,102234,10,9,14,16,55,102414,8,7,11,16,53,,10,8,12,16,56,,12,10,16,15,50,102561,8,7,11,16,56,,11,8,13,16,56,102394,15,14,23,,,,,,,16,55,102399,11,9,15,16,57,102230,13,11,18,,,,,,,,,,,,,16,53,102292,9,8,13,16,53,102270,10,9,15,16,50,102438,11,9,15,16,54,102452,8,6,10,16,54,102451,10,8,13,15,51,102525,7,6,10,16,57,102463,11,8,14,16,53,102299,11,9,14,16,55,102358,9,7,12,16,55,102302,10,7,11,15,54,102410,14,12,19,16,57,102359,8,6,8,16,55,102347,8,7,11,,,102660,10,7,12,16,54,102414,13,14,22,16,58,102379,5,4,8,16,52,102548,14,11,19,,,,,,,,,,,,,,,,,,,16,52,102414,13,10,16
2017-05-17T19:00:00,,,,,,,15,58,102370,16,13,23,,,,,,,,,102292,14,11,18,15,63,102318,10,8,13,15,52,102313,17,15,25,14,58,102332,17,14,23,,,102317,15,12,19,14,57,102334,15,12,20,15,57,102258,14,12,19,15,59,,19,16,29,15,60,102396,23,21,34,,,,,,,15,60,,14,12,19,15,62,,14,12,21,15,60,,20,17,28,,,,,,,14,60,,14,11,18,15,60,,9,8,14,15,61,,22,18,29,,,,,,,15,61,102408,17,15,24,14,57,102326,9,7,11,15,-2304,102227,19,17,27,15,58,102418,8,7,12,15,56,,12,10,16,15,59,,18,15,25,14,55,102555,13,10,16,14,59,,20,17,29,15,59,102389,16,15,24,,,,,,,14,57,102394,13,11,19,14,60,102225,18,15,24,,,,,,,,,,,,,15,55,102282,13,10,17,15,58,102269,64,68,99,14,54,102442,17,15,24,15,57,102439,19,16,26,15,57,102451,12,9,16,14,53,102517,12,10,17,14,59,102449,17,14,22,14,56,102292,19,16,27,15,58,102349,15,13,21,14,58,102299,12,9,14,14,57,102409,33,32,50,14,59,102353,9,6,9,14,57,102341,16,13,21,15,57,102642,14,10,16,14,56,102408,23,26,40,14,60,102372,9,8,14,15,54,102537,23,20,36,,,,,,,,,,,,,,,,,,,14,55,102409,20,16,28
2017-05-17T20:00:00,,,,,,,13,75,102340,21,17,30,,,,,,,,,102266,21,16,26,13,80,102297,14,12,20,12,69,102291,21,19,31,12,76,102309,23,19,32,,,102294,23,20,33,12,76,102310,21,18,30,12,73,102230,15,13,21,12,76,,24,20,38,12,77,102367,29,26,45,,,,,,,12,76,,24,21,35,12,78,,20,17,29,12,77,,19,16,26,,,,,,,12,76,,18,15,25,12,76,,14,13,22,12,77,,24,20,35,,,,,,,13,78,102387,18,15,24,12,73,102299,13,10,16,12,-2704,102205,25,23,39,12,75,102402,13,11,17,12,74,,19,16,25,13,76,,21,18,31,11,74,102526,23,19,31,12,77,,28,26,43,13,75,102361,17,15,24,,,,,,,,,,,,,11,76,102197,21,18,29,,,,,,,,,,,,,12,72,102252,16,13,22,12,76,102245,47,47,72,12,73,102424,20,17,28,12,73,102409,21,18,30,12,75,102417,23,20,34,12,69,102491,21,19,32,11,75,102422,23,21,34,12,73,102268,36,34,57,12,75,102328,22,19,32,12,75,102273,13,10,15,11,74,102384,21,19,32,12,74,102321,16,12,17,11,74,102311,27,23,40,12,75,102610,20,17,27,12,73,102380,16,15,24,11,75,102340,10,8,14,13,70,102514,26,23,39,,,,,,,,,,,,,,,,,,,12,71,102381,24,21,37
2017-05-17T21:00:00,,,,,,,11,80,102308,26,21,37,,,,,,,,,102234,26,22,36,12,82,102262,19,16,27,11,73,102262,23,20,34,11,81,102278,24,21,35,,,102266,25,22,37,11,82,102280,23,20,32,11,78,102202,19,16,25,11,80,,25,22,43,11,80,102346,25,22,38,,,,,,,11,81,,30,28,48,11,82,,19,16,27,11,81,,23,20,33,,,,,,,10,79,,16,14,22,10,80,,16,14,24,11,81,,27,24,41,,,,,,,11,82,102360,21,18,29,10,77,102269,20,17,27,11,-2867,102174,24,21,37,10,79,102370,19,16,26,11,78,,23,21,34,12,81,,26,23,41,10,79,102495,30,27,45,10,81,,26,23,39,12,80,102334,21,19,31,,,,,,,,,,,,,10,79,102167,20,17,28,,,,,,,,,,,,,11,77,102228,24,20,34,11,82,102213,23,21,36,10,81,102400,24,21,35,11,77,102383,16,14,23,11,80,102389,25,22,39,10,73,102466,17,15,24,10,79,102392,25,22,38,10,77,102238,31,29,49,11,79,102298,21,18,30,10,79,102244,18,15,23,10,78,102359,24,21,36,10,79,102291,18,14,20,10,77,102280,26,23,39,11,79,102582,23,20,35,10,77,102345,31,31,48,10,78,102309,6,6,10,11,74,102487,29,26,49,,,,,,,,,,,,,,,,,,,10,74,102353,21,18,31
2017-05-17T22:00:00,,,,,,,10,85,102266,29,25,44,,,,,,,,,102192,32,28,49,11,85,102223,22,19,33,10,78,102222,24,21,36,10,85,102242,26,23,39,,,102228,23,20,33,10,85,102241,26,23,39,10,84,102165,22,19,31,10,85,,28,26,49,10,85,102315,25,22,36,,,,,,,10,85,,30,27,46,10,85,,23,20,34,10,85,,25,22,38,9,82,,31,28,47,10,84,,15,13,22,10,85,,19,16,28,10,85,,24,21,35,,,,,,,10,85,102324,23,20,33,10,83,102232,23,19,31,10,-2866,102136,25,23,40,10,84,102327,21,19,31,10,85,,24,21,36,11,85,,27,25,45,9,84,102456,31,27,45,9,85,,27,23,40,11,85,102297,24,22,39,,,,,,,,,,,,,9,84,102125,24,21,34,,,,,,,,,,,,,10,82,102185,25,22,37,10,85,102174,24,22,38,9,85,102366,27,24,42,10,83,102349,15,14,23,10,85,102353,24,22,37,9,79,102421,18,15,23,9,83,102354,25,22,38,9,83,102197,31,29,49,10,84,102258,22,19,31,9,83,102202,20,17,26,9,84,102324,25,23,39,9,83,102255,21,17,24,9,82,102242,25,22,37,10,84,102543,26,23,41,9,83,102306,19,17,27,9,83,102270,9,8,13,10,79,102453,29,26,49,,,,,,,,,,,,,,,,,,,9,79,102317,21,18,30
2017-05-17T23:00:00,,,,,,,10,88,102229,32,28,51,,,,,,,,,102155,42,39,66,11,88,102188,24,22,38,10,81,102187,22,20,34,9,88,102204,25,22,38,,,102191,24,20,33,9,88,102204,23,20,32,9,87,102131,22,19,31,10,88,,36,34,64,9,87,102283,24,21,34,,,,,,,9,88,,26,23,39,10,88,,27,24,43,10,88,,27,25,42,8,85,,29,27,44,9,87,,18,15,26,9,87,,22,19,32,9,87,,22,19,31,,,,,,,10,88,102289,22,19,31,9,85,102196,22,19,30,10,-2802,102098,25,23,40,9,87,102292,22,20,32,10,88,,26,24,40,10,88,,31,28,50,8,88,102421,28,25,40,9,88,,27,24,40,11,88,102262,25,23,40,,,,,,,,,,,,,9,88,102096,17,14,23,,,,,,,,,,,,,9,86,102144,25,23,39,9,88,102135,22,19,32,9,88,102337,28,26,44,9,87,102311,18,16,26,10,88,102321,24,21,35,9,82,102385,19,16,26,9,86,102322,25,22,37,9,86,102160,29,26,45,10,88,102224,24,22,38,9,86,102168,21,18,27,8,88,102294,29,27,46,9,85,102223,22,18,26,9,85,102203,23,19,31,9,87,102507,27,25,43,9,86,102271,22,19,32,8,85,102237,11,9,15,10,83,102413,33,30,57,,,,,,,,,,,,,,,,,,,9,81,102284,21,18,31
2017-05-18T00:00:00,,,,,,,9,92,102203,36,33,60,,,,,,,,,102128,44,41,70,10,92,102162,27,24,42,9,87,102160,22,19,33,9,92,102181,25,22,38,,,102166,25,21,35,9,92,102177,24,22,35,9,91,102105,23,20,33,9,92,,33,31,60,9,92,102258,24,21,34,,,,,,,9,92,,25,23,39,9,92,,31,29,51,9,92,,29,27,46,8,89,,29,26,43,9,92,,22,19,31,8,91,,20,17,29,9,92,,32,30,50,,,,,,,9,92,102267,21,18,29,9,91,102168,24,21,34,9,-2819,102071,24,21,38,9,91,102271,24,21,35,9,92,,27,24,40,10,92,,33,31,55,7,92,102396,28,24,38,8,92,,26,24,40,10,92,102237,25,22,39,,,,,,,,,,,,,8,92,102066,18,15,24,,,,,,,,,,,,,9,92,102116,28,26,44,9,92,102112,22,19,33,8,92,102317,28,25,42,9,91,102280,20,17,29,9,92,102301,25,22,36,8,86,102356,19,16,25,8,90,102291,25,23,39,8,91,102135,27,24,41,9,92,102195,24,21,37,8,90,102143,24,20,32,8,92,102273,31,29,51,8,90,102197,22,18,27,8,90,102178,24,20,32,9,92,102481,28,26,45,8,91,102246,24,22,37,8,90,102214,14,11,20,9,88,102390,34,32,60,,,,,,,,,,,,,,,,,,,8,86,102257,24,21,38
2017-05-18T01:00:00,,,,,,,8,90,102170,43,41,75,,,,,,,,,102093,46,43,71,10,90,102134,27,25,43,9,85,102129,21,19,31,8,90,102148,27,24,42,,,102131,25,22,36,8,90,102143,25,23,38,8,90,102073,23,19,32,8,90,,32,30,57,8,90,102231,24,21,33,,,,,,,8,90,,26,24,40,9,90,,29,26,46,9,90,,36,36,60,7,87,,26,23,37,9,90,,23,21,35,8,89,,18,15,25,8,90,,24,21,34,,,,,,,9,90,102235,22,19,30,8,90,102136,26,22,38,9,-2806,102042,27,26,45,8,90,102242,28,25,44,9,90,,28,26,44,9,90,,40,38,64,7,90,102355,27,23,36,8,90,,26,23,39,9,90,102205,30,30,51,,,,,,,,,,,,,8,90,102027,27,24,41,,,,,,,,,,,,,8,90,102082,28,26,45,8,90,102079,24,21,36,8,90,102289,30,28,48,8,90,102251,21,18,30,9,90,102263,31,29,49,8,85,102320,20,17,27,8,88,102265,25,22,36,8,89,102103,28,25,43,9,90,102165,24,22,38,8,89,102107,23,19,30,7,90,102240,30,28,47,8,88,102159,23,19,29,7,88,102139,23,19,30,8,89,102447,29,27,46,8,90,102210,24,22,37,7,88,102175,17,14,24,9,86,102359,42,39,69,,,,,,,,,,,,,,,,,,,8,85,102226,26,23,43
2017-05-18T02:00:00,,,,,,,8,94,102147,40,38,69,,,,,,,,,102072,38,36,61,10,94,102115,26,24,41,8,90,102106,22,19,32,8,94,102129,28,24,42,,,102112,26,23,38,8,94,102124,27,24,41,8,94,102054,26,22,38,8,94,,43,39,71,8,94,102212,24,21,34,,,,,,,8,94,,27,25,42,8,94,,29,26,46,8,94,,32,31,53,7,92,,26,23,38,8,94,,22,20,33,7,94,,19,16,27,8,94,,25,21,36,,,,,,,8,94,102215,29,27,47,8,94,102116,26,24,40,8,-2791,102020,27,25,43,8,94,102220,30,28,48,8,94,,31,29,49,9,94,,33,31,55,6,94,102331,27,22,35,7,94,,28,24,41,9,94,102187,31,31,53,,,,,,,,,,,,,7,94,102008,23,20,34,,,,,,,,,,,,,8,94,102061,30,29,49,8,94,102060,25,22,38,7,94,102268,33,31,54,8,94,102230,21,18,30,8,94,102238,34,32,55,7,89,102301,20,17,27,7,93,102244,24,21,34,7,94,102081,30,27,46,8,94,102143,24,22,38,7,93,102091,22,18,28,7,94,102220,32,31,53,7,93,102142,24,20,31,7,92,102118,23,19,30,8,94,102428,32,29,50,7,94,102190,25,23,39,7,93,102151,17,15,25,8,91,102344,33,31,58,,,,,,,,,,,,,,,,,,,7,90,102210,26,23,43
2017-05-18T03:00:00,,,,,,,8,92,102140,42,40,73,,,,,,,,,102066,46,43,73,10,92,102107,24,22,37,8,87,102100,22,20,33,8,92,102121,29,25,44,,,102106,26,23,39,8,92,102122,28,26,44,8,92,102048,25,22,38,8,92,,37,35,66,8,92,102205,24,21,35,8,92,,31,29,50,8,92,,28,25,43,9,92,,30,27,48,8,92,,33,32,55,7,89,,30,27,46,9,92,,19,17,28,8,91,,22,19,32,8,92,,26,22,37,,,,,,,9,92,102210,28,26,45,8,92,102111,28,25,43,8,-2774,102014,28,27,46,8,92,102213,30,28,49,8,92,,30,28,48,9,92,,36,34,60,7,92,102321,28,24,39,8,92,,27,25,42,9,92,102172,28,26,45,,,,,,,,,,,,,8,92,102000,20,17,28,,,,,,,,,,,,,8,92,102054,30,28,49,8,92,102054,23,21,35,8,92,102259,34,32,55,8,92,102224,21,18,30,9,92,102233,32,31,53,8,86,102293,22,18,30,7,90,102232,23,20,32,8,92,102073,30,27,45,8,92,102135,25,22,39,8,91,102083,23,19,30,7,92,102212,33,32,55,8,90,102134,25,21,34,7,89,102110,26,22,37,8,91,102427,38,35,58,8,92,102180,26,24,42,8,91,102145,19,16,28,9,88,102338,40,37,67,,,,,,,,,,,,,,,,,,,8,87,102204,25,23,42
2017-05-18T04:00:00,,,,,,,9,92,102140,40,38,70,,,,,,,,,102068,46,43,72,11,92,102105,24,22,38,10,86,102102,24,21,37,9,92,102127,29,26,46,,,102107,29,26,44,11,92,102134,26,23,40,10,92,102049,29,26,45,10,92,,34,32,62,10,91,102205,27,24,41,,,,,,,10,92,,29,27,45,10,92,,29,26,46,10,92,,32,31,53,9,90,,32,31,51,13,92,,20,17,30,10,92,,31,29,53,9,91,,26,23,40,,,,,,,10,92,102211,29,28,48,10,90,102114,27,24,41,12,-4491,102027,29,27,48,10,91,102213,30,28,49,10,92,,30,28,48,10,91,,35,33,58,8,92,102322,33,29,48,10,92,,28,25,43,10,90,102173,28,27,47,,,,,,,,,,,,,10,91,102002,21,18,29,,,,,,,,,,,,,10,92,102056,28,26,45,10,92,102057,26,24,41,9,92,102251,32,31,53,10,90,102225,21,18,30,10,92,102232,33,31,54,10,87,102307,24,21,38,9,90,102234,24,21,35,9,91,102078,32,30,51,10,92,102139,26,23,41,10,92,102077,27,24,38,9,92,102211,31,29,50,9,90,102135,27,23,37,9,90,102117,31,29,49,10,90,102433,34,32,54,12,92,102190,24,21,37,9,91,102143,27,25,43,10,86,102342,36,33,61,,,,,,,,,,,,,,,,,,,10,87,102196,25,22,41
2017-05-18T05:00:00,,,,,,,12,84,102129,36,34,62,,,,,,,,,102056,37,34,58,13,88,102091,23,20,36,12,80,102093,25,22,39,12,87,102118,28,25,43,,,102098,30,28,48,14,87,102131,26,24,42,12,84,102040,28,26,45,12,87,,27,24,47,12,83,102196,28,25,43,,,,,,,12,85,,29,27,46,12,86,,26,24,42,12,85,,30,28,48,11,84,,28,25,43,15,88,,21,19,33,12,85,,27,25,46,12,85,,29,26,44,,,,,,,13,88,102197,28,26,46,12,83,102107,30,28,48,15,-5653,102030,25,23,41,12,85,102187,32,31,54,12,86,,31,30,49,12,84,,30,28,50,11,87,102316,31,27,45,12,87,,25,22,39,12,83,102168,28,27,46,,,,,,,,,,,,,12,85,101990,24,21,35,,,,,,,,,,,,,12,85,102051,28,26,45,12,88,102048,27,25,44,12,86,102224,32,30,52,12,83,102221,21,18,31,12,85,102227,27,25,44,14,79,102316,22,20,35,12,84,102219,22,20,32,12,84,102070,30,28,49,12,85,102131,27,24,43,13,84,102059,28,25,41,11,86,102201,30,29,49,12,86,102128,29,26,41,12,85,102110,27,23,41,12,83,102424,30,28,49,13,84,102194,25,22,39,12,85,102136,27,24,44,12,80,102339,29,26,49,,,,,,,,,,,,,,,,,,,12,80,102187,26,24,45
2017-05-18T06:00:00,,,,,,,14,75,102131,33,30,56,,,,,,,,,102058,32,28,48,15,77,102089,20,17,29,14,70,102096,25,22,39,16,78,102127,25,22,40,,,102099,29,27,46,15,76,102132,25,23,40,14,74,102040,27,25,43,14,78,,25,23,45,13,75,102182,29,26,45,16,80,,21,19,32,14,76,,28,26,45,14,78,,24,21,38,14,76,,27,25,44,13,75,,27,24,41,17,80,,21,18,32,14,76,,23,20,37,14,77,,28,25,44,,,,,,,17,80,102196,27,25,45,14,73,102107,26,23,40,17,-5748,102032,25,23,42,14,74,102183,28,27,47,14,74,,31,30,51,14,75,,28,25,45,13,74,102319,28,24,40,15,77,,24,20,36,16,78,102177,28,27,47,,,,,,,,,,,,,14,75,101990,23,21,36,,,,,,,,,,,,,15,75,102060,25,22,40,15,79,102056,26,24,43,13,75,102217,31,30,52,14,73,102215,22,20,34,14,75,102217,22,19,33,15,68,102321,19,16,28,14,74,102218,21,18,29,15,73,102074,31,29,50,14,75,102132,28,27,47,15,71,102055,23,19,30,13,76,102197,27,25,44,14,75,102127,24,20,31,14,75,102114,24,21,36,14,73,102421,25,23,41,14,75,102193,23,20,36,14,76,102140,23,21,36,14,70,102330,26,22,42,,,,,,,,,,,,,,,,,,,14,72,102177,26,24,45
2017-05-18T07:00:00,,,,,,,16,69,102108,24,19,34,,,,,,,,,102036,27,24,40,16,70,102069,17,15,24,16,62,102068,24,21,37,19,72,102112,24,21,39,,,102070,27,25,43,16,69,102099,23,20,34,16,67,102010,22,19,33,16,71,,22,19,37,16,70,102138,27,24,43,,,,,,,16,70,,24,22,37,16,71,,24,21,37,16,70,,23,20,35,15,70,,24,21,35,19,75,,21,18,33,16,69,,20,18,33,16,70,,27,24,42,,,,,,,19,75,102166,21,18,33,16,66,102080,27,23,41,20,-6060,102012,22,20,37,16,67,102157,21,19,31,16,67,,22,20,33,16,69,,23,20,37,16,66,102293,26,21,36,17,69,,22,19,32,19,75,102156,19,17,29,,,,,,,,,,,,,16,69,101963,24,22,38,,,,,,,,,,,,,18,68,102043,21,18,32,20,68,102039,19,17,31,16,64,102178,21,19,32,16,67,102196,23,21,37,17,69,102181,21,18,31,17,61,102284,16,14,22,15,68,102195,18,15,23,16,66,102048,28,25,45,16,68,102114,28,26,47,17,61,102020,20,17,25,16,69,102162,24,21,37,16,68,102103,21,17,25,16,68,102084,22,19,32,16,66,102394,21,17,30,16,68,102161,21,19,32,16,70,102115,23,20,36,17,64,102284,23,20,36,,,,,,,,,,,,,,,,,,,17,65,102146,25,22,41
2017-05-18T08:00:00,,,,,,,18,57,102067,17,13,23,,,,,,,,,102012,18,14,22,18,58,102015,16,14,22,18,51,102025,19,17,28,21,59,102074,18,16,26,,,102024,18,15,24,18,57,102049,14,12,19,18,55,101964,15,13,21,18,58,,18,15,27,19,61,102074,22,19,33,,,,,,,19,62,,21,18,31,18,60,,19,17,28,18,58,,17,14,23,18,60,,20,17,28,20,64,,20,17,30,18,58,,14,12,22,18,59,,23,20,35,,,,,,,22,66,102126,15,12,20,18,54,102034,15,12,20,23,-6653,101971,14,12,21,18,55,102110,15,13,21,18,54,,18,15,25,19,59,,18,15,26,18,54,102256,22,19,29,20,55,,17,14,23,19,58,102103,13,11,19,,,,,,,,,,,,,18,57,101922,22,19,33,,,,,,,,,,,,,21,54,102014,14,11,18,23,53,102005,12,10,16,19,52,102124,22,20,35,19,56,102152,18,16,28,20,57,102134,15,12,20,20,48,102248,13,11,17,18,56,102149,15,12,20,18,54,102001,25,22,39,18,57,102070,21,18,32,20,45,101976,16,12,18,20,56,102114,18,15,27,19,57,102036,17,13,18,18,57,102046,21,18,29,,,102348,16,12,20,18,56,102121,17,15,25,18,59,102075,20,17,29,19,53,102240,18,14,24,,,,,,,,,,,,,,,,,,,19,53,102101,21,18,32
2017-05-18T09:00:00,,,,,,,20,55,102024,15,11,20,,,,,,,,,101975,17,13,20,19,56,101958,14,11,18,19,50,101972,16,14,23,21,55,102007,11,9,15,,,101971,15,13,20,19,54,102001,13,10,17,20,53,101916,14,12,19,19,57,,17,14,25,22,62,102005,17,14,22,,,,,,,22,61,,13,11,17,20,58,,17,14,23,19,56,,17,15,24,20,58,,15,13,21,21,59,,17,15,24,19,56,,12,11,18,20,57,,18,15,26,,,,,,,23,65,102066,14,12,19,19,51,101983,14,11,17,24,-5946,101923,13,11,17,19,53,102057,14,12,20,20,52,,13,11,17,20,57,,17,15,25,19,50,102209,18,14,22,23,49,,15,13,21,20,55,102048,13,11,18,,,,,,,,,,,,,20,55,101872,15,13,20,,,,,,,,,,,,,21,54,101960,12,11,17,24,51,101962,10,8,13,20,49,102077,15,13,22,21,53,102094,12,11,18,22,54,102078,13,11,17,20,48,102194,12,10,16,19,54,102095,16,13,21,19,52,101950,15,13,21,19,54,102017,13,11,18,22,42,101923,13,10,14,22,51,102059,16,13,22,20,53,101999,14,10,14,20,54,101995,18,15,23,,,102296,14,10,17,19,54,102063,13,11,19,19,57,102023,15,13,21,20,51,102186,18,14,24,,,,,,,,,,,,,,,,,,,21,51,102051,18,14,24
2017-05-18T10:00:00,,,,,,,22,46,101970,13,10,17,,,,,,,,,101919,15,11,18,20,47,101905,12,10,16,20,42,101916,15,13,20,21,46,101947,14,11,18,,,101919,15,13,20,20,45,101943,12,10,16,22,46,101867,13,10,17,21,47,,14,12,21,25,58,101934,17,14,23,,,,,,,23,51,,13,10,16,21,49,,14,11,19,23,52,,15,13,20,21,48,,14,11,18,21,49,,14,12,20,21,47,,10,8,15,21,48,,16,13,21,,,,,,,24,55,102012,14,12,20,20,42,101930,13,11,17,23,-3646,101865,13,11,17,21,44,102001,12,11,18,21,44,,12,10,16,22,49,,16,14,23,21,41,102155,15,12,18,25,37,,13,10,16,21,47,101992,11,10,16,,,,,,,,,,,,,21,45,101819,17,14,23,,,,,,,,,,,,,21,44,101901,12,10,17,24,42,101901,10,8,13,21,41,102015,13,11,18,23,43,102046,11,10,16,23,45,102024,11,9,14,21,40,102130,11,9,14,21,45,102047,14,11,18,20,43,101899,16,13,20,21,46,101968,14,11,19,24,35,101864,11,8,11,24,39,101997,13,11,17,22,44,101952,10,8,10,21,44,101936,15,13,20,,,102242,11,8,13,20,44,102005,11,9,15,20,47,101969,12,10,17,21,42,102125,16,12,20,,,,,,,,,,,,,,,,,,,22,43,101996,15,12,20
2017-05-18T11:00:00,,,,,,,24,45,101942,14,11,19,,,,,,,,,101873,18,14,22,21,44,101866,10,9,14,21,39,101879,15,13,20,22,42,101904,13,10,17,,,101882,16,13,20,21,43,101903,15,12,20,25,44,101854,15,12,19,21,44,,17,14,25,26,54,101900,16,13,22,,,,,,,23,47,,14,12,18,23,48,,13,10,18,24,51,,16,14,22,22,45,,13,11,17,22,44,,12,10,16,23,47,,12,11,19,22,45,,16,13,20,,,,,,,24,48,101972,15,13,21,21,40,101894,13,11,17,22,-2191,101810,14,12,19,21,41,101959,14,12,20,22,41,,15,12,19,23,46,,16,14,23,22,38,102119,14,11,17,27,33,,10,8,12,22,44,101953,13,12,20,,,,,,,,,,,,,22,43,101785,11,9,15,,,,,,,,,,,,,22,41,101862,14,12,18,22,41,101844,12,10,17,22,38,101977,14,12,19,24,40,102010,11,10,16,23,42,101987,13,10,17,21,38,102089,12,10,16,22,42,102003,11,9,14,21,40,101859,17,14,23,22,44,101928,12,10,17,24,32,101834,13,9,14,24,36,101957,13,11,18,25,39,101927,11,8,11,21,41,101898,14,12,19,,,102202,12,9,15,21,41,101965,11,9,16,21,45,101930,12,10,17,22,39,102083,17,13,22,,,,,,,,,,,,,,,,,,,22,39,101957,14,11,18
2017-05-18T12:00:00,,,,,,,24,46,101901,12,9,16,,,,,,,,,101820,14,11,18,21,45,101820,9,8,12,22,41,101837,22,20,35,21,43,101854,11,9,14,,,101833,15,12,19,21,44,101860,13,11,17,26,44,101816,14,11,18,21,45,,12,10,19,25,52,101866,14,12,18,23,48,,12,10,15,23,49,,12,10,16,24,52,,12,10,16,25,53,,14,12,19,22,46,,12,9,15,21,45,,12,10,16,24,50,,12,11,18,22,47,,14,11,18,,,,,,,23,48,101921,13,11,17,21,41,101848,13,10,16,22,-2025,101758,11,9,14,22,42,101910,12,10,17,23,42,,12,10,15,23,46,,16,13,22,22,39,102076,13,10,16,27,34,,9,7,10,22,45,101905,12,11,18,,,,,,,,,,,,,22,45,101741,15,13,21,,,,,,,,,,,,,22,43,101818,13,11,18,22,42,101791,11,9,16,21,39,101936,11,9,16,24,41,101963,13,11,17,23,43,101941,12,10,16,21,39,102045,13,11,17,22,43,101957,11,8,14,21,41,101813,16,13,21,22,44,101884,10,8,13,23,35,101804,14,11,16,24,36,101912,13,11,17,26,37,101875,12,9,12,21,42,101855,13,11,17,,,102157,9,6,10,21,42,101926,11,9,15,22,46,101888,10,9,15,22,40,102038,15,11,19,,,,,,,,,,,,,,,,,,,23,41,101907,13,10,17
2017-05-18T13:00:00,,,,,,,25,47,101863,11,8,14,,,,,,,,,101776,14,11,17,21,45,101777,9,7,12,22,41,101793,18,16,27,21,44,101809,11,9,15,,,101788,14,11,18,22,44,101812,11,9,15,26,43,101774,13,10,16,21,46,,12,9,17,23,47,101854,13,10,16,,,,,,,23,49,,11,9,15,25,55,,10,8,14,25,54,,13,11,18,22,46,,11,9,14,21,45,,11,9,15,26,55,,10,9,16,25,57,,13,10,16,,,,,,,23,48,101878,13,11,18,22,41,101802,11,9,14,22,-1986,101717,10,8,13,22,42,101871,11,9,15,24,43,,11,9,14,22,45,,14,12,19,22,39,102034,12,9,14,25,38,,9,7,11,22,45,101862,11,10,16,,,,,,,,,,,,,22,44,101695,13,10,17,,,,,,,,,,,,,22,43,101771,12,10,16,22,43,101740,10,8,13,21,39,101896,10,8,14,25,39,101920,12,10,16,23,43,101899,11,9,14,22,39,102000,11,9,14,25,42,101903,9,7,11,21,42,101768,16,13,21,22,44,101842,10,8,13,22,37,101756,12,9,13,25,35,101869,11,9,14,26,35,101839,10,7,9,21,43,101811,12,9,15,,,102112,7,5,8,21,43,101883,9,7,12,22,47,101845,10,8,13,22,40,101995,14,10,17,,,,,,,,,,,,,,,,,,,23,41,101858,11,9,15
2017-05-18T14:00:00,,,,,,,25,47,101822,11,8,15,,,,,,,,,101732,13,10,16,21,46,101726,17,15,26,22,41,101752,14,12,19,21,45,101764,10,8,12,,,101747,14,11,18,21,45,101772,11,9,14,26,43,101733,12,10,15,21,47,,11,9,16,22,47,101825,12,10,15,,,,,,,23,50,,11,9,15,26,58,,10,8,13,25,55,,14,11,18,22,47,,11,9,14,21,46,,10,8,14,27,58,,11,9,16,28,58,,13,10,16,,,,,,,23,49,101834,13,11,19,22,42,101763,11,8,13,22,-1924,101671,10,8,14,22,43,101819,12,10,16,26,43,,10,8,13,22,46,,15,12,20,22,40,101992,12,8,13,22,43,,10,8,12,22,45,101818,12,10,17,,,,,,,,,,,,,22,45,101646,18,22,40,,,,,,,,,,,,,21,44,101728,11,9,15,22,44,101697,10,8,14,21,40,101853,17,15,25,27,35,101867,8,6,10,23,44,101856,11,9,14,21,40,101960,10,8,13,26,39,101858,9,7,11,21,42,101726,15,12,20,22,45,101797,10,7,12,22,40,101718,11,8,12,25,36,101824,11,9,14,26,37,101795,10,7,10,21,44,101770,11,8,14,,,102063,7,4,7,21,44,101840,9,7,12,22,48,101799,9,7,12,22,41,101952,13,10,17,,,,,,,,,,,,,,,,,,,22,42,101817,11,9,15
2017-05-18T15:00:00,,,,,,,24,43,101778,11,8,14,,,,,,,,,101688,13,9,15,21,43,101691,11,9,15,21,37,101706,11,9,15,21,41,101723,11,8,13,,,101705,13,11,18,21,41,101732,10,8,14,24,41,101674,12,9,15,21,43,,12,10,18,21,43,101786,11,9,14,22,44,,11,9,13,22,44,,11,9,14,24,50,,10,8,13,25,51,,13,10,16,22,43,,10,8,14,21,43,,10,8,13,26,53,,10,8,14,25,52,,12,10,15,,,,,,,22,44,101795,12,10,18,22,38,101722,10,8,13,21,-1875,101631,11,9,14,22,40,101771,11,9,15,26,39,,11,8,13,22,42,,13,11,17,22,36,101950,11,8,13,22,39,,10,8,13,22,42,101779,11,10,16,,,,,,,,,,,,,22,42,101612,19,26,52,,,,,,,,,,,,,21,40,101685,10,9,14,22,40,101655,9,8,13,21,37,101813,16,14,24,27,31,101827,8,6,10,22,41,101814,11,8,14,21,37,101918,10,8,12,25,37,101827,9,7,11,21,39,101685,14,11,18,22,42,101759,10,8,14,22,37,101671,11,8,12,23,37,101785,11,9,14,24,38,101753,11,8,11,21,40,101727,10,8,13,,,102025,7,4,7,21,40,101797,8,7,11,22,45,101759,9,8,13,22,38,101911,13,10,16,,,,,,,,,,,,,,,,,,,22,38,101779,11,8,14
2017-05-18T16:00:00,,,,,,,23,45,101746,12,8,15,,,,,,,,,101661,12,9,15,21,45,101661,9,7,11,21,40,101679,11,9,14,21,44,101700,9,7,12,,,101681,15,12,20,21,43,101705,11,9,14,21,43,101627,12,9,16,21,45,,12,10,18,21,45,101763,11,9,15,22,46,,11,8,12,21,46,,11,8,13,24,53,,10,8,13,24,51,,13,11,18,21,46,,10,8,13,21,45,,12,10,16,25,53,,10,9,15,21,46,,12,10,15,,,,,,,22,46,101769,11,9,14,22,38,101704,10,7,12,21,-1855,101599,10,8,13,23,41,101738,10,9,14,25,41,,12,10,17,21,45,,14,12,19,21,39,101927,10,8,12,21,42,,10,8,12,21,44,101750,11,10,16,,,,,,,,,,,,,21,44,101587,11,9,15,,,,,,,,,,,,,21,42,101655,10,8,14,21,42,101631,10,8,14,21,39,101788,15,13,22,26,34,101808,8,6,10,22,42,101792,11,9,15,21,39,101889,10,8,13,24,40,101795,9,7,11,21,41,101662,13,11,18,21,44,101724,10,8,13,21,39,101645,11,9,13,21,42,101759,11,9,15,22,42,101716,10,7,10,21,42,101699,10,8,13,,,102003,6,4,7,21,42,101772,7,6,11,22,47,101733,9,7,13,21,40,101887,13,10,17,,,,,,,,,,,,,,,,,,,21,40,101757,11,9,15
2017-05-18T17:00:00,,,,,,,22,48,101729,11,8,14,,,,,,,,,101640,13,10,16,20,48,101645,10,8,13,20,42,101664,10,8,12,20,46,101681,10,8,12,,,101663,12,10,15,20,46,101686,9,8,12,20,45,101604,11,9,14,20,48,,10,8,14,20,48,101747,12,9,15,,,,,,,20,48,,10,8,12,22,53,,11,9,16,21,51,,12,10,16,21,49,,10,8,12,20,48,,13,10,16,24,55,,11,10,17,20,49,,12,9,15,,,,,,,21,49,101752,10,8,13,21,42,101685,9,7,11,20,-1900,101578,10,9,14,21,45,101737,9,7,12,22,44,,10,9,15,20,47,,13,11,18,20,41,101909,10,7,11,20,46,,10,8,13,20,47,101728,13,11,18,,,,,,,20,46,101734,10,8,14,20,47,101565,12,10,17,,,,,,,,,,,,,20,45,101640,10,8,13,20,45,101613,9,7,12,20,42,101771,25,24,38,22,43,101795,8,6,10,20,45,101780,12,10,17,20,42,101872,12,11,17,21,45,101792,10,8,12,20,44,101643,12,10,16,20,46,101703,9,8,13,20,42,101628,13,10,15,20,45,101745,11,9,14,20,46,101698,10,7,10,20,45,101683,10,8,12,,,101998,6,4,7,20,45,101757,6,6,10,20,49,101721,8,7,11,20,43,101869,15,11,20,,,,,,,,,,,,,,,,,,,20,43,101741,11,9,15
2017-05-18T18:00:00,,,,,,,19,53,101726,13,10,18,,,,,,,,,101643,16,13,21,18,55,101658,12,10,16,18,47,101664,10,8,13,18,52,101683,11,9,15,,,101664,13,10,17,18,53,101684,11,9,14,18,52,101604,13,11,17,18,54,,11,9,16,18,54,101755,15,13,20,19,54,,12,9,15,18,54,,11,8,13,19,57,,11,9,16,19,55,,15,12,19,18,54,,16,13,21,18,54,,12,10,16,19,56,,13,11,19,18,55,,15,12,20,,,,,,,19,55,101752,12,9,15,18,49,101680,10,8,13,18,-1987,101580,12,10,16,19,51,101750,14,12,20,19,50,,17,15,23,19,54,,17,14,23,18,48,101905,11,8,13,18,52,,12,9,15,19,53,101733,18,16,26,,,,,,,18,53,101731,14,12,20,18,53,101565,13,11,17,,,,,,,,,,,,,18,51,101638,12,9,15,18,52,101611,10,8,13,18,47,101776,28,26,43,19,51,101794,9,7,13,19,52,101782,14,12,20,18,47,101865,10,8,14,19,52,101803,12,10,16,18,50,101644,13,11,18,18,53,101704,12,10,16,18,50,101630,13,10,15,18,51,101747,13,10,17,19,53,101694,11,8,11,18,52,101682,11,9,14,,,102003,8,5,10,18,52,101755,8,7,11,18,55,101719,10,8,14,18,49,101874,16,12,21,,,,,,,,,,,,,,,,,,,18,50,101746,16,12,21
2017-05-18T19:00:00,,,,,,,17,58,101725,13,9,16,,,,,,,,,101650,12,9,15,17,61,101669,14,12,19,17,52,101667,12,10,16,16,58,101688,13,10,17,,,101668,15,12,19,16,59,101686,12,10,16,17,57,101610,13,11,17,16,60,,15,13,22,16,58,101765,15,12,20,,,,,,,16,59,,13,11,17,17,62,,16,13,22,17,59,,12,10,16,,,,,,,16,59,,14,12,19,17,60,,9,8,14,16,60,,15,12,19,,,,,,,17,60,101759,18,16,26,16,56,101683,13,11,17,16,-2073,101585,17,15,23,17,56,101757,21,19,33,17,55,,20,18,30,17,59,,13,11,18,16,54,101910,18,14,23,16,57,,15,12,20,17,58,101741,18,16,28,,,,,,,16,57,101741,17,14,24,17,58,101576,12,10,17,,,,,,,,,,,,,16,56,101640,11,9,15,17,57,101618,14,12,19,16,52,101786,19,17,29,17,56,101805,9,8,13,17,57,101791,12,9,16,16,52,101869,10,8,13,17,57,101802,13,11,17,16,55,101649,25,23,37,17,58,101709,14,11,18,16,56,101642,12,9,14,16,58,101756,17,14,23,16,59,101698,11,8,11,16,58,101684,15,12,20,,,102000,13,9,16,16,57,101757,10,8,14,16,60,101724,14,12,20,17,54,101891,16,12,21,,,,,,,,,,,,,,,,,,,16,54,101757,18,14,25
2017-05-18T20:00:00,,,,,,,16,60,101702,13,10,17,,,,,,,,,101629,15,11,18,16,63,101651,12,10,17,16,54,101653,14,12,18,16,59,101667,15,13,21,,,101654,15,13,21,16,61,101670,12,9,15,16,58,101593,13,10,17,16,61,,17,15,26,16,60,101751,17,14,22,,,,,,,16,61,,15,12,20,16,63,,19,16,27,16,61,,13,11,17,,,,,,,16,60,,13,11,19,16,62,,11,9,16,16,62,,17,14,23,,,,,,,16,62,101743,12,10,16,16,57,101667,12,10,16,16,-2095,101568,22,19,31,16,58,101749,11,9,14,16,57,,13,11,18,16,60,,14,12,19,15,57,101885,21,17,26,16,59,,17,14,23,16,59,101716,14,12,19,,,,,,,16,59,101724,16,13,22,16,60,101565,13,11,18,,,,,,,,,,,,,16,58,101621,12,9,16,16,58,101602,10,8,14,15,54,101775,12,10,17,16,58,101783,10,8,14,16,59,101777,15,13,20,15,54,101852,11,9,14,16,58,101785,11,9,14,16,57,101631,34,32,54,16,60,101687,14,12,19,16,59,101629,13,10,15,15,60,101736,21,18,30,16,61,101676,13,10,14,15,60,101661,20,16,26,16,58,101974,20,17,29,16,59,101737,14,11,19,16,61,101693,16,14,23,16,57,101875,20,16,28,,,,,,,,,,,,,,,,,,,15,56,101746,18,14,24
2017-05-18T21:00:00,,,,,,,15,62,101692,15,11,19,,,,,,,,,101620,15,12,19,15,66,101639,13,11,18,15,57,101643,15,12,19,14,61,101659,14,11,18,,,101644,18,14,23,14,64,101660,13,10,17,15,61,101587,13,11,18,14,63,,17,14,25,14,62,101744,17,15,23,,,,,,,15,63,,17,15,23,15,66,,22,19,34,14,63,,13,11,17,14,63,,28,25,43,14,63,,11,10,16,15,65,,12,10,17,14,64,,17,14,22,,,,,,,15,64,101737,13,11,18,14,61,101655,12,10,16,15,-2306,101560,21,18,30,15,61,101740,13,11,18,15,59,,15,13,20,15,63,,16,13,21,14,60,101881,21,17,26,14,61,,14,11,18,15,62,101707,11,10,16,,,,,,,14,61,101715,15,13,21,15,62,101551,12,10,16,,,,,,,,,,,,,15,60,101609,13,11,17,15,61,101594,15,13,22,14,56,101768,19,16,26,15,60,101776,11,9,16,15,62,101776,15,13,21,14,56,101841,12,9,15,14,61,101777,12,10,16,15,59,101622,30,28,46,15,62,101678,14,12,19,15,62,101619,14,11,16,14,63,101738,21,19,32,14,64,101679,15,12,17,14,61,101656,17,14,23,15,61,101965,17,13,22,14,62,101732,23,22,35,14,64,101691,17,15,24,15,59,101875,19,14,24,,,,,,,,,,,,,,,,,,,14,58,101737,17,13,23
2017-05-18T22:00:00,,,,,,,14,66,101654,16,12,22,,,,,,,,,101583,16,13,21,15,70,101608,15,13,20,14,61,101606,16,13,21,13,66,101622,17,15,25,,,101611,17,14,23,13,68,101627,16,14,23,14,65,101552,15,13,20,14,67,,20,16,29,14,66,101712,16,13,20,,,,,,,14,67,,16,14,22,14,69,,19,16,26,14,67,,15,13,20,13,67,,26,23,40,13,66,,12,10,17,14,68,,12,10,18,13,67,,16,13,21,,,,,,,14,68,101705,15,12,20,13,65,101620,14,11,17,14,-2365,101519,18,16,26,14,66,101714,17,15,24,14,64,,19,16,26,14,66,,18,15,25,13,66,101846,24,20,32,13,65,,14,11,18,14,66,101672,14,12,20,,,,,,,13,64,101679,13,11,18,13,65,101512,13,11,18,,,,,,,,,,,,,14,64,101573,13,11,18,14,67,101566,23,21,36,13,62,101739,19,16,26,14,64,101741,10,9,14,14,66,101741,14,12,20,13,60,101809,14,11,18,13,66,101746,14,12,19,14,63,101584,18,15,25,14,65,101641,13,11,18,14,66,101589,15,11,17,13,67,101706,24,21,36,13,68,101645,17,13,18,13,66,101623,22,18,29,14,66,101928,23,20,36,13,66,101698,19,17,28,13,68,101658,18,15,25,14,62,101839,23,19,35,,,,,,,,,,,,,,,,,,,13,62,101706,16,13,22
2017-05-18T23:00:00,,,,,,,13,71,101634,24,19,34,,,,,,,,,101563,27,23,40,13,76,101585,14,12,19,12,65,101583,15,13,20,12,71,101605,18,15,25,,,101592,18,15,24,12,74,101605,17,14,23,12,70,101533,17,14,23,12,72,,24,21,40,12,71,101694,15,12,19,,,,,,,12,71,,15,13,20,12,73,,16,13,23,12,72,,21,18,30,12,71,,26,22,37,12,71,,13,11,18,12,73,,22,20,36,12,72,,16,13,22,,,,,,,13,73,101686,18,15,24,12,70,101599,15,13,20,12,-2374,101496,15,13,20,12,70,101700,17,15,25,13,68,,24,21,34,13,72,,24,21,38,11,73,101826,25,21,33,12,70,,16,13,21,13,71,101655,18,16,26,,,,,,,12,69,101657,12,10,17,12,70,101489,18,16,25,,,,,,,,,,,,,12,69,101550,17,14,23,13,74,101543,19,16,27,12,68,101724,18,15,25,12,68,101718,10,9,14,13,71,101718,20,17,29,12,65,101792,14,12,18,12,70,101727,15,12,19,12,68,101565,17,14,23,12,70,101618,13,11,18,12,71,101571,15,12,17,12,72,101689,23,20,35,12,73,101623,19,14,20,12,71,101608,23,19,31,12,71,101910,23,20,35,12,71,101679,19,16,28,12,72,101643,16,13,23,13,67,101818,28,26,48,,,,,,,,,,,,,,,,,,,12,66,101689,16,13,22
2017-05-19T00:00:00,,,,,,,12,79,101627,26,23,41,,,,,,,,,101555,27,23,40,13,82,101580,14,12,19,12,72,101574,15,13,20,11,78,101599,15,13,20,,,101584,18,15,24,11,82,101594,14,11,19,11,77,101524,17,15,24,12,79,,22,20,35,11,77,101690,16,13,21,,,,,,,11,78,,14,11,18,12,80,,17,14,24,12,79,,24,21,36,11,77,,26,23,39,11,77,,11,9,15,12,79,,52,49,75,11,78,,17,14,23,,,,,,,12,79,101682,15,12,20,11,76,101590,14,12,19,11,-2377,101487,14,12,19,11,77,101702,16,14,23,12,75,,16,13,21,12,79,,25,23,41,10,81,101819,27,23,36,11,78,,15,13,21,12,78,101648,15,13,22,,,,,,,11,76,101647,12,10,18,11,78,101482,16,13,22,,,,,,,,,,,,,11,76,101540,14,12,19,12,82,101532,19,16,27,11,76,101721,17,14,23,11,75,101711,10,8,14,12,78,101709,26,23,41,11,72,101780,14,12,19,11,77,101722,14,11,19,11,75,101556,17,14,22,11,77,101609,13,11,17,11,78,101573,17,13,19,11,79,101685,22,19,33,11,78,101617,20,15,22,11,78,101601,22,18,29,12,78,101902,24,21,36,11,77,101673,16,14,23,11,77,101637,14,11,20,12,73,101816,25,21,39,,,,,,,,,,,,,,,,,,,11,72,101682,15,12,21
2017-05-19T01:00:00,,,,,,,11,79,101617,26,22,38,,,,,,,,,101546,24,20,32,12,82,101569,13,11,19,11,72,101565,15,13,20,11,79,101587,15,12,20,,,101578,17,15,24,11,82,101586,16,13,21,11,78,101517,16,14,22,11,79,,23,20,36,11,78,101690,16,14,21,,,,,,,11,78,,16,14,22,11,80,,17,14,24,11,80,,21,18,30,10,77,,25,21,36,11,77,,11,9,15,11,80,,46,43,70,11,78,,17,14,23,,,,,,,11,80,101677,15,13,21,11,76,101582,14,11,18,11,-2360,101478,15,13,21,11,77,101700,14,12,20,11,77,,18,16,26,12,79,,22,20,34,10,81,101811,24,20,32,10,79,,17,13,21,12,78,101640,16,14,24,,,,,,,11,77,101638,13,11,18,11,78,101475,11,9,15,,,,,,,,,,,,,11,77,101530,15,13,21,11,82,101522,16,14,23,10,78,101715,16,13,22,11,77,101702,10,8,14,11,79,101704,25,22,38,10,72,101771,16,13,21,10,77,101712,14,12,19,11,76,101547,18,15,25,11,77,101600,13,11,18,10,78,101565,17,13,19,10,80,101682,23,20,35,11,79,101610,21,17,24,10,78,101592,21,17,28,11,79,101893,23,19,34,10,79,101663,18,16,26,10,78,101626,14,11,20,11,74,101811,23,19,34,,,,,,,,,,,,,,,,,,,10,73,101676,14,12,20
2017-05-19T02:00:00,,,,,,,10,88,101619,26,20,36,,,,,,,,,101549,26,22,36,11,88,101580,14,12,19,10,81,101568,17,14,22,9,88,101595,18,15,25,,,101580,18,15,24,9,88,101590,14,12,19,9,86,101521,16,14,22,10,87,,23,20,37,9,85,101697,16,13,21,,,,,,,9,86,,15,13,21,10,88,,17,14,24,10,88,,20,17,27,9,84,,25,21,35,9,86,,12,10,16,10,87,,29,26,47,9,86,,17,14,22,,,,,,,10,88,101681,14,13,20,9,85,101584,13,11,17,10,-2521,101484,15,13,21,9,85,101708,15,12,21,10,86,,14,12,19,10,88,,23,20,33,8,88,101812,26,22,35,9,88,,20,17,27,11,87,101643,14,13,20,,,,,,,10,85,101645,14,12,20,9,86,101475,11,9,15,,,,,,,,,,,,,9,85,101531,14,12,20,10,88,101526,15,13,21,9,88,101725,16,14,23,9,85,101703,11,9,15,10,87,101713,26,23,40,9,80,101772,17,14,22,9,85,101721,15,12,20,9,85,101552,20,17,28,10,86,101603,14,12,20,9,86,101568,18,13,19,9,88,101689,23,21,35,9,87,101616,22,19,27,9,86,101592,21,17,27,10,87,101897,26,23,40,9,87,101665,18,15,25,9,85,101630,14,11,19,10,81,101818,23,19,35,,,,,,,,,,,,,,,,,,,9,80,101679,16,13,22
2017-05-19T03:00:00,,,,,,,10,90,101616,25,20,36,,,,,,,,,101547,28,23,40,11,90,101574,14,12,20,10,83,101568,15,13,20,9,90,101587,18,15,25,,,101583,20,17,27,10,90,101589,14,12,19,9,89,101520,16,13,21,10,90,,26,23,43,9,87,101696,18,15,24,,,,,,,9,88,,16,14,22,10,90,,21,18,30,10,90,,20,17,28,9,86,,25,21,36,10,90,,12,10,16,9,89,,22,20,35,9,88,,18,14,24,,,,,,,10,90,101678,16,14,22,9,88,101584,13,11,18,10,-2564,101482,22,20,34,9,88,101706,15,13,22,10,90,,16,14,23,10,89,,23,20,35,8,90,101809,26,22,34,9,90,,27,25,41,10,88,101639,14,13,21,,,,,,,9,89,101649,15,13,21,10,89,101474,11,9,14,,,,,,,,,,,,,9,88,101528,15,13,21,9,90,101525,15,13,21,9,90,101723,18,15,25,9,87,101705,11,9,15,10,90,101713,24,21,36,9,82,101770,17,14,22,9,87,101719,15,13,20,9,87,101551,19,16,26,10,89,101599,16,13,22,9,88,101565,18,13,20,9,90,101687,23,21,36,9,88,101615,22,18,26,9,88,101591,22,18,29,10,88,101893,24,20,33,9,90,101660,18,16,26,9,88,101626,14,11,20,10,84,101817,26,22,41,,,,,,,,,,,,,,,,,,,9,83,101679,18,14,24
2017-05-19T04:00:00,,,,,,,11,82,101614,24,19,34,,,,,,,,,101547,27,23,38,12,85,101570,17,14,23,11,77,101566,16,14,22,11,83,101593,21,18,31,,,101582,19,16,26,12,85,101601,16,13,21,11,82,101516,18,16,25,11,84,,26,23,45,11,82,101678,20,16,26,,,,,,,11,82,,18,16,25,11,84,,20,18,31,11,83,,21,18,29,10,82,,25,22,37,14,85,,12,10,17,11,83,,19,16,28,11,82,,18,15,24,,,,,,,11,82,101674,16,14,22,11,80,101584,16,14,22,13,-4537,101493,21,19,32,11,83,101689,19,16,27,11,81,,18,15,24,11,82,,22,19,33,10,85,101804,28,24,39,11,85,,21,18,28,12,81,101638,15,13,21,,,,,,,13,85,101629,18,15,26,12,84,101467,11,10,16,,,,,,,,,,,,,11,82,101529,17,14,23,11,85,101521,15,13,21,11,82,101708,18,15,26,11,81,101700,12,11,19,11,84,101704,23,20,35,12,78,101774,18,15,24,10,82,101708,18,15,25,11,81,101548,22,18,30,11,82,101599,17,14,23,11,85,101551,20,16,23,10,84,101680,25,22,39,11,83,101607,22,18,26,10,83,101590,24,20,33,11,80,101891,22,19,31,14,85,101663,19,17,28,10,83,101620,14,12,21,11,77,101814,26,22,41,,,,,,,,,,,,,,,,,,,11,77,101669,18,14,24
2017-05-19T05:00:00,,,,,,,14,70,101630,27,23,41,,,,,,,,,101558,31,27,47,15,74,101580,18,16,25,14,65,101580,18,16,25,15,73,101609,19,16,26,,,101591,21,18,29,16,70,101624,19,16,26,14,70,101530,25,22,38,14,73,,25,22,43,14,70,101681,20,17,27,,,,,,,14,71,,21,17,28,14,72,,21,19,33,14,72,,25,22,38,13,70,,23,20,34,18,76,,15,12,20,14,71,,23,20,38,13,71,,21,18,29,,,,,,,15,74,101679,22,19,32,13,68,101595,20,17,27,18,-6285,101525,20,18,31,14,69,101682,23,21,35,14,68,,23,22,34,14,70,,26,23,41,13,70,101811,25,21,34,14,71,,20,16,26,14,70,101658,20,18,29,,,,,,,16,71,101638,16,14,24,14,71,101476,15,13,20,,,,,,,,,,,,,14,70,101548,21,18,30,14,72,101535,20,17,29,14,65,101709,20,18,30,13,68,101718,14,12,20,14,71,101709,25,22,38,16,60,101805,15,13,21,13,70,101716,22,19,31,15,69,101564,23,20,34,13,70,101619,20,17,27,15,69,101548,19,15,23,13,70,101688,25,23,39,13,71,101620,22,19,28,14,71,101603,23,20,34,14,67,101910,25,22,38,15,70,101690,20,18,30,13,71,101629,16,14,24,14,66,101824,29,25,48,,,,,,,,,,,,,,,,,,,14,66,101674,19,16,27
2017-05-19T06:00:00,,,,,,,16,66,101638,28,23,43,,,,,,,,,101563,31,28,48,16,68,101579,18,15,25,16,61,101588,19,17,27,19,71,101631,17,14,22,,,101598,22,19,31,17,66,101633,20,18,30,16,65,101536,24,21,36,16,70,,25,22,44,15,66,101681,22,18,30,,,,,,,15,67,,21,18,28,16,69,,24,21,38,16,68,,26,23,40,15,68,,23,20,35,20,73,,16,14,22,16,67,,24,21,40,16,68,,22,19,31,,,,,,,21,73,101682,21,19,34,16,64,101608,22,19,30,20,-6939,101532,18,16,28,16,66,101675,23,21,36,16,64,,24,21,35,16,67,,26,24,43,15,63,101823,25,22,36,17,67,,20,17,28,18,71,101677,21,19,34,,,,,,,19,67,101634,17,14,26,16,67,101482,16,14,23,,,,,,,,,,,,,17,66,101564,21,18,32,18,69,101554,18,16,27,15,61,101710,22,19,32,15,64,101724,15,13,22,17,67,101707,25,22,39,18,55,101818,17,15,25,15,65,101717,18,15,23,18,64,101579,23,20,35,15,66,101626,19,16,26,17,60,101545,23,19,30,15,66,101689,28,26,45,15,66,101626,25,21,33,16,66,101613,22,19,32,16,64,101920,24,21,37,16,66,101695,24,21,38,15,67,101638,18,16,26,16,62,101825,27,24,46,,,,,,,,,,,,,,,,,,,17,63,101669,20,17,29
2017-05-19T07:00:00,,,,,,,18,59,101610,26,22,40,,,,,,,,,101536,28,24,42,18,60,101548,18,16,26,18,54,101560,18,16,26,22,62,101610,15,13,21,,,101568,21,18,30,19,59,101600,23,20,35,18,58,101509,24,21,36,18,62,,23,20,40,18,61,101632,21,18,29,,,,,,,19,62,,20,17,26,18,62,,27,27,46,18,62,,24,21,37,18,60,,22,19,32,22,68,,16,14,22,18,60,,21,19,35,18,61,,21,18,31,,,,,,,23,68,101658,21,18,33,18,56,101582,20,17,27,23,-7594,101507,17,15,27,18,58,101644,22,20,35,18,57,,25,22,36,19,61,,24,21,39,18,54,101803,24,21,33,20,58,,21,18,30,23,68,101647,20,18,32,,,,,,,21,60,101608,16,14,25,18,60,101454,17,15,24,,,,,,,,,,,,,21,58,101556,21,18,32,23,56,101546,15,13,23,18,54,101667,21,18,31,18,58,101694,15,13,21,19,60,101673,21,19,33,20,47,101793,17,15,25,18,58,101685,18,15,24,19,56,101550,23,20,35,18,60,101604,19,16,27,20,50,101524,21,18,27,18,59,101659,23,21,38,18,59,101587,19,16,22,19,58,101588,20,17,27,18,57,101892,22,19,33,18,58,101665,21,19,33,18,61,101611,20,17,28,19,56,101772,24,20,37,,,,,,,,,,,,,,,,,,,20,56,101639,19,16,27
2017-05-19T08:00:00,,,,,,,21,52,101572,23,19,35,,,,,,,,,101519,22,19,32,20,52,101511,17,15,24,20,47,101518,17,14,22,24,54,101572,14,12,18,,,101526,19,15,25,20,52,101556,19,16,26,20,51,101467,20,17,28,21,55,,26,23,45,22,56,101579,19,16,26,,,,,,,22,57,,16,14,22,20,55,,28,28,47,20,54,,22,19,34,21,54,,18,15,24,23,59,,14,12,19,20,53,,18,16,29,20,53,,18,14,24,,,,,,,25,62,101616,17,15,27,20,49,101539,17,14,22,25,-6958,101472,16,14,24,20,51,101595,23,21,37,20,49,,21,18,29,21,55,,24,21,39,20,47,101767,18,15,23,23,50,,17,14,23,22,55,101615,16,14,24,,,,,,,21,52,101582,16,14,24,20,52,101411,18,15,24,,,,,,,,,,,,,23,49,101530,18,15,26,25,48,101509,12,10,17,21,46,101620,18,15,26,21,51,101652,15,13,21,22,52,101629,18,15,26,22,40,101752,15,13,20,20,51,101643,19,16,26,20,49,101505,20,17,29,20,53,101568,19,16,26,23,39,101468,17,13,19,22,50,101612,18,16,27,20,51,101554,16,13,18,21,50,101550,16,12,20,21,50,101853,21,18,31,20,50,101626,15,13,22,20,53,101579,15,12,21,21,48,101726,23,19,35,,,,,,,,,,,,,,,,,,,22,49,101598,17,13,22
2017-05-19T09:00:00,,,,,,,22,45,101548,24,19,35,,,,,,,,,101501,22,19,33,21,44,101483,16,14,23,21,39,101490,16,13,20,22,45,101525,17,13,21,,,101494,16,13,21,21,44,101522,17,14,23,22,44,101438,20,17,29,22,47,,23,20,40,24,51,101534,18,15,24,,,,,,,24,50,,16,13,21,22,46,,18,15,26,22,47,,23,21,36,22,47,,17,14,23,23,48,,15,13,20,22,46,,20,18,34,22,46,,18,15,24,,,,,,,26,55,101586,17,15,24,21,41,101512,15,12,19,27,-6254,101448,15,13,21,22,42,101574,16,14,22,22,42,,17,15,23,23,48,,23,20,37,22,38,101738,16,13,20,25,39,,16,13,21,23,46,101581,18,16,27,,,,,,,22,44,101554,17,15,26,22,44,101385,19,15,25,,,,,,,,,,,,,23,43,101497,18,15,25,26,40,101482,13,11,17,22,39,101595,17,15,25,23,43,101626,15,13,21,24,44,101598,19,16,29,22,35,101717,16,14,22,21,44,101619,18,15,24,21,41,101477,21,18,31,22,45,101548,18,15,24,25,32,101439,17,13,20,24,39,101582,18,16,27,22,43,101524,15,12,16,22,42,101520,15,12,19,22,42,101827,19,16,27,21,42,101593,15,13,22,21,45,101550,13,11,18,23,41,101691,24,20,37,,,,,,,,,,,,,,,,,,,23,41,101568,15,12,20
2017-05-19T10:00:00,,,,,,,23,48,101499,18,14,24,,,,,,,,,101447,20,17,27,21,47,101427,16,13,21,22,43,101439,16,14,21,22,47,101467,15,13,20,,,101445,18,15,25,22,47,101467,17,14,22,24,48,101395,17,14,24,22,50,,20,17,33,26,58,101463,17,14,23,,,,,,,24,53,,16,13,21,23,51,,17,14,23,24,54,,18,15,25,23,50,,17,13,21,23,50,,14,12,19,23,50,,16,14,25,22,49,,18,15,24,,,,,,,25,56,101533,17,14,24,22,45,101459,16,13,20,26,-4739,101418,14,11,18,22,46,101519,17,15,24,23,45,,17,14,23,24,50,,19,17,29,22,42,101689,21,18,28,27,39,,14,12,18,23,48,101526,17,15,24,,,,,,,22,47,101505,16,14,23,22,47,101337,17,14,23,,,,,,,,,,,,,23,46,101435,17,14,22,25,45,101428,13,11,17,22,42,101545,16,14,22,24,45,101576,13,11,18,24,47,101552,16,14,22,22,40,101657,17,14,23,22,47,101564,19,16,27,22,45,101427,21,18,29,23,48,101498,16,13,21,25,36,101415,18,14,21,25,42,101526,16,14,24,24,47,101471,17,13,18,22,46,101470,18,14,22,,,101771,16,12,20,22,46,101538,16,13,22,22,49,101502,13,11,18,23,44,101637,21,17,29,,,,,,,,,,,,,,,,,,,23,44,101513,16,13,21
2017-05-19T11:00:00,,,,,,,24,49,101459,16,12,22,,,,,,,,,101391,19,15,24,22,47,101371,16,13,22,22,44,101393,17,15,23,23,48,101411,18,15,25,,,101401,19,16,26,22,48,101425,17,15,23,26,49,101373,17,14,24,22,50,,18,14,26,26,57,101421,17,15,24,,,,,,,24,53,,17,14,23,24,54,,17,15,25,25,56,,17,15,24,23,50,,18,15,24,23,49,,17,15,24,24,52,,15,13,22,23,51,,19,16,28,,,,,,,25,54,101486,16,14,23,23,45,101414,17,14,22,23,-2157,101328,18,15,25,23,46,101466,18,15,25,23,46,,18,15,24,24,51,,18,15,26,23,43,101644,18,14,21,27,39,,14,12,19,23,48,101480,17,15,24,,,,,,,22,48,101457,17,15,26,23,48,101294,18,15,24,,,,,,,,,,,,,23,47,101390,17,14,23,23,46,101360,15,12,21,23,43,101494,17,14,24,25,45,101522,14,12,19,24,47,101504,14,12,20,22,40,101614,16,13,21,23,48,101514,18,15,24,22,45,101378,23,19,33,23,48,101447,17,15,24,25,36,101352,15,11,17,25,42,101478,15,12,20,26,43,101435,13,10,13,23,46,101419,16,13,20,,,101721,13,9,15,22,46,101491,13,11,17,23,50,101451,15,12,20,23,44,101593,19,15,25,,,,,,,,,,,,,,,,,,,24,45,101466,18,14,24
2017-05-19T12:00:00,,,,,,,25,51,101403,16,12,20,,,,,,,,,101328,19,15,23,22,48,101310,14,12,19,23,44,101336,18,16,26,23,49,101350,17,13,21,,,101342,18,15,24,23,49,101365,16,13,21,27,49,101322,15,13,21,23,51,,17,15,26,26,56,101366,17,15,24,,,,,,,25,55,,16,13,21,25,57,,16,14,23,26,58,,16,14,23,23,51,,16,14,22,23,51,,18,15,25,25,55,,14,12,21,24,53,,19,16,26,,,,,,,25,55,101425,15,13,20,23,46,101359,15,12,19,23,-2087,101266,16,14,22,23,48,101407,16,13,21,24,47,,16,13,21,24,51,,18,16,27,23,44,101586,18,14,21,28,39,,14,11,17,24,49,101419,16,14,23,,,,,,,23,49,101395,17,15,25,23,49,101233,18,16,26,,,,,,,,,,,,,23,48,101337,16,14,22,23,47,101292,13,11,18,23,44,101437,15,13,21,26,47,101461,14,12,19,24,49,101442,16,13,21,23,41,101556,15,12,19,24,49,101445,17,15,24,23,47,101317,22,19,31,24,49,101388,16,13,21,24,41,101326,17,12,18,26,43,101414,15,13,21,27,42,101379,13,9,12,23,48,101359,16,13,20,,,101656,12,9,14,23,47,101431,12,10,17,23,51,101393,13,11,19,23,45,101532,20,15,26,,,,,,,,,,,,,,,,,,,24,46,101408,17,13,23
2017-05-19T13:00:00,,,,,,,27,49,101356,13,10,17,,,,,,,,,101273,16,13,20,23,46,101258,12,10,17,24,43,101292,25,21,36,24,47,101306,15,12,19,,,101291,17,14,22,24,47,101315,14,12,19,29,46,101271,14,12,19,24,49,,15,12,22,25,50,101343,17,14,22,,,,,,,26,53,,15,12,19,27,57,,14,11,18,27,57,,15,12,20,24,49,,14,11,18,24,49,,15,13,21,28,58,,13,11,19,28,60,,16,14,23,,,,,,,25,51,101371,14,12,19,24,44,101308,14,11,18,24,-1941,101213,14,12,19,24,46,101348,13,12,19,26,46,,15,12,20,24,48,,18,15,25,24,42,101534,15,12,18,26,42,,13,10,16,24,47,101368,15,13,21,24,47,101342,14,12,20,24,47,101343,15,13,22,24,47,101182,17,14,22,,,,,,,,,,,,,24,46,101285,14,12,19,24,46,101240,12,10,17,24,42,101384,14,12,19,27,42,101405,12,10,16,25,47,101388,15,12,20,24,39,101501,14,11,17,26,45,101392,13,11,17,24,45,101266,20,18,29,24,47,101337,14,11,18,24,41,101239,14,11,15,27,40,101363,13,11,18,29,39,101328,12,8,11,24,46,101308,15,12,19,,,101600,9,6,10,24,46,101380,11,9,16,24,50,101342,13,11,19,24,43,101482,17,13,22,,,,,,,,,,,,,,,,,,,25,44,101355,15,12,20
2017-05-19T14:00:00,,,,,,,27,43,101313,12,9,15,,,,,,,,,101226,16,12,19,23,41,101213,12,9,15,25,37,101248,15,13,20,24,41,101256,12,10,16,,,101242,16,13,21,24,41,101268,13,10,16,29,39,101225,13,11,17,24,43,,14,12,21,24,43,101312,14,12,19,,,,,,,26,46,,13,11,17,28,54,,13,10,17,28,51,,15,12,19,25,43,,13,11,18,24,43,,13,11,19,30,55,,12,10,17,30,55,,15,12,20,,,,,,,25,45,101328,13,11,19,24,38,101262,12,10,15,24,-1884,101170,14,12,19,25,40,101302,14,12,20,28,40,,13,10,16,25,42,,16,13,21,25,36,101491,15,12,18,25,39,,13,11,16,25,42,101321,13,11,18,24,41,101311,13,11,19,24,41,101298,13,11,18,24,41,101140,13,11,18,,,,,,,,,,,,,24,40,101240,13,11,18,24,40,101192,11,9,15,24,36,101339,13,12,19,29,33,101361,10,8,13,25,40,101346,13,10,16,24,33,101453,12,10,15,27,39,101354,12,10,15,24,39,101224,19,16,25,25,41,101295,14,11,19,25,36,101216,14,10,15,27,34,101320,12,10,16,29,34,101288,10,7,9,24,40,101266,13,11,17,,,101550,8,5,8,24,40,101337,10,8,14,25,45,101303,12,11,17,24,38,101436,15,11,19,,,,,,,,,,,,,,,,,,,25,38,101310,14,11,19
2017-05-19T15:00:00,,,,,,,25,46,101272,12,9,16,,,,,,,,,101185,15,11,18,22,44,101177,12,10,15,23,40,101206,14,12,18,23,45,101209,13,11,17,,,101201,17,14,23,23,45,101229,13,10,16,25,44,101168,14,11,18,24,48,,14,12,21,23,46,101277,14,11,18,,,,,,,24,48,,14,12,19,26,53,,13,10,17,26,53,,15,12,20,24,47,,13,11,18,23,46,,13,11,17,28,55,,11,10,17,26,54,,15,13,20,,,,,,,24,48,101279,13,11,17,24,42,101224,12,10,15,23,-1899,101132,14,12,19,24,44,101260,14,12,19,27,43,,12,9,14,24,46,,16,13,21,24,40,101454,17,14,21,24,43,,13,11,17,24,45,101281,14,13,21,24,45,101274,12,11,18,23,44,101261,13,11,17,24,44,101104,13,11,18,,,,,,,,,,,,,23,44,101200,13,10,17,23,44,101152,11,9,15,23,40,101301,25,22,37,28,37,101323,10,8,13,24,44,101306,14,11,19,23,37,101414,11,9,14,26,42,101315,13,10,16,23,43,101188,19,16,26,24,45,101257,15,12,20,24,40,101164,14,10,15,25,41,101283,13,11,17,26,42,101246,11,8,11,23,44,101227,14,11,17,,,101520,8,6,9,23,44,101296,12,10,17,24,49,101264,12,10,17,24,42,101398,16,12,20,,,,,,,,,,,,,,,,,,,24,41,101274,14,11,19
2017-05-19T16:00:00,,,,,,,24,54,101240,13,9,17,,,,,,,,,101157,13,10,16,22,52,101151,13,10,17,22,48,101178,14,11,18,22,53,101196,13,10,17,,,101175,17,13,21,23,53,101202,13,11,17,23,52,101125,14,11,18,23,55,,14,12,21,23,53,101256,15,12,19,,,,,,,23,55,,13,11,18,25,62,,15,12,21,25,59,,14,11,18,23,56,,13,11,18,22,54,,17,14,22,26,61,,11,10,17,23,56,,16,13,21,,,,,,,23,56,101263,14,12,19,24,48,101203,11,9,14,23,-1952,101103,14,12,19,24,51,101224,14,12,19,26,51,,12,10,15,23,54,,16,13,21,22,47,101426,15,12,18,23,51,,19,16,26,23,53,101255,14,13,21,23,53,101253,13,11,18,22,51,101238,14,12,20,23,52,101084,14,12,19,,,,,,,,,,,,,22,52,101173,13,10,17,23,52,101129,11,9,15,22,47,101279,14,12,20,26,46,101308,12,11,17,23,52,101281,14,12,19,22,44,101389,12,9,15,25,50,101294,13,10,16,22,50,101160,19,16,25,23,52,101227,13,11,18,23,49,101144,13,10,15,23,51,101259,14,12,19,23,51,101210,13,9,13,22,52,101200,13,11,17,,,101498,9,6,10,23,52,101271,13,13,21,23,55,101238,12,10,17,23,49,101371,15,12,19,,,,,,,,,,,,,,,,,,,23,49,101250,15,12,20
2017-05-19T17:00:00,,,,,,,23,53,101232,16,12,21,,,,,,,,,101150,15,11,18,21,51,101148,16,14,23,22,47,101172,15,12,19,21,52,101195,14,12,17,,,101169,17,14,23,21,52,101194,15,12,19,22,51,101114,18,15,24,22,54,,14,12,21,22,53,101252,17,14,22,,,,,,,22,54,,15,12,20,23,58,,17,15,26,22,55,,16,13,21,22,54,,13,11,18,21,53,,15,13,20,24,58,,12,10,17,22,54,,17,14,22,,,,,,,22,54,101254,16,14,22,22,49,101194,13,11,17,22,-2008,101093,14,12,19,22,50,101232,20,18,29,23,50,,18,15,24,22,53,,18,15,24,21,46,101417,17,13,21,22,51,,17,14,22,22,52,101252,19,18,29,22,52,101252,14,12,21,21,52,101236,15,12,20,22,52,101078,15,12,20,22,50,101190,20,17,29,,,,,,,22,51,101162,14,12,19,22,52,101116,13,11,17,21,47,101275,23,20,35,23,49,101311,11,10,15,22,51,101280,13,11,17,21,43,101381,12,10,16,22,50,101306,14,11,18,21,50,101154,20,16,27,22,52,101222,14,12,19,22,48,101133,14,10,15,21,51,101253,15,13,20,22,51,101200,13,10,13,21,51,101194,14,11,18,,,101506,10,7,12,22,50,101264,12,10,17,22,54,101232,12,10,17,22,48,101367,16,12,21,,,,,,,,,,,,,,,,,,,22,49,101245,16,13,21
2017-05-19T18:00:00,,,,,,,21,55,101233,24,21,39,,,,,,,,,101154,14,11,18,20,54,101161,18,16,27,21,50,101175,13,11,17,20,56,101194,13,10,16,,,101171,16,13,21,20,56,101199,19,16,26,21,54,101120,21,18,32,20,56,,15,12,21,20,56,101263,14,12,18,,,,,,,21,56,,13,11,18,21,59,,14,12,19,21,57,,21,19,33,21,57,,16,14,21,20,56,,15,12,19,22,58,,14,12,22,21,57,,16,13,21,,,,,,,21,57,101260,19,16,26,21,53,101195,13,11,17,20,-1891,101098,12,11,17,21,53,101251,16,14,23,21,53,,19,17,26,21,56,,21,19,33,20,51,101419,20,16,26,21,54,,15,12,19,21,55,101257,22,20,34,21,56,101261,12,11,17,20,54,101245,13,11,18,21,55,101083,15,13,21,21,53,101199,28,26,46,,,,,,,21,54,101164,19,17,27,21,55,101119,12,10,16,20,50,101288,15,13,21,21,53,101311,10,8,13,21,55,101285,13,11,18,20,45,101379,15,12,20,21,53,101313,12,10,15,20,53,101159,18,15,23,21,55,101224,13,11,17,20,52,101150,15,12,18,20,55,101259,15,13,20,21,55,101198,13,10,14,20,54,101192,15,12,20,,,101508,10,7,12,20,54,101267,13,12,19,20,57,101232,13,11,19,21,52,101380,16,12,21,,,,,,,,,,,,,,,,,,,20,52,101254,15,12,20
2017-05-19T19:00:00,,,,,,,20,57,101242,22,17,31,,,,,,,,,101167,15,12,19,19,57,101181,12,9,15,19,52,101191,11,9,15,19,57,101206,12,9,16,,,101189,15,12,20,19,58,101217,21,19,31,19,56,101136,27,25,42,19,58,,15,13,22,19,57,101287,13,10,16,20,58,,18,16,25,19,58,,12,9,15,20,60,,14,12,21,19,58,,17,14,23,19,58,,19,16,25,19,57,,11,9,14,20,59,,11,10,17,19,58,,13,11,18,,,,,,,20,59,101275,20,17,29,19,55,101211,14,12,18,19,-1849,101107,12,10,16,19,55,101270,20,18,29,19,55,,16,13,21,20,57,,17,14,23,19,55,101432,21,18,29,19,56,,13,11,17,20,57,101270,23,21,36,19,57,101285,10,9,15,19,56,101262,11,9,16,19,56,101101,14,12,20,20,55,101212,26,23,40,,,,,,,19,56,101178,18,15,25,19,56,101136,12,10,17,19,51,101308,14,12,19,19,54,101324,10,8,14,19,56,101305,12,10,16,19,46,101388,13,10,17,19,54,101322,10,7,12,19,54,101172,14,11,18,19,56,101233,11,9,15,19,55,101162,13,10,15,19,57,101274,16,13,20,19,56,101213,14,10,15,19,57,101208,16,13,21,,,101516,13,10,17,19,56,101279,17,16,25,19,59,101245,16,13,22,19,53,101404,16,12,21,,,,,,,,,,,,,,,,,,,19,53,101277,13,10,18
2017-05-19T20:00:00,,,,,,,18,59,101240,13,10,17,,,,,,,,,101167,13,10,16,18,60,101181,11,9,15,18,53,101188,12,10,16,17,58,101204,12,9,14,,,101187,15,12,20,17,61,101211,15,13,20,18,58,101127,15,13,20,17,60,,14,11,20,17,59,101284,13,10,16,18,60,,17,14,21,17,60,,12,10,16,18,62,,18,16,26,17,60,,13,10,17,17,60,,22,19,30,17,59,,12,9,15,18,61,,11,9,16,17,60,,14,12,19,,,,,,,18,61,101274,20,17,28,17,57,101206,17,14,22,17,-1958,101103,14,12,20,18,57,101267,22,20,35,17,57,,19,17,27,18,59,,14,11,18,17,58,101428,21,16,25,17,58,,13,10,17,18,59,101265,19,18,29,18,59,101283,10,9,15,17,57,101258,11,9,15,17,58,101097,11,9,16,18,58,101210,17,14,24,,,,,,,17,58,101172,13,11,18,17,59,101135,15,13,21,17,53,101306,16,14,23,18,56,101315,10,8,14,18,58,101311,13,10,17,17,47,101386,11,9,15,17,56,101317,10,8,12,17,56,101170,15,12,20,17,58,101229,12,10,17,17,57,101168,13,10,15,17,59,101274,18,15,24,17,60,101217,16,12,17,17,59,101207,21,18,28,18,56,101513,29,26,40,17,59,101273,16,14,23,17,61,101239,15,13,22,17,55,101405,17,13,22,,,,,,,,,,,,,,,,,,,17,55,101275,15,12,20
2017-05-19T21:00:00,,,,,,,17,63,101261,16,12,21,,,,,,,,,101191,14,11,17,17,64,101199,12,9,15,17,57,101219,14,11,18,16,62,101204,12,10,16,,,101221,17,14,23,16,66,101244,18,15,24,17,62,101160,15,12,19,16,63,,16,13,23,16,63,101311,17,14,22,17,64,,19,15,23,16,64,,14,12,18,17,65,,19,15,26,16,63,,15,13,20,16,64,,24,20,34,16,63,,13,11,17,17,65,,11,9,16,16,64,,15,12,20,,,,,,,17,65,101308,18,15,25,16,62,101237,15,13,21,16,-2084,101124,22,19,33,17,62,101292,27,25,44,16,61,,26,23,40,17,63,,16,13,21,16,63,101459,23,18,29,16,62,,17,14,24,17,63,101290,17,16,26,,,,,,,16,62,101280,12,10,17,16,62,101126,10,8,14,17,62,101230,20,17,28,,,,,,,16,62,101201,14,11,18,17,63,101172,29,27,45,16,58,101333,21,18,30,17,60,101337,10,8,13,17,62,101345,13,11,18,16,50,101432,14,12,18,16,61,101332,12,10,15,16,60,101195,17,14,23,17,62,101249,13,11,18,16,62,101202,21,17,25,16,63,101314,19,16,26,16,64,101257,17,13,18,16,63,101245,22,18,29,17,60,101534,28,24,37,16,63,101306,22,20,33,16,65,101269,22,19,33,17,59,101435,17,12,21,,,,,,,,,,,,,,,,,,,16,59,101308,16,13,22
2017-05-19T22:00:00,,,,,,,15,72,101295,22,17,30,,,,,,,,,101225,18,14,23,15,73,101235,11,9,15,15,66,101250,14,12,18,15,72,101264,15,13,21,,,101257,19,15,25,14,75,101275,14,12,19,15,71,101195,18,15,24,15,72,,17,14,25,15,72,101351,15,13,20,,,,,,,15,72,,14,12,19,15,74,,19,16,28,15,73,,19,16,25,14,72,,26,23,40,15,72,,14,12,19,15,73,,12,10,17,15,72,,15,13,21,,,,,,,15,74,101342,18,16,26,14,71,101268,15,13,20,15,-2386,101159,16,14,22,15,71,101337,23,20,35,15,70,,19,16,26,15,73,,20,17,28,14,73,101499,27,23,37,14,72,,16,13,21,16,72,101324,17,16,26,,,,,,,15,70,101314,13,11,19,15,71,101155,11,9,14,15,71,101268,24,21,37,,,,,,,15,70,101230,15,12,20,15,74,101204,18,16,26,14,68,101371,19,16,26,15,69,101378,11,9,15,15,72,101382,16,13,22,14,56,101463,16,13,21,14,70,101375,13,11,17,15,69,101230,17,14,23,15,71,101281,13,11,18,14,72,101242,20,16,24,14,73,101354,20,18,30,14,73,101293,18,13,19,14,73,101285,23,20,32,,,101564,15,11,19,14,72,101348,18,16,26,15,73,101310,28,26,47,15,68,101475,18,14,24,,,,,,,,,,,,,,,,,,,14,67,101346,18,14,24
2017-05-19T23:00:00,,,,,,,14,76,101304,21,16,28,,,,,,,,,101231,22,17,27,15,77,101249,12,10,16,14,71,101257,17,14,22,14,77,101267,16,13,21,,,101265,21,17,28,13,80,101282,16,14,22,14,76,101205,19,15,25,14,77,,20,17,30,14,76,101365,17,14,22,,,,,,,14,76,,16,13,21,14,79,,21,18,30,14,78,,20,17,27,13,76,,24,21,34,14,76,,14,11,18,14,77,,13,11,19,14,77,,18,14,23,,,,,,,14,78,101356,17,14,23,13,76,101273,16,13,21,14,-2397,101166,15,13,20,14,76,101364,14,12,20,14,76,,16,13,21,15,78,,19,17,28,13,80,101507,30,25,42,13,78,,16,13,20,15,76,101330,16,14,23,,,,,,,14,75,101322,14,12,20,14,76,101165,13,10,17,14,77,101278,24,22,38,,,,,,,14,74,101236,13,11,18,14,80,101210,22,19,32,13,74,101382,18,15,25,14,75,101387,11,10,17,14,77,101389,22,19,32,13,59,101472,18,14,23,13,75,101390,14,12,19,14,74,101238,22,18,31,14,76,101289,15,13,21,13,77,101253,18,13,20,13,79,101368,26,23,40,13,77,101301,18,14,20,13,77,101295,28,25,43,14,76,101572,19,15,25,14,77,101356,23,21,34,14,77,101326,30,29,51,14,72,101484,21,17,29,,,,,,,,,,,,,,,,,,,13,71,101356,17,13,23
2017-05-20T00:00:00,,,,,,,13,86,101320,22,16,28,,,,,,,,,101243,24,20,33,13,86,101268,14,12,19,13,79,101267,18,15,24,12,86,101286,16,14,22,,,101278,20,17,27,12,86,101292,18,15,24,13,85,101218,20,16,27,13,86,,22,19,36,12,83,101382,17,14,22,13,84,,22,19,30,12,84,,16,14,22,13,86,,24,21,37,13,86,,22,19,32,12,84,,26,23,39,12,85,,17,14,23,12,85,,15,13,23,12,85,,19,15,25,,,,,,,13,86,101368,19,15,25,12,84,101284,16,13,21,13,-2506,101182,14,12,20,12,84,101384,14,12,20,13,85,,16,14,21,13,86,,22,19,34,12,86,101516,30,27,44,12,86,,17,14,22,13,84,101345,18,16,26,,,,,,,12,84,101338,17,14,23,12,84,101177,13,11,17,13,85,101295,24,21,37,,,,,,,13,83,101246,14,12,19,13,86,101221,16,14,23,12,84,101398,19,16,26,12,82,101399,11,10,16,13,86,101399,23,20,35,12,64,101479,20,17,28,12,84,101407,16,13,20,12,82,101251,19,15,25,13,85,101304,16,13,21,12,86,101265,19,15,22,12,86,101379,29,27,46,12,85,101309,21,17,24,12,85,101301,30,27,46,13,84,101591,22,18,30,12,86,101365,28,26,46,12,85,101338,24,21,36,13,81,101496,25,21,39,,,,,,,,,,,,,,,,,,,12,79,101365,19,16,26
2017-05-20T01:00:00,,,,,,,13,86,101316,24,19,33,,,,,,,,,101240,28,25,42,13,86,101262,19,16,26,13,79,101266,17,14,22,12,86,101284,19,15,25,,,101275,22,18,28,12,86,101291,19,16,26,12,85,101216,19,16,25,13,86,,25,22,43,12,84,101380,18,15,24,13,84,,23,19,30,12,85,,17,15,23,13,86,,27,25,44,13,86,,24,21,36,12,84,,29,25,42,12,84,,22,20,32,12,85,,17,15,26,12,84,,19,15,25,,,,,,,13,86,101366,20,17,27,12,85,101283,17,14,23,12,-2383,101178,14,12,20,12,84,101384,14,12,20,12,86,,18,15,23,13,86,,25,22,39,11,86,101513,31,27,45,12,86,,18,15,23,14,86,101348,22,20,34,,,,,,,12,84,101334,18,15,25,12,84,101178,13,11,19,13,85,101292,23,20,34,,,,,,,13,83,101242,18,16,25,12,86,101219,18,15,25,12,85,101397,20,17,28,12,83,101394,12,10,16,13,86,101401,22,19,32,12,62,101480,19,15,24,12,84,101402,17,13,21,12,82,101248,23,20,32,12,85,101301,15,13,22,12,84,101262,19,14,21,12,86,101378,30,28,49,12,85,101312,25,21,33,12,84,101301,29,26,45,13,85,101591,25,22,37,12,86,101366,27,25,44,12,84,101335,23,20,34,13,81,101494,27,24,45,,,,,,,,,,,,,,,,,,,12,79,101360,22,19,33
2017-05-20T02:00:00,,,,,,,12,90,101305,25,19,34,,,,,,,,,101231,39,36,61,13,90,101252,19,17,27,12,84,101260,18,15,24,11,90,101274,18,14,24,,,101269,22,18,29,11,90,101285,26,23,37,12,90,101208,21,17,28,12,90,,27,23,44,11,88,101379,18,15,24,12,89,,23,20,33,11,89,,18,15,25,12,90,,27,24,43,12,90,,24,21,35,11,88,,29,26,43,11,89,,18,16,26,11,89,,20,17,29,11,90,,21,17,28,,,,,,,12,90,101361,19,16,26,11,89,101273,19,15,24,12,-2526,101170,16,14,22,11,89,101366,16,14,23,12,90,,18,15,24,12,90,,26,23,42,11,90,101497,31,28,46,11,90,,19,16,25,13,90,101340,24,22,39,,,,,,,12,89,101326,17,14,23,11,89,101172,13,11,18,12,90,101283,22,20,32,,,,,,,12,89,101235,21,18,30,12,90,101211,18,15,25,11,90,101392,21,18,30,11,88,101389,13,11,18,12,90,101393,30,27,47,11,65,101469,19,16,26,11,89,101396,17,14,22,11,88,101240,23,19,31,12,90,101292,17,14,23,11,89,101255,20,16,23,11,90,101371,30,28,47,11,90,101302,26,22,35,11,89,101287,28,25,42,12,90,101580,29,27,45,11,90,101355,27,24,43,11,89,101323,22,18,31,12,86,101487,30,27,50,,,,,,,,,,,,,,,,,,,11,84,101358,22,19,33
2017-05-20T03:00:00,,,,,,,12,92,101300,25,19,34,,,,,,,,,101227,29,25,43,12,92,101246,20,17,27,11,87,101262,19,17,27,11,92,101265,18,15,24,,,101270,23,20,32,11,92,101287,28,25,41,11,92,101209,24,21,35,12,92,,26,22,42,11,91,101363,22,18,29,12,92,,26,22,37,11,92,,20,16,25,12,92,,27,24,43,11,92,,21,19,30,11,91,,29,26,45,11,92,,16,14,23,11,92,,21,18,31,11,92,,21,18,29,,,,,,,12,92,101361,19,16,26,11,92,101276,20,17,26,11,-2615,101161,16,14,22,11,92,101362,16,14,23,11,92,,18,15,24,12,92,,22,19,32,10,92,101497,31,27,45,11,92,,20,17,27,12,92,101332,18,16,26,,,,,,,11,92,101322,18,15,25,11,92,101166,15,13,20,12,92,101278,22,20,34,,,,,,,11,92,101230,19,16,26,11,92,101211,22,19,33,11,92,101387,22,18,30,11,91,101384,13,10,17,12,92,101390,28,25,43,11,68,101470,20,17,27,10,91,101389,18,15,23,11,91,101236,21,18,29,11,92,101285,18,14,24,11,92,101253,24,20,33,11,92,101372,30,28,48,11,92,101304,26,22,34,11,92,101289,27,24,41,11,92,101575,29,26,45,11,92,101353,26,23,41,11,92,101321,20,17,28,12,89,101485,31,28,51,,,,,,,,,,,,,,,,,,,11,87,101357,24,21,37
2017-05-20T04:00:00,,,,,,,13,89,101337,25,20,35,,,,,,,,,101264,25,21,35,14,89,101271,23,20,35,13,83,101305,21,19,32,13,90,101311,20,17,27,,,101309,27,24,41,14,90,101334,20,17,28,13,89,101253,24,21,37,14,90,,28,25,48,13,87,101397,22,18,29,,,,,,,13,88,,20,17,27,13,90,,27,25,45,13,89,,22,19,32,13,88,,31,28,48,14,90,,19,16,26,13,89,,20,18,31,13,89,,24,21,36,,,,,,,13,90,101396,22,19,31,13,88,101321,23,20,31,15,-3780,101210,18,16,26,13,89,101395,18,15,25,13,90,,20,16,26,14,89,,24,20,35,12,90,101537,32,29,47,13,90,,21,18,29,14,87,101373,19,17,28,,,,,,,13,88,101348,21,19,33,13,89,101197,19,16,26,13,89,101317,21,18,30,,,,,,,13,90,101272,20,17,27,14,90,101258,22,20,34,12,90,101422,21,18,29,13,86,101428,16,14,22,13,90,101431,22,20,33,13,66,101520,20,17,28,12,88,101420,23,20,33,13,87,101276,23,20,33,13,89,101327,19,16,26,13,90,101278,24,20,31,12,90,101408,29,27,46,13,90,101347,25,21,32,13,89,101333,27,24,42,13,88,101613,28,25,43,14,90,101400,25,22,40,13,88,101354,24,22,38,13,84,101525,26,23,42,,,,,,,,,,,,,,,,,,,13,84,101389,24,21,38
2017-05-20T05:00:00,,,,,,,16,72,101375,27,23,40,,,,,,,,,101302,27,23,40,17,72,101301,20,17,29,16,68,101341,21,19,32,17,75,101354,21,19,31,,,101344,25,21,38,17,76,101372,21,18,29,17,73,101287,24,20,36,17,75,,25,22,43,16,73,101417,24,20,34,17,74,,26,23,39,16,73,,23,20,33,17,75,,26,23,41,16,73,,25,22,37,16,74,,29,27,46,20,79,,19,16,27,16,74,,23,21,38,16,74,,26,22,38,,,,,,,17,76,101430,21,19,31,16,73,101359,22,19,30,18,-3008,101250,19,16,27,16,72,101421,20,17,29,16,73,,22,19,30,17,73,,25,22,39,16,75,101574,30,26,44,17,73,,20,17,28,17,72,101417,21,19,32,,,,,,,18,74,101381,18,16,28,17,74,101225,21,18,31,17,72,101355,22,19,32,,,,,,,17,74,101312,22,19,32,17,76,101294,20,18,29,16,72,101451,24,21,35,16,71,101462,17,14,23,17,74,101463,25,22,39,18,54,101569,19,16,28,16,72,101446,19,17,27,16,71,101312,24,21,36,16,72,101364,20,17,29,17,73,101306,23,19,30,16,75,101444,28,26,46,16,73,101386,24,20,31,16,73,101372,31,29,49,16,71,101649,26,22,39,17,74,101445,26,23,42,16,73,101394,24,21,38,16,69,101561,28,25,47,,,,,,,,,,,,,,,,,,,16,70,101423,24,20,37
2017-05-20T06:00:00,,,,,,,18,66,101420,28,24,45,,,,,,,,,101345,27,23,39,18,66,101343,20,18,31,18,62,101387,23,20,35,18,69,101397,23,20,35,,,101388,26,22,39,19,70,101420,22,20,34,18,67,101332,26,23,40,18,68,,25,22,43,18,68,101445,25,22,37,,,,,,,18,67,,25,21,36,18,69,,24,21,38,18,68,,25,22,38,18,67,,27,24,42,20,73,,19,16,27,18,67,,22,20,36,18,69,,27,24,42,,,,,,,19,71,101475,23,20,35,18,66,101401,23,20,34,19,-2851,101291,21,19,32,18,66,101450,23,20,35,18,67,,24,21,36,18,66,,26,23,41,18,65,101636,28,24,41,19,67,,22,19,32,18,67,101463,23,21,36,,,,,,,19,67,101428,21,18,33,18,67,101268,21,18,30,19,66,101398,24,21,37,,,,,,,18,68,101365,24,21,38,19,69,101342,20,17,30,18,65,101486,25,22,39,18,65,101499,21,18,30,18,66,101509,23,20,35,19,49,101628,20,18,31,18,66,101479,20,18,29,18,65,101356,27,24,42,18,67,101411,24,21,37,18,66,101369,24,20,33,18,67,101491,25,22,39,18,66,101437,24,20,31,18,67,101430,28,25,44,18,64,101698,24,21,36,18,67,101496,23,21,36,17,67,101451,24,21,38,18,63,101601,27,23,43,,,,,,,,,,,,,,,,,,,18,63,101465,27,24,45
2017-05-20T07:00:00,,,,,,,18,71,101441,27,22,41,,,,,,,,,101368,23,19,32,18,69,101359,21,18,32,18,66,101410,20,17,29,19,73,101418,21,18,31,,,101410,22,19,32,18,73,101439,20,17,28,18,70,101353,22,19,33,19,73,,24,21,41,19,73,101455,23,20,34,,,,,,,18,72,,23,20,34,18,72,,21,18,31,18,73,,23,20,35,18,70,,23,20,34,20,76,,18,15,26,18,72,,19,17,29,18,73,,24,21,37,,,,,,,19,75,101493,21,18,31,18,70,101423,20,17,27,20,-3816,101316,21,19,33,18,70,101468,25,23,39,18,70,,22,20,33,18,71,,24,21,38,18,68,101657,23,19,30,20,71,,22,19,33,19,72,101486,22,20,35,,,,,,,20,71,101439,18,16,28,18,70,101291,21,18,30,19,70,101418,23,20,36,,,,,,,19,72,101388,20,18,30,20,72,101370,18,15,26,18,67,101503,24,22,38,18,68,101511,17,15,24,19,71,101524,20,17,29,19,53,101646,17,14,23,18,69,101497,20,17,29,18,69,101378,26,23,40,18,70,101430,23,20,36,19,68,101382,18,15,21,18,71,101507,20,18,31,18,70,101459,21,17,24,18,71,101447,21,17,29,18,68,101719,20,16,28,18,71,101512,18,16,26,17,71,101471,19,16,28,18,67,101611,23,19,34,,,,,,,,,,,,,,,,,,,18,67,101479,23,20,36
2017-05-20T08:00:00,,,,,,,19,69,101448,24,19,33,,,,,,,,,101384,19,15,23,18,67,101368,18,16,27,19,64,101409,17,15,25,20,74,101429,17,15,23,,,101415,19,17,27,19,72,101442,18,15,24,19,69,101360,19,17,27,19,72,,20,17,31,20,73,101454,19,17,27,,,,,,,19,72,,19,17,27,19,71,,18,15,26,19,71,,19,17,27,19,70,,20,17,28,20,75,,18,16,25,19,70,,17,14,25,19,71,,21,18,30,,,,,,,22,76,101498,16,14,23,18,68,101425,18,14,23,22,-5220,101326,17,15,26,19,68,101469,22,20,34,18,69,,20,17,27,19,71,,20,17,30,19,66,101664,19,15,23,21,67,,19,16,26,20,71,101495,24,22,38,19,71,101491,16,14,23,20,69,101440,18,16,28,19,69,101296,20,17,29,20,68,101426,19,17,28,,,,,,,20,71,101397,17,14,23,23,70,101389,13,11,18,19,64,101503,20,18,31,19,67,101520,17,15,25,20,70,101526,17,14,23,21,52,101652,14,11,18,18,67,101494,20,17,28,19,67,101384,22,19,32,18,69,101437,20,18,30,20,64,101381,16,13,19,20,69,101511,17,15,25,19,68,101463,18,14,19,18,69,101455,19,15,25,,,101724,16,12,21,19,69,101517,15,13,21,18,69,101473,15,13,22,19,65,101614,21,17,28,,,,,,,,,,,,,,,,,,,19,66,101481,20,17,28
2017-05-20T09:00:00,,,,,,,20,63,101453,22,17,30,,,,,,,,,101398,17,14,21,20,60,101376,17,15,24,20,58,101413,18,16,26,22,66,101428,17,13,21,,,101418,20,17,28,20,66,101444,19,16,26,21,63,101364,19,17,28,21,65,,20,17,31,23,69,101444,19,16,26,,,,,,,22,67,,18,16,25,20,64,,18,15,26,21,65,,19,16,26,20,64,,19,17,27,22,68,,19,16,28,20,64,,17,15,26,20,65,,21,18,31,,,,,,,24,71,101505,16,14,23,20,61,101431,19,15,24,26,-7099,101331,15,13,21,20,62,101468,20,18,30,20,62,,19,16,26,21,65,,19,17,30,21,59,101673,20,16,25,23,60,,17,15,24,22,64,101499,26,25,43,20,64,101484,17,15,25,22,63,101444,18,16,27,21,63,101298,20,18,30,22,62,101427,18,16,26,,,,,,,21,65,101402,17,14,23,25,61,101401,13,11,18,21,58,101500,22,20,34,21,61,101520,17,14,24,22,63,101528,16,13,21,21,47,101657,17,14,23,20,61,101500,19,17,27,20,62,101385,22,19,32,21,63,101442,21,18,31,23,52,101379,17,13,18,22,61,101514,17,14,24,21,62,101466,20,15,22,20,63,101460,20,17,27,,,101725,16,12,20,20,63,101521,19,17,27,20,63,101478,17,14,24,21,59,101615,20,17,28,,,,,,,,,,,,,,,,,,,21,60,101487,21,17,29
2017-05-20T10:00:00,,,,,,,22,59,101458,29,25,48,,,,,,,,,101393,26,22,38,21,56,101355,19,17,29,22,53,101419,23,21,37,23,61,101424,21,19,32,,,101420,27,24,43,22,61,101449,26,23,41,22,59,101370,27,24,42,22,61,,25,23,44,24,64,101434,24,21,37,,,,,,,22,59,,26,23,41,22,61,,24,22,39,22,62,,25,22,39,22,60,,24,22,38,23,62,,26,23,41,22,61,,25,23,43,22,59,,28,25,45,,,,,,,24,64,101503,23,21,37,22,57,101442,26,23,41,25,-4117,101325,19,17,29,22,58,101456,26,24,43,22,58,,24,22,37,22,60,,26,24,44,22,55,101677,28,25,42,25,55,,20,17,29,23,60,101496,31,29,50,22,58,101472,23,21,37,22,58,101437,23,20,37,22,58,101298,26,23,42,23,58,101423,23,20,35,,,,,,,22,60,101405,24,21,38,24,57,101392,20,18,32,22,54,101501,27,25,44,23,56,101512,21,19,33,23,59,101528,24,22,38,22,44,101664,24,21,38,21,57,101491,22,19,33,22,57,101382,27,25,44,22,59,101439,23,21,36,24,51,101391,26,22,36,23,58,101513,23,20,37,22,58,101484,31,28,42,22,59,101469,28,26,46,22,56,101727,22,19,33,22,59,101525,27,25,44,21,60,101480,25,23,41,22,55,101609,28,24,45,,,,,,,,,,,,,,,,,,,22,56,101486,28,26,48
2017-05-20T11:00:00,,,,,,,21,68,101477,32,29,54,,,,,,,,,101399,29,27,47,20,63,101358,25,23,40,21,62,101429,24,22,39,21,69,101435,25,23,40,,,101433,28,26,46,20,71,101466,28,26,45,21,67,101393,27,25,45,21,69,,32,30,58,22,70,101457,27,24,42,,,,,,,21,70,,28,27,46,21,70,,28,26,47,22,71,,26,24,43,20,67,,28,27,47,21,70,,29,27,46,21,69,,27,25,47,21,69,,30,27,48,,,,,,,22,73,101513,25,23,42,20,66,101460,26,25,43,22,-3104,101326,25,23,41,20,66,101469,30,29,51,20,66,,27,25,43,21,69,,29,26,48,21,63,101700,30,27,46,23,65,,24,21,38,22,68,101508,29,28,49,21,68,101483,26,24,43,21,66,101453,26,23,43,21,66,101314,28,26,45,21,66,101431,28,26,46,,,,,,,21,68,101414,26,23,41,22,67,101397,24,21,39,21,62,101515,32,31,53,21,64,101523,24,22,39,21,67,101549,26,24,43,21,50,101692,23,22,39,20,65,101499,26,24,42,21,66,101393,30,28,49,21,67,101447,28,26,45,22,61,101420,27,23,38,21,66,101532,25,23,41,22,65,101530,25,21,33,20,67,101495,29,27,48,20,65,101747,24,22,39,20,67,101551,30,29,50,20,67,101504,27,26,46,21,63,101627,30,28,51,,,,,,,,,,,,,,,,,,,20,64,101496,28,27,50
2017-05-20T12:00:00,,,,,,,20,70,101504,30,27,52,,,,,,,,,101422,28,26,46,19,66,101388,24,22,39,20,64,101463,23,21,38,20,72,101466,25,23,41,,,101460,27,26,46,19,74,101493,27,26,45,20,68,101422,27,25,45,20,70,,28,27,52,20,71,101496,27,25,43,,,,,,,20,71,,27,26,45,20,72,,27,25,45,21,73,,25,23,42,19,69,,26,25,44,20,71,,27,25,45,20,71,,26,24,46,20,71,,29,27,48,,,,,,,21,73,101550,25,23,42,19,68,101485,27,25,43,21,-2927,101349,24,22,40,19,69,101507,28,27,47,20,69,,26,24,42,20,70,,27,26,46,20,65,101731,28,26,45,21,68,,24,22,39,20,70,101538,29,28,48,19,71,101523,26,24,44,20,69,101485,26,24,44,19,69,101345,27,25,45,20,69,101455,27,25,44,,,,,,,20,70,101442,25,23,41,20,70,101419,24,22,40,19,65,101550,29,28,49,20,67,101547,23,22,39,20,69,101590,25,23,42,19,51,101719,23,21,39,19,68,101519,25,24,42,20,68,101424,29,27,47,19,70,101471,29,28,49,20,65,101462,26,23,39,20,68,101564,23,21,39,21,67,101549,25,21,33,19,68,101524,28,26,46,20,66,101777,22,20,36,19,69,101582,27,26,46,19,69,101534,26,24,44,19,65,101664,28,27,50,,,,,,,,,,,,,,,,,,,19,65,101532,28,27,51
2017-05-20T13:00:00,,,,,,,19,74,101535,30,28,53,,,,,,,,,101451,29,27,47,18,70,101411,25,23,41,19,67,101505,24,22,39,18,76,101494,26,24,44,,,101500,28,27,48,18,79,101528,27,26,46,18,73,101451,28,26,47,18,75,,28,27,52,19,75,101541,27,25,44,,,,25,23,41,18,75,,28,27,48,19,77,,27,25,45,19,77,,26,24,44,18,74,,27,25,45,18,75,,26,25,44,19,76,,27,26,48,19,77,,29,27,48,,,,,,,20,78,101581,28,26,46,18,72,101523,28,26,47,19,-2985,101372,24,23,41,18,73,101535,30,29,51,18,73,,26,25,44,19,74,,28,27,49,18,70,101759,28,26,44,20,73,,24,22,40,19,74,101572,29,28,49,18,76,101560,26,25,45,18,74,101517,27,25,46,18,73,101381,26,25,45,19,73,101483,27,25,45,,,,,,,18,75,101479,25,23,42,19,74,101456,25,23,42,18,70,101585,28,27,48,20,71,101581,23,21,38,18,73,101619,26,24,44,18,79,101748,24,22,40,19,73,101545,24,22,40,18,72,101459,29,28,49,19,75,101501,28,26,47,19,71,101498,26,23,39,19,73,101592,24,22,40,19,72,101580,26,23,36,18,73,101551,27,25,45,19,70,101805,22,20,36,18,73,101610,27,25,46,17,73,101557,25,24,43,18,69,101696,29,27,51,,,,,,,,,,,,,,,,,,,17,69,101573,28,27,52
2017-05-20T14:00:00,,,,,,,17,76,101564,31,29,56,,,,,,,,,101481,29,27,48,17,73,101448,25,23,42,18,70,101528,114,133,186,17,78,101519,27,25,44,,,101530,27,26,46,17,80,101551,28,27,47,17,76,101475,27,26,46,17,77,,27,26,52,17,76,101578,27,26,46,,,,,,,17,76,,28,27,48,17,77,,28,26,48,17,77,,27,26,47,,,,,,,17,77,,26,24,44,18,77,,28,27,50,17,77,,30,28,50,,,,,,,18,79,101616,26,24,43,17,75,101545,28,27,47,18,-2816,101399,24,23,41,17,75,101574,28,28,49,17,77,,27,25,45,17,76,,29,27,49,17,74,101781,29,27,46,17,76,,26,25,44,18,76,101598,33,32,55,,,,,,,17,77,101548,30,28,50,17,76,101413,27,25,45,18,75,101512,28,27,47,,,,,,,17,77,101501,25,23,42,18,78,101477,25,24,43,17,73,101621,34,33,56,18,74,101610,25,23,41,17,76,101646,27,25,45,17,80,101771,24,22,40,17,75,101584,25,23,41,17,74,101485,29,28,49,18,77,101529,26,24,44,18,74,101525,26,23,40,17,76,101622,25,24,44,17,75,101589,26,24,38,17,75,101572,27,25,45,17,74,101829,23,21,39,17,76,101634,31,30,53,17,75,101576,24,23,41,17,72,101725,29,27,52,,,,,,,,,,,,,,,,,,,16,72,101604,28,28,52
2017-05-20T15:00:00,,,,,,,16,79,101610,32,30,57,,,,,,,,,101527,30,28,50,16,76,101512,26,24,43,17,73,101575,176,238,352,16,81,101567,28,26,46,,,101578,27,25,46,16,82,101600,29,28,49,16,78,101524,28,26,47,16,79,,28,26,52,16,79,101631,28,27,47,,,,,,,16,79,,28,27,47,16,79,,29,28,49,16,79,,27,26,47,,,,,,,16,80,,25,24,43,16,79,,28,26,49,16,79,,29,28,50,,,,,,,17,81,101668,26,24,43,16,77,101593,28,27,47,17,-2682,101452,25,24,44,16,78,101627,28,28,50,16,82,,27,26,45,16,78,,29,27,50,15,78,101831,31,29,50,16,80,,65,69,101,17,78,101646,29,30,52,,,,,,,16,79,101601,29,27,49,16,79,101462,27,26,46,17,79,101567,29,28,49,,,,,,,16,80,101547,25,23,42,17,81,101527,25,24,43,16,76,101673,29,29,51,17,77,101663,25,23,42,16,79,101703,27,25,44,16,82,101814,24,22,41,16,78,101648,25,24,43,16,77,101534,29,27,49,17,79,101582,27,26,46,16,77,101576,25,23,39,16,79,101674,26,25,45,16,77,101634,28,27,43,16,78,101618,28,27,47,16,77,101875,23,21,39,16,79,101686,32,32,55,15,77,101630,26,24,44,16,74,101777,28,27,52,,,,,,,,,,,,,,,,,,,15,74,101655,27,27,52
2017-05-20T16:00:00,,,,,,,16,78,101638,33,31,59,,,,,,,,,101559,31,30,53,16,76,101554,25,23,42,16,72,101611,32,31,52,16,80,101602,27,25,45,,,101610,27,26,46,15,82,101628,44,44,70,16,78,101553,28,27,48,16,78,,27,27,53,16,78,101674,26,25,44,,,,,,,16,77,,28,26,46,16,78,,30,29,51,16,78,,29,28,50,,,,,,,16,78,,24,23,40,16,78,,29,28,51,16,78,,29,28,49,,,,,,,17,80,101697,26,25,44,16,77,101625,29,29,51,16,-2440,101489,24,23,41,16,77,101674,28,28,49,16,82,,26,25,44,16,78,,28,27,49,15,78,101850,30,28,49,16,79,,159,196,275,16,77,101678,30,30,53,15,82,101700,26,25,44,16,79,101644,26,24,44,16,78,101508,24,23,41,17,78,101604,27,25,45,,,,,,,16,79,101571,27,25,45,16,81,101556,26,25,46,15,77,101712,28,27,48,16,76,101708,22,20,36,16,78,101728,29,28,49,16,82,101835,24,23,41,15,77,101686,24,23,41,16,76,101568,26,25,45,16,78,101615,26,25,45,16,77,101604,26,24,41,15,78,101702,26,26,46,16,77,101654,26,24,38,15,77,101638,27,26,46,15,77,101903,24,23,42,16,78,101707,30,29,50,15,77,101653,25,24,43,16,73,101819,30,29,56,,,,,,,,,,,,,,,,,,,15,73,101692,27,28,53
2017-05-20T17:00:00,,,,,,,15,79,101717,26,24,45,,,,,,,,,101640,27,24,43,16,78,101639,22,20,35,15,73,101680,20,18,33,15,81,101686,22,20,37,,,101678,23,21,37,15,82,101697,34,34,56,15,79,101625,24,22,39,15,78,,23,21,42,15,78,101753,22,20,34,,,,,,,15,78,,23,21,36,15,79,,29,28,49,15,78,,24,22,40,,,,,,,15,79,,21,19,33,15,79,,26,24,46,15,78,,23,21,39,,,,,,,16,80,101771,21,20,34,15,78,101690,27,26,46,15,-2384,101567,24,23,40,15,78,101760,24,23,40,15,82,,22,20,35,16,79,,24,22,41,14,80,101922,30,28,48,15,81,,56,57,82,15,77,101748,23,22,39,15,82,101774,21,20,35,15,80,101724,23,21,39,15,79,101577,20,18,31,15,79,101686,22,20,36,,,,,,,15,80,101639,24,22,40,15,82,101625,22,20,35,14,79,101797,22,21,37,15,78,101801,18,17,30,15,79,101805,26,25,44,15,82,101902,25,24,43,15,78,101769,21,20,34,15,77,101646,22,21,37,15,79,101694,22,21,38,15,79,101674,26,24,40,15,80,101781,27,26,47,15,79,101746,27,25,39,14,78,101709,28,26,46,14,78,101980,50,55,84,15,79,101779,40,42,69,15,78,101729,25,23,41,15,74,101906,27,25,48,,,,,,,,,,,,,,,,,,,14,74,101765,22,22,41
2017-05-20T18:00:00,,,,,,,14,84,101789,26,23,43,,,,,,,,,101716,24,22,39,15,83,101720,20,18,31,14,79,101759,18,17,30,14,86,101762,21,19,33,,,101763,28,27,47,13,86,101778,23,21,37,14,85,101706,21,19,34,14,83,,22,20,38,14,83,101835,21,19,32,,,,,,,14,83,,21,19,32,14,83,,26,24,44,14,83,,22,20,35,14,83,,24,22,40,14,83,,19,17,30,14,84,,22,21,38,14,83,,22,20,36,,,,,,,15,85,101856,20,18,31,14,84,101773,23,22,37,14,-2398,101644,22,20,35,14,83,101842,23,21,36,14,86,,20,19,31,15,83,,23,21,38,13,86,102003,29,27,45,14,86,,23,21,38,14,82,101822,24,23,40,14,86,101854,21,19,34,14,86,101802,23,20,38,14,85,101659,18,17,28,14,84,101759,22,19,33,,,,,,,14,85,101722,20,18,31,14,86,101708,21,19,32,14,86,101874,21,19,35,14,83,101872,18,16,27,14,84,101890,24,21,38,14,86,101984,22,21,37,14,84,101846,21,19,32,14,83,101722,22,20,36,14,85,101772,21,19,34,14,84,101761,22,20,33,14,85,101865,23,22,40,14,84,101813,25,23,36,14,83,101794,26,24,42,14,83,102056,24,22,37,14,84,101861,33,32,54,14,83,101809,23,21,38,14,79,101982,25,23,44,,,,,,,,,,,,,,,,,,,13,79,101849,21,20,37
2017-05-20T19:00:00,,,,,,,14,89,101831,27,24,45,,,,,,,,,101755,26,23,42,15,88,101767,20,18,31,14,84,101801,19,18,30,14,90,101803,20,18,31,,,101805,24,22,39,13,90,101821,32,31,51,14,90,101747,22,20,35,14,88,,22,21,41,14,87,101885,21,19,31,,,,,,,13,88,,20,18,30,13,88,,26,24,43,13,88,,22,21,36,13,88,,23,22,39,14,89,,17,16,26,14,89,,24,22,41,13,88,,22,20,35,,,,,,,14,90,101900,20,18,31,13,90,101811,24,22,39,14,-2441,101687,21,20,34,13,89,101886,22,20,34,13,90,,21,19,32,14,88,,24,22,39,13,90,102048,29,26,45,14,90,,22,20,35,14,88,101871,29,28,49,13,90,101896,19,17,29,14,90,101844,21,19,35,14,90,101700,18,16,27,14,90,101804,21,19,32,,,,,,,13,90,101763,21,19,33,14,90,101757,20,18,30,13,90,101915,20,19,33,13,88,101916,16,15,25,14,90,101936,24,21,39,13,90,102031,23,21,37,13,88,101890,20,18,31,14,88,101761,21,19,33,14,89,101812,20,18,32,14,90,101803,23,20,34,13,90,101910,24,23,42,14,90,101861,21,19,29,13,89,101838,25,23,41,13,89,102098,21,20,35,13,90,101904,29,28,48,13,88,101852,22,20,36,14,84,102025,25,23,44,,,,,,,,,,,,,,,,,,,13,85,101892,22,21,39
2017-05-20T20:00:00,,,,,,,13,94,101865,28,26,48,,,,,,,,,101788,26,24,42,14,92,101797,21,19,33,14,90,101833,20,18,32,13,94,101840,21,19,32,,,101838,23,21,38,12,94,101851,28,27,46,13,94,101778,22,21,37,13,93,,23,21,41,13,92,101920,22,20,34,,,,,,,13,93,,22,20,33,13,93,,24,21,38,13,94,,22,21,37,13,92,,22,21,36,13,94,,19,17,29,13,94,,23,21,38,13,93,,24,21,38,,,,,,,14,94,101932,21,19,32,13,94,101845,24,23,39,13,-2399,101718,20,19,31,13,94,101919,23,21,37,13,94,,22,21,35,14,93,,23,21,38,12,94,102077,27,24,41,13,94,,21,20,33,14,93,101907,30,29,50,13,94,101932,20,18,32,13,94,101882,21,19,35,13,94,101733,19,17,29,14,94,101837,22,19,33,,,,,,,13,94,101794,21,19,33,13,94,101783,21,19,32,13,94,101954,23,21,38,13,94,101947,17,16,26,13,94,101974,23,20,35,13,94,102063,20,18,32,13,94,101924,19,17,29,13,94,101796,22,20,35,13,94,101844,20,18,31,13,94,101837,25,22,36,12,94,101947,22,21,39,13,94,101888,22,19,30,12,94,101870,24,22,38,12,94,102131,20,19,33,13,94,101936,23,21,37,13,92,101887,20,18,32,13,89,102065,25,23,43,,,,,,,,,,,,,,,,,,,12,90,101930,24,23,44
2017-05-20T21:00:00,,,,,,,13,91,101884,28,25,47,,,,,,,,,101809,26,23,42,14,90,101822,21,20,35,14,87,101857,19,18,31,13,92,101863,23,21,37,,,101858,21,20,34,12,92,101872,28,27,46,13,92,101800,22,19,34,13,90,,22,20,39,13,89,101945,24,22,38,,,,,,,13,90,,22,21,35,13,90,,25,23,41,13,91,,23,21,36,12,90,,23,21,38,13,91,,24,21,36,13,91,,23,20,36,13,90,,24,22,40,,,,,,,14,92,101956,20,18,30,13,92,101867,24,22,37,13,-2363,101740,21,20,35,13,92,101943,23,22,37,13,92,,22,20,34,13,91,,23,21,38,12,92,102099,29,27,46,13,92,,24,22,39,14,90,101926,26,25,44,13,92,101948,22,20,36,13,92,101907,24,22,40,13,92,101756,21,19,33,14,92,101859,23,20,35,,,,,,,13,92,101812,20,19,31,13,92,101805,20,18,30,13,92,101976,23,22,39,13,92,101965,20,19,32,13,92,101995,23,21,36,13,92,102082,23,22,39,13,92,101944,22,21,37,13,92,101818,22,20,36,13,92,101865,22,20,37,13,92,101860,36,39,59,12,92,101974,24,24,43,13,92,101910,22,20,31,12,92,101889,24,22,39,12,92,102152,20,19,33,13,92,101955,25,24,42,12,90,101910,20,19,33,13,87,102091,23,21,41,,,,,,,,,,,,,,,,,,,12,87,101953,24,23,44
2017-05-20T22:00:00,,,,,,,12,94,101903,30,28,53,,,,,,,,,101829,29,27,48,14,93,101846,22,20,35,13,90,101878,22,20,36,13,94,101883,23,21,38,,,101876,24,23,41,12,94,101890,29,28,49,12,94,101823,24,22,40,13,93,,24,22,44,13,93,101967,24,23,40,,,,,,,12,93,,24,23,39,12,94,,27,25,46,12,93,,24,23,40,12,93,,25,24,43,13,94,,22,20,34,13,94,,26,25,45,12,93,,26,24,44,,,,,,,13,94,101977,23,21,36,12,94,101884,26,26,45,13,-2440,101764,21,19,34,13,94,101965,24,23,40,12,94,,23,22,39,13,93,,25,22,40,12,94,102120,31,30,50,13,94,,23,22,39,13,93,101947,27,26,45,,,,,,,13,94,101926,24,21,40,13,94,101773,21,19,33,13,94,101881,23,21,37,,,,,,,13,94,101834,22,21,37,13,94,101823,22,20,35,12,94,102001,25,23,41,13,94,101987,20,18,31,13,94,102014,26,24,43,12,94,102100,24,23,41,12,94,101969,22,20,36,13,94,101838,24,22,40,13,94,101889,23,21,38,13,94,101879,25,23,39,12,94,101997,27,26,47,13,94,101923,27,25,40,12,94,101906,26,24,43,12,94,102173,22,21,39,12,94,101974,28,26,47,12,93,101931,22,20,36,13,90,102112,26,25,47,,,,,,,,,,,,,,,,,,,12,90,101972,26,27,51
2017-05-20T23:00:00,,,,,,,12,97,101903,31,29,56,,,,,,,,,101826,31,29,52,13,97,101849,24,22,39,13,95,101878,23,21,39,12,97,101884,25,23,41,,,101879,24,23,41,12,97,101891,25,24,41,12,97,101823,24,22,39,12,97,,25,24,48,12,96,101970,24,22,38,,,,,,,12,97,,26,25,44,12,97,,27,26,47,12,97,,25,24,42,12,96,,25,24,44,12,97,,21,19,32,12,97,,27,26,48,12,97,,26,25,45,,,,,,,13,97,101979,22,20,34,12,97,101885,25,24,42,13,-2518,101767,22,21,37,12,97,101966,25,24,43,12,97,,24,23,40,13,97,,27,25,45,11,97,102117,31,29,49,12,97,,24,23,42,13,97,101946,24,22,40,,,,,,,12,97,101931,24,22,41,12,97,101778,20,18,31,13,97,101882,24,22,39,,,,,,,12,97,101832,22,21,38,12,97,101824,22,21,36,12,97,102007,26,25,46,12,97,101987,20,18,32,12,97,102016,26,24,44,12,97,102099,23,23,41,12,97,101975,22,21,37,12,97,101840,25,24,44,12,97,101892,24,22,40,12,97,101880,25,23,39,11,97,101997,27,26,47,12,97,101925,26,23,37,12,97,101905,27,26,46,12,97,102175,23,22,41,12,97,101974,27,25,46,12,96,101929,23,21,37,12,93,102115,27,26,50,,,,,,,,,,,,,,,,,,,11,94,101975,26,27,52
2017-05-21T00:00:00,,,,,,,12,96,101904,28,25,45,,,,,,,,,101829,30,27,49,13,97,101849,22,20,36,13,96,101882,20,19,33,12,97,101887,22,20,34,,,101881,23,21,36,11,97,101892,22,21,35,12,97,101825,20,18,31,12,97,,23,22,43,12,95,101977,21,19,31,,,,,,,12,97,,23,22,37,12,97,,25,23,42,12,97,,22,20,36,12,96,,23,22,39,12,97,,19,17,28,12,97,,26,24,44,12,97,,23,21,36,,,,,,,13,97,101985,19,17,29,12,97,101887,23,21,37,13,-2511,101768,20,19,33,12,97,101969,23,21,36,12,97,,22,20,34,13,97,,25,22,40,11,97,102120,30,28,47,12,97,,23,21,37,13,96,101949,20,19,32,,,,,,,12,97,101934,22,20,36,12,97,101782,18,16,27,13,97,101884,21,20,33,,,,,,,12,97,101835,19,18,31,12,97,101829,20,18,30,12,97,102010,24,23,41,12,97,101997,17,15,26,12,97,102019,24,23,41,12,97,102099,23,22,39,12,97,101976,21,20,34,12,97,101843,22,21,37,12,97,101896,22,19,34,12,97,101882,24,22,37,11,97,102002,26,25,45,12,97,101931,23,21,33,11,97,101908,26,24,42,12,97,102175,21,20,37,12,97,101973,25,23,42,12,96,101930,21,19,34,12,93,102120,25,24,46,,,,,,,,,,,,,,,,,,,11,94,101978,23,23,44
2017-05-21T01:00:00,,,,,,,12,94,101916,28,26,48,,,,,,,,,101841,27,25,45,13,94,101864,20,18,31,13,93,101894,19,18,31,12,94,101900,22,20,35,,,101898,22,20,34,11,94,101908,23,21,36,12,94,101839,21,19,33,12,94,,22,20,39,12,92,101991,23,21,37,,,,,,,12,94,,22,20,34,12,94,,23,21,36,12,93,,22,20,34,12,93,,22,21,36,12,94,,20,18,31,12,94,,23,21,37,12,94,,24,21,38,,,,,,,12,94,102000,20,18,30,12,94,101902,24,22,38,13,-2440,101780,21,20,34,12,94,101986,23,21,37,12,94,,21,20,33,12,93,,23,20,36,11,94,102132,27,24,41,12,94,,22,21,37,13,94,101962,20,19,32,,,,,,,12,94,101950,23,21,39,12,94,101795,21,19,32,13,94,101899,21,19,33,,,,,,,12,94,101849,19,18,30,12,94,101843,19,17,29,12,94,102022,24,22,40,12,94,102010,18,17,30,12,94,102032,22,20,35,12,94,102114,21,20,34,12,94,101988,22,20,35,12,94,101856,22,20,36,12,94,101908,22,20,35,12,94,101896,21,19,31,11,94,102016,23,22,40,12,94,101937,21,19,28,12,94,101920,23,21,36,12,94,102191,20,19,33,12,94,101986,22,21,35,12,93,101945,17,16,28,12,91,102137,24,22,42,,,,,,,,,,,,,,,,,,,11,92,101994,24,23,44
2017-05-21T02:00:00,,,,,,,12,94,101930,31,28,54,,,,,,,,,101857,28,26,47,13,94,101886,21,19,33,13,92,101909,22,20,36,12,94,101917,24,22,39,,,101912,23,22,39,11,94,101923,25,24,42,12,94,101854,23,21,38,12,93,,22,21,41,12,92,102006,24,22,40,,,,,,,12,94,,24,22,38,12,94,,25,23,41,12,93,,23,22,39,12,93,,23,22,38,12,94,,22,20,35,12,94,,24,23,41,12,94,,26,24,43,,,,,,,12,94,102014,22,21,35,12,94,101912,26,26,45,12,-2361,101799,20,19,33,12,94,102002,24,22,38,12,94,,23,21,37,12,93,,25,22,40,11,94,102145,31,29,49,12,94,,22,21,36,13,93,101978,22,21,35,,,,,,,12,94,101965,24,22,40,12,94,101810,22,20,35,13,94,101920,22,20,34,,,,,,,12,94,101863,22,21,37,12,94,101856,22,20,34,12,94,102038,25,24,43,12,94,102031,19,17,30,12,94,102047,24,22,39,12,94,102127,23,22,40,12,94,102013,20,19,32,12,94,101871,23,22,40,12,94,101927,23,21,37,12,94,101914,24,22,38,11,94,102033,25,25,44,12,94,101958,25,23,38,11,94,101934,26,24,44,12,94,102207,21,20,35,12,94,101999,26,25,44,12,93,101957,21,19,33,12,90,102154,24,23,44,,,,,,,,,,,,,,,,,,,11,91,102007,25,25,49
2017-05-21T03:00:00,,,,,,,12,94,101969,30,28,53,,,,,,,,,101895,29,27,48,13,94,101927,20,19,32,13,91,101947,21,19,35,12,94,101955,23,21,36,,,101949,23,21,37,11,94,101961,25,23,41,12,94,101893,22,20,36,12,93,,24,22,44,12,92,102050,23,21,37,,,,,,,12,93,,23,22,37,12,94,,27,25,46,12,93,,23,22,39,12,93,,24,23,42,12,94,,20,18,31,12,94,,24,22,42,12,94,,25,23,42,,,,,,,12,94,102054,23,21,35,12,94,101951,26,25,43,12,-2364,101838,21,20,34,12,94,102043,24,22,39,12,94,,22,21,36,12,93,,26,23,42,11,94,102183,32,30,52,12,94,,20,18,30,13,93,102016,22,21,37,,,,,,,12,94,102001,23,21,38,12,94,101851,21,19,32,13,94,101960,22,21,35,,,,,,,12,94,101900,22,20,36,12,94,101895,22,20,34,12,94,102077,24,23,42,12,94,102074,17,16,26,12,94,102085,25,23,41,12,94,102164,22,22,38,11,93,102058,19,17,29,12,94,101912,23,21,37,12,94,101966,22,20,34,12,94,101950,24,22,37,11,94,102068,26,26,46,12,94,101992,25,24,37,11,94,101972,27,26,47,12,94,102245,22,21,38,12,94,102037,27,26,46,12,93,101996,23,21,37,12,90,102194,26,24,46,,,,,,,,,,,,,,,,,,,11,90,102045,24,24,46
2017-05-21T04:00:00,,,,,,,12,89,102001,28,26,47,,,,,,,,,101927,28,25,45,13,90,101956,21,19,32,12,84,101981,21,19,34,12,90,101987,22,20,34,,,101980,23,21,36,11,90,101992,24,23,39,12,90,101926,22,20,35,12,87,,23,21,39,12,86,102084,22,21,34,,,,,,,12,87,,22,20,34,12,88,,25,23,42,12,88,,23,22,38,12,88,,24,22,40,12,88,,19,18,31,12,88,,23,21,38,12,88,,24,22,39,,,,,,,12,89,102084,22,20,33,11,90,101982,25,24,41,12,-2362,101870,23,22,37,12,89,102077,23,21,36,12,90,,21,19,32,13,88,,24,22,39,11,90,102209,31,29,49,12,90,,22,20,34,12,87,102046,21,20,34,,,,,,,12,90,102036,22,20,37,12,89,101884,21,18,31,12,90,101991,22,20,33,,,,,,,12,90,101927,23,21,36,12,90,101927,21,19,32,11,90,102111,23,21,37,12,88,102103,17,16,28,12,90,102118,24,21,38,12,90,102195,23,21,38,11,88,102090,21,19,33,12,89,101943,22,20,34,12,90,101997,22,20,35,12,90,101982,23,21,34,11,90,102097,25,24,43,12,90,102011,23,21,33,11,89,102001,27,26,45,11,90,102274,21,20,35,12,90,102067,25,23,41,12,88,102024,22,20,36,12,84,102226,25,23,44,,,,,,,,,,,,,,,,,,,11,85,102080,24,24,46
2017-05-21T05:00:00,,,,,,,11,92,102045,28,25,45,,,,,,,,,101971,27,24,42,13,92,102000,20,18,30,12,86,102022,19,17,29,11,92,102031,21,19,31,,,102027,20,18,30,11,92,102036,22,20,33,11,92,101970,20,18,30,11,91,,23,20,39,11,90,102125,21,19,31,,,,,,,11,90,,21,19,32,11,91,,25,22,39,11,90,,22,20,35,11,90,,24,22,40,11,91,,17,16,26,11,91,,20,18,32,11,90,,22,20,34,,,,,,,12,92,102112,22,19,32,11,92,102031,23,20,34,12,-2474,101908,18,16,27,11,92,102117,22,19,32,11,92,,21,19,31,12,91,,23,21,37,10,92,102255,28,25,42,11,92,,21,19,31,11,89,102088,20,19,32,,,,,,,11,92,102074,20,18,33,11,92,101926,18,16,27,12,92,102030,19,17,28,,,,,,,11,92,101974,20,18,30,11,92,101968,18,17,27,11,92,102152,22,20,35,11,91,102147,17,15,25,11,92,102164,23,20,35,11,92,102241,20,18,30,11,91,102129,19,17,28,11,91,101984,21,19,33,11,92,102034,20,18,31,11,92,102033,21,19,30,11,92,102140,24,23,40,11,92,102073,20,17,24,11,92,102050,24,21,36,11,92,102317,20,19,33,11,92,102116,22,20,35,11,90,102072,20,18,31,11,87,102267,24,22,41,,,,,,,,,,,,,,,,,,,10,87,102124,22,21,38
2017-05-21T06:00:00,,,,,,,11,86,102091,22,18,32,,,,,,,,,102021,21,17,28,13,88,102051,17,15,26,12,81,102062,15,13,21,11,88,102078,17,15,24,,,102072,16,14,23,11,88,102077,16,14,23,11,88,102018,15,13,22,11,85,,19,16,29,11,84,102180,18,15,25,,,,,,,11,84,,16,14,24,11,85,,17,15,26,11,84,,16,15,24,11,84,,20,18,30,11,85,,14,12,20,11,85,,14,12,22,11,85,,17,15,25,,,,,,,11,85,102200,13,11,18,11,86,102074,17,15,23,12,-2518,101952,18,16,27,11,85,102175,17,16,26,11,88,,16,14,23,11,85,,17,15,25,10,88,102298,24,20,32,11,88,,19,16,27,11,84,102126,14,13,21,,,,,,,11,87,102130,17,15,26,11,86,101971,13,12,20,12,87,102076,17,15,24,,,,,,,11,88,102019,14,12,20,11,88,102018,13,11,19,11,88,102198,17,15,26,11,85,102191,13,12,20,11,87,102224,16,14,24,11,88,102283,17,15,24,11,86,102178,17,15,25,11,85,102030,17,15,24,11,87,102078,18,16,27,11,87,102092,17,14,21,11,88,102190,19,17,28,11,87,102107,20,16,23,11,86,102093,22,19,32,,,102360,13,10,19,11,87,102164,17,15,25,10,84,102125,15,13,24,11,81,102318,20,17,30,,,,,,,,,,,,,,,,,,,10,81,102177,19,16,27
2017-05-21T07:00:00,,,,,,,11,86,102135,23,20,35,,,,,,,,,102060,23,20,34,13,88,102095,14,12,21,12,80,102103,17,15,25,12,87,102116,15,13,21,,,102111,18,16,28,11,88,102120,19,18,29,11,87,102059,19,17,29,12,85,,20,18,33,11,83,102222,17,15,24,,,,,,,11,84,,16,14,24,11,85,,21,18,32,11,84,,19,17,29,11,83,,22,19,33,12,85,,15,13,22,11,85,,18,16,29,11,84,,18,16,27,,,,,,,12,86,102217,16,14,24,11,85,102113,22,20,33,12,-2437,101995,16,14,23,11,85,102221,15,14,23,11,88,,17,15,25,12,84,,20,18,31,11,88,102339,23,20,32,11,88,,16,13,22,12,83,102168,16,15,26,11,88,102234,12,11,19,11,86,102178,16,14,24,11,86,102009,13,11,18,12,85,102115,14,12,21,,,,,,,11,87,102059,17,15,25,12,88,102056,16,14,23,11,88,102236,16,14,25,11,84,102233,11,10,17,12,86,102258,20,17,29,11,88,102327,17,15,26,11,84,102225,14,12,19,12,84,102073,15,13,22,12,85,102118,14,13,21,12,87,102113,21,18,29,11,88,102229,21,19,34,12,86,102157,16,12,18,11,85,102138,18,15,25,11,86,102399,14,12,21,11,86,102202,17,16,26,11,84,102164,14,13,22,12,80,102358,22,19,35,,,,,,,,,,,,,,,,,,,11,81,102213,20,17,31
2017-05-21T08:00:00,,,,,,,12,84,102167,21,17,31,,,,,,,,,102092,19,16,26,13,86,102120,16,15,25,13,78,102138,14,13,20,12,85,102146,19,17,29,,,102141,15,13,22,12,86,102152,14,12,20,12,85,102090,15,13,22,12,82,,20,17,31,12,81,102239,20,18,30,,,,,,,12,82,,17,16,25,12,83,,14,12,22,12,83,,17,15,26,11,81,,17,15,25,12,83,,16,15,24,12,83,,13,11,20,12,83,,19,16,28,,,,,,,12,83,102251,13,11,19,12,83,102139,15,13,22,13,-2469,102028,19,18,30,12,83,102244,18,17,28,12,86,,17,15,25,12,82,,17,15,26,11,86,102371,18,15,23,12,85,,19,17,28,13,82,102204,16,15,25,12,86,102256,16,15,25,12,84,102195,21,18,33,12,83,102038,18,16,27,12,83,102145,18,16,27,,,,,,,12,85,102087,13,11,18,12,86,102076,14,12,20,12,86,102265,18,17,29,12,82,102257,15,14,23,12,84,102292,14,12,20,12,86,102353,13,11,18,12,82,102248,15,13,21,12,82,102105,18,16,28,12,83,102148,19,17,28,12,84,102147,14,11,16,12,85,102258,15,13,21,12,83,102181,14,11,16,11,82,102166,14,11,19,,,102429,10,8,15,12,84,102230,13,11,19,11,81,102191,11,9,16,12,78,102390,18,15,26,,,,,,,,,,,,,,,,,,,11,79,102244,18,16,28
2017-05-21T09:00:00,,,,,,,12,84,102187,23,18,32,,,,,,,,,102112,21,17,27,13,86,102140,15,13,22,13,78,102158,16,14,22,12,85,102167,20,16,27,,,102163,17,15,24,12,86,102170,17,15,24,12,85,102108,17,15,25,12,83,,20,17,31,12,82,102254,21,18,29,,,,,,,12,82,,18,16,25,12,83,,14,11,20,12,83,,19,17,27,11,82,,17,15,25,12,83,,15,13,22,12,83,,14,12,21,12,83,,20,16,27,,,,,,,12,84,102267,15,13,21,12,82,102162,19,16,25,13,-2604,102047,19,17,28,12,83,102264,17,16,25,12,86,,17,15,24,12,82,,20,17,29,11,86,102394,16,12,20,12,85,,21,18,30,12,81,102225,19,18,30,12,86,102268,24,23,38,12,84,102211,20,18,32,12,83,102061,16,15,24,12,83,102163,17,15,24,,,,,,,12,85,102108,14,12,21,13,86,102107,14,12,20,12,86,102280,18,16,28,12,82,102276,15,14,24,12,84,102306,16,14,23,12,86,102375,15,13,21,12,82,102265,19,16,27,12,82,102124,18,16,27,12,83,102171,20,17,29,12,84,102165,16,13,19,12,85,102276,17,15,24,12,84,102203,15,11,16,11,82,102187,14,11,19,,,102448,12,10,17,12,84,102249,18,18,29,11,82,102210,10,9,15,12,78,102408,21,17,30,,,,,,,,,,,,,,,,,,,11,79,102260,20,17,29
2017-05-21T10:00:00,,,,,,,14,76,102171,23,18,31,,,,,,,,,102093,20,16,26,15,77,102115,17,14,23,14,71,102139,17,15,23,14,79,102140,19,15,25,,,102139,18,15,24,13,80,102152,16,14,22,14,76,102088,17,14,24,14,77,,18,15,27,14,77,102218,19,16,26,,,,,,,13,76,,18,16,25,14,76,,13,11,19,14,76,,18,16,25,13,74,,17,15,24,14,77,,15,13,21,14,76,,12,11,19,13,76,,20,16,27,,,,,,,,,,,,,13,75,102144,18,15,24,15,-2911,102030,18,16,25,13,75,102236,18,16,26,13,80,,18,15,24,14,75,,19,16,27,13,79,102378,16,13,20,14,77,,20,17,28,14,74,102208,19,17,29,13,80,102244,18,16,26,14,76,102188,19,16,28,14,76,102034,16,14,22,14,76,102144,18,15,24,,,,,,,14,78,102093,14,12,20,14,80,102087,14,12,19,13,77,102254,19,17,28,14,74,102252,17,15,25,14,76,102280,15,13,21,14,80,102358,14,12,19,13,75,102238,19,17,27,14,74,102101,19,16,27,13,76,102150,20,17,29,14,76,102120,15,11,17,13,77,102253,16,13,21,14,76,102186,14,11,15,13,75,102172,15,12,19,,,102432,12,9,16,13,77,102230,19,18,29,13,75,102193,11,9,16,14,71,102382,20,16,27,,,,,,,,,,,,,,,,,,,13,72,102230,19,16,28
2017-05-21T11:00:00,,,,,,,16,70,102135,19,15,26,,,,,,,,,102058,18,14,22,16,70,102077,15,13,21,16,64,102098,14,12,20,16,72,102101,12,10,16,,,102100,16,13,21,15,75,102115,14,12,18,16,69,102053,16,13,21,16,71,,18,15,26,16,72,102167,15,12,20,,,,17,13,22,16,71,,16,13,21,16,71,,13,11,19,16,71,,17,14,23,15,69,,17,15,24,16,71,,13,11,19,16,71,,11,9,16,16,71,,17,14,24,,,,,,,16,72,102195,13,11,18,15,68,102104,14,11,18,17,-3000,101996,14,12,18,15,69,102186,15,13,21,16,75,,17,14,22,16,69,,17,15,24,15,69,102345,15,11,18,17,70,,14,11,18,16,69,102170,20,18,30,15,75,102200,15,13,22,16,70,102146,13,11,18,16,69,101987,12,11,17,16,69,102107,17,14,23,,,,,,,16,71,102062,14,11,18,16,72,102053,13,11,18,15,69,102206,17,15,25,16,68,102207,12,10,18,16,70,102230,13,11,17,16,75,102324,11,8,13,15,68,102198,11,9,14,16,68,102061,17,15,24,15,70,102111,15,12,20,17,67,102081,12,9,13,16,70,102210,15,13,20,16,69,102152,12,9,12,15,69,102141,13,10,17,,,102400,12,9,15,15,70,102197,11,10,16,15,69,102157,11,10,17,16,65,102337,20,16,27,,,,,,,,,,,,,,,,,,,16,66,102185,16,13,22
2017-05-21T12:00:00,,,,,,,18,65,102090,13,9,16,,,,,,,,,102010,10,8,13,18,64,102018,10,9,14,18,58,102049,9,7,11,18,66,102046,7,6,9,,,102050,12,10,16,17,70,102070,9,8,12,18,64,101999,10,8,13,18,66,,11,9,15,18,66,102116,8,7,11,,,,,,,18,66,,9,7,11,18,67,,8,7,12,18,66,,11,8,14,17,64,,12,10,15,18,66,,6,5,9,18,66,,7,6,11,18,66,,9,7,12,,,,,,,18,67,102143,8,7,11,17,63,102057,10,8,12,19,-2785,101945,10,9,14,17,63,102131,9,7,12,17,69,,9,7,12,18,64,,11,9,15,17,62,102298,9,7,11,19,64,,10,8,13,18,64,102122,20,18,30,17,68,102150,7,6,11,17,64,102099,8,7,11,18,64,101943,6,5,8,18,64,102057,13,11,19,,,,,,,17,65,102016,10,8,13,18,66,101997,7,6,10,17,62,102160,10,9,14,18,62,102160,6,5,10,18,64,102180,8,7,11,18,72,102275,8,6,9,17,63,102140,8,7,11,17,62,102017,10,8,13,17,64,102065,10,8,13,18,61,102034,8,6,9,18,64,102156,11,9,13,18,63,102103,7,5,7,17,64,102089,9,7,11,,,102355,6,4,9,17,64,102148,10,9,15,17,64,102105,6,6,10,17,61,102283,13,10,17,,,,,,,,,,,,,,,,,,,17,61,102137,10,8,13
2017-05-21T13:00:00,,,,,,,18,61,102035,13,9,16,,,,,,,,,101953,10,8,13,18,61,101955,7,6,9,18,55,101994,8,6,10,18,62,101990,5,5,8,,,101992,10,8,13,18,65,102012,9,7,12,18,60,101938,10,8,14,18,63,,10,8,16,18,62,102059,8,7,11,,,,,,,18,61,,8,6,10,18,62,,7,6,11,18,62,,11,9,14,17,61,,10,8,13,18,62,,5,5,8,18,62,,8,7,13,18,63,,9,7,12,,,,,,,18,62,102088,9,7,12,18,59,102002,9,7,12,19,-2658,101889,10,9,15,18,60,102072,7,6,10,18,63,,9,7,11,18,61,,12,9,15,18,57,102243,6,5,8,19,61,,6,5,8,18,60,102062,15,14,23,17,64,102089,6,6,10,18,60,102042,6,5,9,18,60,101887,6,5,8,18,60,101996,7,6,10,,,,,,,18,61,101964,9,7,12,18,62,101940,7,6,10,18,58,102099,8,7,12,18,59,102102,4,4,7,18,61,102121,9,8,13,18,69,102221,7,5,9,18,59,102086,5,5,8,18,59,101959,9,7,11,18,61,102008,6,5,9,18,58,102002,6,4,7,18,61,102098,9,8,12,18,59,102044,6,4,6,18,59,102035,6,5,8,,,102296,5,4,8,18,61,102089,6,6,10,17,61,102045,5,4,7,18,57,102219,14,10,18,,,,,,,,,,,,,,,,,,,18,58,102082,9,7,12
2017-05-21T14:00:00,,,,,,,17,75,102014,15,11,19,,,,,,,,,101935,8,6,10,16,79,101932,5,5,8,18,45,101977,7,6,9,16,85,101975,6,5,8,,,101972,9,7,11,15,101,101991,6,5,9,17,72,101915,7,6,10,16,82,,8,6,12,17,80,102046,9,7,11,,,,,,,15,85,,7,6,10,16,85,,8,7,11,15,87,,9,7,12,14,88,,11,9,14,17,83,,6,5,9,17,79,,6,5,9,17,84,,8,7,11,,,,,,,17,79,102064,7,6,10,14,79,101983,7,5,9,18,0,101866,9,8,13,15,79,102050,6,5,9,16,88,,6,5,9,17,75,,10,8,12,14,72,102217,9,7,11,18,70,,8,6,10,16,73,102039,9,7,12,14,104,102070,6,5,9,16,76,102020,7,6,10,16,75,101876,7,6,9,18,66,101975,6,5,9,,,,,,,16,79,101937,7,6,9,17,75,101919,5,5,8,14,71,102080,7,6,11,16,68,102087,5,5,8,17,76,102096,8,7,12,16,283,102196,8,6,10,14,81,102073,8,6,10,16,70,101941,17,14,23,15,80,101989,8,7,12,17,64,101960,7,5,8,15,83,102070,10,8,13,18,66,102016,8,6,8,15,80,102006,8,6,10,,,102271,5,4,8,15,80,102068,17,19,29,14,92,102020,5,5,8,15,62,102198,11,8,14,,,,,,,,,,,,,,,,,,,15,66,102065,9,7,11
2017-05-21T15:00:00,,,,,,,16,78,102030,11,8,14,,,,,,,,,101953,10,8,12,16,79,101946,8,7,11,16,50,101994,9,7,11,15,86,101998,9,7,12,,,101988,11,8,13,14,109,102009,9,7,11,15,78,101930,10,8,13,16,84,,11,8,14,16,82,102066,10,8,13,,,,,,,14,89,,9,8,12,15,88,,8,7,11,14,89,,12,10,15,14,89,,11,9,14,15,86,,8,7,11,16,82,,7,6,10,15,90,,11,8,13,,,,,,,17,81,102089,8,7,11,13,82,102000,9,7,11,17,0,101881,11,9,14,14,82,102067,8,7,11,14,96,,9,7,11,17,76,,12,10,16,13,76,102229,10,7,12,17,74,,10,7,12,15,76,102055,9,8,13,14,106,102090,8,7,11,15,79,102042,10,8,13,15,78,101899,9,7,11,17,70,101989,9,7,12,,,,,,,15,80,101952,9,7,12,17,82,101936,8,6,10,14,75,102097,10,8,13,16,71,102100,7,6,10,16,79,102113,11,9,15,14,283,102211,8,7,10,14,81,102091,10,8,13,15,71,101959,85,90,126,17,81,102008,9,7,12,17,65,101967,7,5,8,14,86,102086,12,9,15,17,71,102030,8,6,9,13,87,102018,10,7,12,,,102283,9,6,10,15,81,102084,18,19,29,14,91,102037,7,6,11,15,65,102218,13,10,16,,,,,,,,,,,,,,,,,,,14,70,102085,12,9,15
2017-05-21T16:00:00,,,,,,,15,81,102063,13,9,17,,,,,,,,,101991,12,9,14,16,79,101989,9,7,12,15,55,102024,10,8,13,14,93,102030,11,8,14,,,102021,11,9,15,12,116,102039,9,8,12,14,83,101961,11,9,14,14,87,,13,10,18,15,84,102101,13,10,16,,,,,,,13,92,,11,9,15,14,89,,9,7,12,14,92,,13,11,17,14,90,,12,10,16,14,90,,10,8,14,15,84,,7,6,11,14,92,,13,10,17,,,,,,,16,83,102120,10,8,13,13,87,102032,10,8,12,15,0,101915,12,11,17,14,85,102109,10,8,14,14,101,,11,8,13,16,76,,13,11,18,13,80,102260,11,8,12,15,84,,10,8,13,15,77,102088,10,9,14,13,113,102133,9,8,13,14,83,102081,11,9,15,14,80,101934,11,9,14,15,75,102025,10,8,12,,,,,,,14,84,101981,9,7,11,16,88,101968,9,7,12,13,80,102134,12,9,16,15,74,102141,8,7,10,15,81,102148,11,9,14,13,283,102240,9,7,11,13,86,102133,9,7,12,13,76,101991,18,16,25,17,77,102049,10,8,13,15,74,102019,10,7,11,13,89,102122,11,9,15,16,73,102063,9,6,9,12,92,102048,11,8,14,,,102317,11,8,13,14,86,102121,15,15,24,13,92,102071,8,7,11,14,65,102253,16,12,20,,,,,,,,,,,,,,,,,,,13,72,102122,14,10,18
2017-05-21T17:00:00,,,,,,,15,84,102086,14,10,17,,,,,,,,,102014,13,10,16,16,79,102026,14,12,21,15,57,102046,11,9,14,13,98,102054,10,8,13,,,102045,13,10,17,12,121,102063,11,9,14,13,85,101986,12,9,15,14,90,,12,10,17,15,86,102126,16,13,21,,,,,,,12,94,,12,9,15,14,92,,10,8,14,13,93,,15,12,19,13,91,,13,10,16,13,92,,10,8,13,14,86,,8,7,12,13,94,,13,10,17,,,,,,,15,85,102148,10,8,14,12,91,102053,11,9,14,14,0,101940,13,11,17,13,88,102134,9,8,13,13,103,,10,8,13,16,77,,15,13,21,12,85,102288,13,9,14,14,91,,12,9,15,15,77,102109,12,10,17,13,115,102155,9,8,13,13,89,102108,10,9,14,14,83,101951,10,8,14,14,81,102052,10,8,12,,,,,,,14,87,102005,10,8,13,15,92,101990,10,8,13,12,87,102159,12,10,16,14,79,102164,8,6,10,14,84,102179,11,9,14,12,283,102261,11,8,14,12,88,102161,10,8,13,13,82,102014,13,10,17,16,80,102073,10,8,14,15,76,102040,10,8,12,12,92,102150,13,11,18,15,76,102087,11,8,11,11,95,102073,12,9,15,,,102342,10,7,13,13,88,102144,19,20,30,13,93,102097,9,8,13,14,67,102282,17,13,22,,,,,,,,,,,,,,,,,,,12,75,102146,15,11,19
2017-05-21T18:00:00,,,,,,,14,84,102107,13,10,18,,,,,,,,,102039,13,10,16,16,79,102052,11,10,16,14,58,102067,10,8,13,12,98,102077,11,9,15,,,102066,11,9,15,12,123,102082,11,9,14,13,85,102008,11,9,15,13,91,,12,10,18,13,86,102157,12,10,16,,,,,,,12,94,,11,9,14,13,92,,10,9,15,12,94,,14,12,19,12,92,,12,10,16,13,92,,8,7,12,14,86,,8,7,13,12,95,,12,10,17,,,,,,,14,86,102169,9,8,14,11,90,102073,11,9,15,13,0,101960,14,12,20,13,87,102162,11,9,15,13,103,,12,10,16,15,78,,13,10,17,11,85,102310,13,10,16,13,92,,12,10,17,14,77,102132,11,9,16,12,116,102178,9,8,13,13,88,102130,11,10,17,13,82,101974,10,8,14,13,81,102076,11,9,15,,,,,,,13,88,102023,10,8,13,14,95,102010,9,7,12,11,88,102185,11,9,16,13,79,102184,8,7,11,14,84,102205,10,8,14,11,283,102279,10,8,13,11,89,102184,10,9,14,12,83,102037,12,10,17,14,81,102094,11,9,15,14,78,102071,11,8,12,12,94,102172,12,10,16,14,78,102110,10,7,11,11,95,102095,12,10,16,12,83,102368,14,11,20,13,87,102166,16,15,24,13,93,102123,9,7,13,14,67,102309,15,12,20,,,,,,,,,,,,,,,,,,,11,76,102167,14,11,19
2017-05-21T19:00:00,,,,,,,14,84,102131,11,8,15,,,,,,,,,102061,11,9,14,16,79,102082,8,7,11,14,58,102093,8,7,11,13,96,102107,10,8,13,,,102092,10,8,14,11,122,102106,8,7,12,12,85,102037,9,8,13,13,90,,10,8,15,13,86,102186,10,8,14,14,83,,8,6,10,12,93,,8,7,11,13,92,,8,7,12,12,93,,12,10,16,12,91,,11,8,13,13,91,,7,6,11,14,86,,7,6,11,12,95,,11,10,16,,,,,,,14,86,102194,8,7,11,11,90,102098,8,7,11,14,0,101990,16,14,24,13,86,102186,8,7,12,12,101,,9,8,12,15,78,,12,9,16,11,84,102338,11,8,13,13,93,,11,9,15,14,76,102156,12,10,17,12,116,102202,7,7,11,13,86,102157,10,9,15,13,83,101996,8,7,12,14,80,102103,10,8,13,,,,,,,12,89,102052,7,6,10,14,92,102039,9,8,13,12,87,102214,9,8,13,13,80,102210,7,6,11,14,82,102234,9,7,12,12,283,102310,8,6,11,11,91,102208,8,7,11,12,80,102063,10,9,14,13,83,102117,10,8,13,14,79,102090,8,6,10,11,96,102201,10,8,13,14,78,102134,8,6,9,11,94,102122,9,8,12,,,102388,9,6,11,12,87,102190,7,6,11,12,93,102149,6,6,10,13,66,102336,12,9,16,,,,,,,,,,,,,,,,,,,11,76,102192,12,10,17
2017-05-21T20:00:00,,,,,,,13,86,102155,11,8,14,,,,,,,,,102085,10,7,12,16,79,102107,9,7,12,13,59,102122,8,6,11,12,97,102128,9,7,12,,,102119,10,9,15,11,128,102131,7,7,11,12,88,102062,8,7,11,13,90,,9,8,14,13,87,102212,10,8,14,,,,,,,12,94,,8,7,11,13,92,,7,6,11,12,96,,10,8,13,12,92,,10,8,13,13,91,,7,6,10,13,88,,6,5,10,12,97,,10,9,15,,,,,,,14,87,102221,6,6,10,11,94,102126,7,7,11,13,0,102014,12,11,17,13,86,102210,8,7,12,12,105,,8,7,12,15,79,,10,8,13,10,86,102363,9,7,11,13,94,,11,9,16,14,77,102181,11,10,16,12,117,102224,7,6,12,13,87,102183,10,8,14,13,86,102021,8,7,12,14,80,102129,8,7,12,,,,,,,12,91,102076,6,6,9,14,93,102066,9,7,12,11,89,102242,9,7,13,13,82,102236,6,5,9,13,83,102261,8,7,12,11,283,102339,8,7,11,11,95,102235,9,7,12,12,81,102089,10,8,14,13,85,102140,9,7,12,13,80,102116,7,5,8,11,99,102227,9,7,12,13,81,102162,9,7,10,11,96,102149,9,7,12,,,,,,,12,88,102214,13,16,24,12,94,102175,6,5,9,13,68,102360,11,8,14,,,,,,,,,,,,,,,,,,,11,78,102223,10,8,14
2017-05-21T21:00:00,,,,,,,14,74,102162,13,9,17,,,,,,,,,102090,12,9,15,15,75,102111,11,9,15,14,68,102123,9,8,13,14,76,102129,11,8,14,,,102122,10,9,14,13,79,102135,10,8,14,14,73,102066,9,8,13,14,73,,11,9,16,14,74,102217,12,10,16,,,,,,,14,73,,10,8,13,14,74,,8,7,13,14,73,,11,9,15,14,73,,12,9,16,14,74,,8,7,12,14,74,,7,6,11,14,73,,12,10,16,,,,,,,14,74,102228,8,7,12,13,72,102125,11,9,14,14,-2225,102017,14,12,19,14,73,102224,9,8,13,14,77,,10,9,14,14,73,,12,9,16,13,71,102368,11,9,13,14,74,,13,12,19,14,73,102186,11,10,16,,,,,,,14,74,102189,11,10,16,14,73,102026,9,8,12,14,73,102135,10,8,14,,,,,,,14,73,102078,8,7,12,14,76,102066,10,8,13,14,73,102250,10,9,15,14,72,102248,7,6,11,14,73,102267,9,7,12,14,79,102341,9,7,11,14,73,102236,10,8,14,14,72,102094,13,10,18,14,74,102142,10,8,14,14,73,102125,10,7,11,14,74,102234,11,9,14,14,73,102164,9,7,10,13,72,102151,11,8,14,,,,,,,14,73,102219,24,26,40,14,73,102181,7,6,11,14,69,102368,12,9,16,,,,,,,,,,,,,,,,,,,13,69,102226,12,9,16
2017-05-21T22:00:00,,,,,,,14,74,102130,17,13,23,,,,,,,,,102060,14,11,19,15,75,102083,12,10,17,14,68,102092,12,10,16,14,76,102097,13,11,19,,,102096,13,11,18,13,79,102105,12,11,18,14,74,102037,12,10,17,14,74,,15,13,23,14,73,102191,13,11,18,,,,,,,14,73,,13,11,18,14,74,,11,10,16,14,74,,13,11,18,14,73,,14,12,19,14,74,,10,9,15,14,74,,10,8,14,14,74,,15,12,20,,,,,,,14,74,102200,10,9,15,13,73,102093,14,12,19,14,-2222,101988,16,14,24,14,73,102194,13,11,19,14,78,,14,11,19,14,74,,14,12,20,13,72,102336,14,11,17,14,76,,18,15,24,14,72,102157,14,13,21,,,,,,,14,74,102159,13,11,18,14,74,101994,11,9,15,14,73,102105,13,11,18,,,,,,,14,74,102046,12,10,16,14,77,102044,10,8,14,14,74,102221,14,12,21,14,72,102218,10,9,15,14,74,102238,11,10,16,14,79,102313,11,9,14,13,73,102205,16,14,23,14,72,102065,15,13,22,14,74,102114,14,12,19,14,73,102086,11,9,14,13,74,102205,14,12,19,14,74,102133,12,9,13,13,72,102120,12,9,15,,,,,,,14,74,102191,21,22,34,14,73,102147,10,9,15,14,69,102339,15,12,21,,,,,,,,,,,,,,,,,,,13,69,102196,14,12,20
2017-05-21T23:00:00,,,,,,,14,81,102124,20,15,27,,,,,,,,,102055,18,14,23,15,82,102074,16,14,23,14,75,102087,14,12,19,14,83,102096,17,14,23,,,102087,15,13,21,13,84,102102,17,15,24,13,80,102031,14,12,20,14,80,,18,15,27,14,80,102184,16,14,22,14,80,,14,12,20,13,80,,16,14,22,14,81,,13,11,19,13,80,,15,13,21,13,80,,17,14,23,14,81,,13,11,19,14,80,,11,9,16,13,80,,17,15,25,,,,,,,14,81,102192,12,10,17,13,80,102088,17,14,23,14,-2291,101984,17,15,25,14,80,102187,16,14,23,13,84,,18,16,26,14,79,,17,14,23,13,78,102327,15,11,18,14,82,,20,17,27,14,79,102149,14,12,20,,,,,,,14,81,102147,18,16,27,14,81,101986,13,11,18,14,80,102101,16,14,22,,,,,,,13,81,102042,14,12,20,14,84,102032,12,10,17,13,81,102215,17,15,25,14,79,102209,14,13,20,14,80,102232,13,11,19,13,84,102300,13,11,18,13,80,102198,18,15,24,13,78,102059,18,15,26,14,81,102108,18,15,24,14,80,102085,12,10,15,13,81,102200,14,12,20,14,80,102122,14,11,15,13,79,102112,13,11,18,,,102385,13,10,17,13,80,102182,11,9,16,13,80,102141,9,8,14,14,76,102334,17,13,23,,,,,,,,,,,,,,,,,,,13,76,102186,17,15,25
2017-05-22T00:00:00,,,,,,,14,81,102134,20,16,28,,,,,,,,,102067,19,16,25,15,82,102085,16,14,23,14,75,102097,16,14,22,13,82,102103,16,13,22,,,102100,16,14,23,13,84,102112,16,14,22,13,80,102043,16,14,23,13,80,,17,15,27,14,80,102195,17,15,24,14,80,,17,14,22,13,80,,16,14,23,13,81,,14,12,21,13,80,,17,15,25,13,80,,18,15,25,13,80,,14,12,20,14,80,,13,11,20,13,80,,18,15,25,,,,,,,14,81,102202,14,12,20,13,80,102103,18,15,24,13,-2113,101988,15,14,22,13,80,102199,15,14,22,13,84,,15,14,22,14,80,,18,15,25,13,79,102336,16,13,21,13,82,,17,15,23,14,79,102160,14,12,21,,,,,,,13,81,102167,17,14,24,14,81,102005,15,13,22,14,80,102110,15,13,21,,,,,,,13,81,102050,15,13,21,14,84,102042,14,12,20,13,82,102226,17,15,25,14,80,102221,13,11,19,14,81,102241,14,12,20,13,84,102311,15,13,21,13,79,102212,15,13,21,13,79,102069,18,15,26,14,81,102117,16,14,22,13,81,102092,16,13,19,13,81,102211,17,15,23,14,81,102133,14,11,16,13,79,102121,16,14,22,,,102396,14,11,18,13,80,102191,13,11,19,13,80,102151,11,9,16,14,76,102346,19,16,27,,,,,,,,,,,,,,,,,,,13,76,102199,19,17,29
2017-05-22T01:00:00,,,,,,,14,78,102132,17,14,24,,,,,,,,,102062,17,14,22,15,79,102093,14,13,21,14,72,102095,13,12,19,13,79,102101,14,12,20,,,102097,15,13,21,13,82,102109,14,12,19,13,78,102040,14,12,20,13,77,,15,13,23,13,77,102198,15,13,21,14,77,,14,12,19,13,77,,14,12,20,13,78,,13,11,19,13,77,,15,13,21,13,77,,15,13,22,13,77,,12,11,18,14,78,,11,9,17,13,77,,15,13,22,,,,,,,14,78,102202,12,10,17,13,77,102098,15,13,21,13,-2132,101988,13,12,19,13,77,102200,13,12,19,13,82,,13,11,19,14,77,,16,14,23,13,77,102333,16,13,21,13,80,,15,12,20,14,76,102157,12,10,17,,,,,,,13,78,102167,15,13,22,14,78,102005,13,11,19,14,77,102109,13,11,19,,,,,,,13,78,102047,13,10,17,13,82,102038,12,10,17,13,79,102224,15,13,22,13,77,102218,11,10,16,14,78,102237,14,12,19,13,82,102307,13,12,19,13,76,102212,14,12,19,13,76,102066,16,14,23,13,78,102115,14,12,19,13,78,102091,15,12,18,13,79,102210,15,13,21,14,78,102133,14,11,16,13,76,102118,15,13,21,,,102393,13,9,16,13,78,102188,12,11,18,13,77,102149,10,9,15,13,73,102345,18,14,24,,,,,,,,,,,,,,,,,,,13,73,102203,17,14,24
2017-05-22T02:00:00,,,,,,,13,77,102119,17,13,23,,,,,,,,,102047,16,13,21,14,80,102074,13,11,18,13,72,102081,13,11,18,13,80,102091,14,12,20,,,102084,14,12,20,12,82,102094,13,11,19,13,78,102026,13,11,18,13,77,,14,12,22,13,77,102189,14,12,20,13,77,,14,12,20,13,77,,13,11,19,13,78,,13,10,18,13,77,,14,12,20,13,76,,14,13,21,13,78,,12,10,17,13,77,,11,9,16,13,77,,15,13,21,,,,,,,13,78,102192,11,10,16,12,77,102085,15,13,21,13,-2091,101975,13,11,18,13,77,102191,13,12,19,13,82,,12,11,17,13,77,,15,13,21,12,76,102318,15,12,19,13,80,,14,12,20,13,76,102143,11,10,17,,,,,,,13,78,102160,15,12,21,13,77,101990,12,11,18,13,77,102094,13,11,18,,,,,,,13,78,102034,13,10,18,13,82,102026,11,9,16,12,79,102216,14,12,20,13,77,102214,12,10,17,13,78,102225,13,11,17,12,82,102290,13,11,18,13,77,102202,14,12,19,13,76,102055,14,12,21,13,78,102101,14,12,20,13,78,102078,14,11,16,12,78,102195,14,12,20,13,78,102117,14,11,15,12,76,102101,14,12,19,,,102377,12,9,15,13,77,102171,12,10,16,13,77,102134,9,8,14,13,73,102336,17,13,22,,,,,,,,,,,,,,,,,,,12,73,102192,17,14,24
2017-05-22T03:00:00,,,,,,,13,80,102117,15,11,20,,,,,,,,,102046,14,11,18,14,83,102077,11,10,16,13,75,102076,11,10,16,12,82,102084,12,10,17,,,102083,13,11,18,12,84,102093,12,10,16,12,80,102025,12,9,16,12,79,,12,10,19,13,80,102185,13,11,18,,,,15,12,19,12,79,,11,10,16,12,80,,12,9,16,12,80,,13,11,18,12,79,,13,11,18,13,81,,9,8,14,13,80,,9,8,14,12,80,,13,11,18,,,,,,,13,80,102191,10,8,14,12,80,102083,13,11,18,13,-2174,101974,13,11,18,12,80,102190,11,9,16,12,84,,11,9,15,13,79,,12,10,17,12,79,102317,13,10,16,12,83,,13,11,18,13,79,102143,9,8,14,,,,,,,12,81,102153,12,10,17,13,81,101983,10,8,13,13,80,102095,12,9,16,,,,,,,12,81,102033,11,9,15,13,84,102022,10,8,13,12,83,102211,12,10,17,12,80,102211,9,8,14,13,81,102223,12,9,16,12,84,102286,12,10,17,12,79,102201,11,10,16,12,79,102051,13,11,18,13,81,102099,11,10,16,13,81,102077,12,10,14,12,81,102195,12,10,17,13,80,102117,13,10,14,12,79,102103,12,10,17,,,102375,10,7,12,12,80,102170,11,9,15,12,80,102135,8,7,12,13,75,102336,14,11,19,,,,,,,,,,,,,,,,,,,12,76,102187,15,12,21
2017-05-22T04:00:00,,,,,,,13,78,102110,14,10,18,,,,,,,,,102040,13,10,16,14,81,102075,11,10,16,13,73,102074,10,8,13,12,79,102085,11,9,15,,,102077,11,9,14,13,82,102096,9,8,12,12,78,102020,10,8,14,12,78,,11,9,16,13,77,102179,12,10,16,13,79,,10,8,13,12,77,,10,9,14,13,78,,9,8,13,12,78,,13,11,18,12,78,,11,10,16,15,82,,8,7,11,13,78,,7,6,11,12,78,,12,9,16,,,,,,,13,78,102186,9,8,13,12,77,102076,11,9,14,14,-3308,101981,15,13,21,12,77,102189,9,8,13,12,82,,10,8,14,13,77,,11,9,15,12,77,102308,11,9,14,12,80,,11,9,15,13,76,102137,8,7,12,,,,,,,13,79,102137,10,8,14,13,78,101979,9,8,13,13,78,102095,9,8,13,,,,,,,13,79,102024,9,8,13,13,82,102019,8,7,12,12,79,102203,10,9,15,13,77,102209,7,7,11,13,79,102218,10,8,14,13,82,102278,10,8,13,12,77,102203,10,9,14,12,77,102049,11,9,16,13,79,102097,10,9,14,13,78,102062,10,8,12,12,79,102188,11,9,15,13,79,102109,11,8,12,12,78,102096,12,9,15,,,102374,8,6,10,14,80,102160,11,11,17,12,77,102127,6,6,10,13,73,102332,13,10,17,,,,,,,,,,,,,,,,,,,12,74,102177,12,10,17
2017-05-22T05:00:00,,,,,,,13,73,102104,13,9,17,,,,,,,,,102032,12,9,15,14,76,102051,11,10,16,13,67,102070,8,7,11,14,76,102079,8,6,11,,,102072,8,7,11,14,74,102097,6,5,9,13,72,102014,8,7,11,13,74,,9,7,13,13,73,102168,10,8,13,14,75,,8,7,11,12,72,,8,7,11,13,73,,8,7,12,13,73,,12,10,16,13,72,,10,8,14,16,78,,7,5,9,13,73,,6,6,10,13,73,,8,7,12,,,,,,,15,78,102164,7,6,9,12,72,102073,8,7,11,17,-5840,101989,9,8,13,13,72,102180,7,6,11,13,76,,8,8,12,13,72,,10,8,13,13,70,102299,9,7,12,13,75,,9,7,12,13,71,102133,6,6,10,,,,,,,16,75,102113,6,5,9,13,72,101976,6,5,9,16,71,102097,9,7,12,,,,,,,13,74,102020,7,6,10,13,76,102014,6,6,10,13,70,102188,8,7,12,13,72,102197,6,5,9,13,74,102208,8,7,11,15,78,102290,6,5,8,13,72,102189,8,7,11,14,72,102045,9,8,13,13,73,102088,8,7,12,14,70,102045,7,5,8,13,73,102179,10,8,13,13,73,102102,8,6,8,13,72,102090,9,7,12,,,102368,6,5,9,14,73,102164,6,5,9,13,73,102117,5,5,9,13,68,102322,11,9,15,,,,,,,,,,,,,,,,,,,13,69,102168,9,7,12
2017-05-22T06:00:00,,,,,,,13,83,102098,10,7,13,,,,,,,,,102030,10,8,13,16,79,102044,9,7,12,13,55,102064,6,5,8,24,52,102092,6,5,8,,,102065,7,6,10,17,66,102095,5,4,7,13,80,102008,6,6,9,14,84,,6,6,10,13,85,102160,12,11,18,,,,,,,11,93,,6,6,9,13,89,,8,7,12,13,88,,10,8,14,11,91,,9,7,12,27,56,,6,5,7,13,86,,5,4,8,12,92,,7,6,10,,,,,,,25,59,102166,7,6,10,10,87,102066,5,4,7,32,0,101992,6,5,8,12,84,102166,6,6,10,12,95,,7,7,11,15,76,,8,6,11,12,65,102298,7,6,9,17,67,,7,6,9,19,65,102138,5,5,8,11,106,102171,5,5,9,22,47,102117,6,5,9,14,74,101968,5,5,8,28,20,102106,6,5,8,,,,,,,15,75,102019,5,5,8,19,63,102014,5,4,8,13,68,102182,6,6,10,13,79,102189,5,4,7,16,70,102192,6,5,9,23,283,102296,4,4,6,11,85,102186,7,6,9,18,53,102047,10,8,12,12,86,102086,7,6,10,18,49,102039,5,4,6,12,86,102167,7,6,10,13,76,102100,5,4,6,13,75,102090,7,6,9,,,102364,4,3,6,15,73,102160,5,4,7,12,92,102110,5,4,8,13,64,102312,9,7,11,,,,,,,,,,,,,,,,,,,15,59,102153,7,5,10
2017-05-22T07:00:00,,,,,,,14,79,102088,8,6,12,,,,,,,,,102017,7,6,9,16,79,102033,8,7,11,14,50,102047,4,4,7,28,41,102086,5,4,7,,,102049,6,5,8,15,71,102075,4,4,6,14,76,101990,6,5,8,14,82,,7,6,11,17,76,102121,14,12,21,,,,,,,15,81,,6,5,9,13,86,,5,5,8,13,85,,10,8,14,12,89,,8,7,11,24,59,,4,4,7,14,82,,4,4,7,13,89,,6,5,9,,,,,,,31,50,102143,7,5,9,12,79,102048,4,4,6,31,0,101982,6,5,7,13,79,102146,5,5,8,12,88,,8,7,11,17,71,,7,6,10,14,52,102285,5,4,7,19,57,,6,5,9,29,47,102139,6,6,9,13,96,102156,5,5,8,26,37,102093,5,4,7,15,69,101949,5,4,7,25,31,102090,6,5,9,,,,,,,19,57,102010,4,4,6,31,29,102017,4,3,6,16,53,102160,7,6,10,14,70,102173,4,4,6,18,63,102173,4,4,7,24,283,102281,4,4,6,12,81,102173,6,6,9,15,62,102030,7,6,10,13,82,102075,6,5,9,21,28,102012,4,3,5,14,76,102148,6,5,9,14,74,102083,6,4,6,14,72,102074,5,5,8,,,102353,4,3,6,15,73,102142,4,3,6,12,89,102097,4,3,6,16,51,102282,7,5,9,,,,,,,,,,,,,,,,,,,16,55,102137,6,4,8
2017-05-22T08:00:00,,,,,,,16,72,102091,6,4,8,,,,,,,,,102032,6,4,7,16,79,102033,8,7,11,16,44,102048,4,4,6,24,47,102084,4,3,5,,,102048,5,4,7,16,75,102072,5,4,7,16,71,101986,5,4,8,16,80,,6,5,10,19,70,102110,6,5,8,21,65,,5,4,7,15,79,,4,4,6,15,83,,5,5,8,15,81,,8,7,11,14,84,,9,8,13,19,69,,5,4,7,15,79,,4,3,6,15,83,,5,4,8,,,,,,,27,55,102148,6,5,8,14,74,102050,5,4,7,33,0,101983,5,4,7,15,71,102138,5,4,7,14,74,,5,4,7,18,67,,6,5,8,15,49,102290,5,4,7,23,44,,6,5,8,23,55,102129,4,4,7,14,86,102144,3,3,5,21,49,102102,4,4,6,17,64,101944,4,3,5,22,42,102081,5,5,8,,,,,,,21,51,102019,5,4,7,30,27,102020,4,3,6,18,42,102154,5,5,8,17,62,102169,3,3,5,20,55,102165,4,4,7,22,283,102282,3,3,5,14,74,102166,5,5,8,15,63,102027,6,5,8,15,77,102079,5,4,7,22,23,102014,4,3,5,21,45,102141,6,5,7,17,64,102087,4,3,5,15,68,102075,6,5,8,,,102354,3,2,5,15,72,102141,4,3,6,13,85,102098,4,3,6,18,47,102276,7,5,9,,,,,,,,,,,,,,,,,,,18,53,102129,7,5,9
2017-05-22T09:00:00,,,,,,,18,66,102091,6,4,8,,,,,,,,,102027,6,4,7,16,79,102030,5,4,7,17,38,102048,4,4,6,19,65,102067,4,4,6,,,102043,4,3,6,17,69,102067,4,3,5,18,63,101987,5,4,7,17,77,,4,4,7,20,69,102099,5,5,8,,,,,,,16,79,,5,4,6,18,76,,4,4,7,18,76,,9,7,11,14,85,,7,6,11,19,70,,4,3,5,17,73,,3,2,5,17,79,,5,4,7,,,,,,,22,64,102147,4,4,6,14,63,102047,4,3,5,23,0,101967,5,4,7,15,68,102132,4,4,6,16,63,,4,3,6,17,69,,6,5,9,16,46,102284,5,4,6,21,49,,5,4,7,19,64,102115,5,4,7,15,84,102146,3,3,6,18,59,102101,4,4,7,19,60,101933,4,4,6,20,50,102072,4,4,7,,,,,,,17,67,102011,3,3,5,26,37,102007,4,3,6,15,49,102155,5,5,8,18,57,102163,3,3,5,20,58,102162,4,3,6,18,283,102271,3,2,4,15,65,102155,4,3,6,15,63,102020,6,5,9,15,76,102073,5,4,7,21,30,102014,3,2,4,19,55,102133,6,5,8,19,53,102082,3,2,3,15,65,102072,6,5,8,,,102351,2,2,4,16,69,102136,3,3,5,15,83,102089,4,4,6,17,50,102268,7,5,8,,,,,,,,,,,,,,,,,,,18,50,102121,17,15,27
2017-05-22T10:00:00,,,,,,,20,54,102061,6,5,9,,,,,,,,,101990,7,6,9,19,54,101989,5,4,7,19,47,102013,4,4,7,19,54,102029,5,4,7,,,102009,5,4,7,19,53,102033,4,3,6,20,54,101957,5,5,7,19,56,,6,5,9,21,59,102049,11,9,14,,,,,,,19,55,,5,5,8,20,57,,5,5,8,20,57,,10,8,12,18,54,,15,14,24,19,56,,4,3,6,19,56,,3,3,5,19,56,,5,4,7,,,,,,,20,58,102102,5,4,8,18,50,102012,5,4,7,21,-3158,101928,5,4,6,19,52,102085,9,8,13,19,52,,6,5,8,19,54,,8,7,11,19,48,102255,5,4,6,21,51,,4,4,6,20,54,102081,6,5,9,,,,,,,19,53,102063,5,5,8,19,52,101902,5,4,7,20,52,102035,4,4,7,,,,,,,19,53,101978,4,4,6,21,52,101976,4,3,6,19,48,102115,6,5,9,20,52,102127,3,3,5,20,53,102127,4,4,7,19,64,102236,5,4,6,19,52,102121,5,4,7,19,51,101987,6,6,9,19,53,102037,4,4,7,20,45,101971,4,3,5,20,52,102100,7,6,9,20,52,102053,4,3,5,19,52,102042,5,4,7,,,102324,3,2,5,19,52,102104,4,3,5,19,55,102065,4,4,7,19,50,102231,7,5,9,,,,,,,,,,,,,,,,,,,20,50,102086,11,9,16
2017-05-22T11:00:00,,,,,,,21,55,102042,8,6,11,,,,,,,,,101963,8,7,10,19,54,101963,7,6,9,20,47,101988,7,6,9,20,55,102005,7,6,10,,,101980,8,6,10,19,54,102007,6,6,9,21,55,101937,8,6,11,20,56,,7,6,11,21,60,102018,12,10,16,,,,8,7,10,20,56,,8,6,10,21,59,,7,6,9,21,59,,12,10,16,19,55,,10,8,14,20,56,,8,7,11,20,57,,5,5,8,20,58,,9,7,12,,,,,,,21,58,102072,7,6,10,19,51,101984,7,5,9,21,-2927,101902,7,5,9,19,52,102056,6,5,8,20,52,,7,6,10,20,55,,9,7,12,19,48,102225,8,6,9,21,51,,7,5,8,20,55,102056,7,6,10,19,55,102067,8,7,12,20,53,102038,8,6,11,20,53,101876,8,7,11,20,52,102010,7,6,9,,,,,,,20,53,101950,6,5,9,21,52,101948,6,5,8,19,49,102085,7,6,10,20,53,102101,5,4,7,21,54,102092,6,5,9,20,64,102206,6,5,8,19,52,102093,7,6,9,19,51,101961,10,8,13,19,54,102015,6,6,9,21,44,101940,6,5,7,21,51,102068,8,6,10,22,51,102034,6,4,6,19,52,102014,10,9,15,,,102298,4,3,6,19,53,102076,5,4,7,19,55,102034,6,5,9,20,50,102198,10,7,13,,,,,,,,,,,,,,,,,,,20,51,102053,8,6,11
2017-05-22T12:00:00,,,,,,,21,57,102002,10,7,12,,,,,,,,,101913,12,9,15,19,54,101919,9,7,12,19,47,101941,9,8,12,19,55,101957,9,7,12,,,101935,11,9,14,19,55,101958,10,8,13,22,55,101903,10,8,13,19,56,,10,8,14,22,64,101952,15,13,21,,,,,,,20,57,,10,8,12,21,61,,8,7,11,21,61,,13,11,17,19,56,,17,17,28,19,56,,9,8,13,21,59,,8,7,12,20,59,,12,10,16,,,,,,,20,59,102024,9,8,12,19,51,101940,10,8,12,20,-2570,101853,9,7,11,19,53,102008,8,7,11,20,53,,10,8,12,20,56,,11,9,15,19,48,102183,10,8,12,22,50,,8,6,10,20,55,102010,9,8,13,19,56,102045,8,7,11,19,54,101992,10,8,13,19,54,101830,11,9,15,20,53,101964,9,8,12,,,,,,,19,54,101904,9,8,13,20,53,101895,9,7,11,19,49,102042,11,9,15,21,52,102054,7,6,10,20,55,102049,9,7,11,19,64,102159,8,7,11,20,54,102041,9,7,11,19,52,101915,12,9,15,19,55,101971,9,7,12,20,47,101904,8,6,9,21,51,102022,10,8,12,22,51,101987,7,5,7,19,53,101967,10,8,14,,,102258,5,4,7,19,53,102032,7,6,10,19,56,101996,8,7,11,19,50,102150,13,10,16,,,,,,,,,,,,,,,,,,,20,51,102010,11,9,15
2017-05-22T13:00:00,,,,,,,22,51,101957,11,8,14,,,,,,,,,101865,12,9,15,20,49,101867,9,8,12,21,43,101898,10,9,14,20,49,101912,10,8,13,,,101888,12,9,15,21,49,101913,10,8,12,23,50,101853,11,9,14,21,52,,11,9,16,22,54,101934,13,11,18,,,,11,8,13,21,52,,11,8,14,23,59,,10,8,13,22,54,,14,12,19,21,51,,15,13,21,21,51,,10,8,13,23,54,,8,7,12,23,58,,12,9,15,,,,,,,22,52,101977,10,8,14,20,46,101895,10,8,13,21,-2351,101802,10,8,13,21,49,101956,24,25,40,21,50,,12,10,16,21,50,,12,10,17,21,44,102136,12,9,13,23,48,,9,7,11,21,50,101960,11,9,14,,,,,,,21,49,101947,10,9,14,21,50,101787,11,9,15,21,49,101911,10,8,14,,,,,,,21,49,101861,10,8,13,22,48,101842,9,7,12,20,46,101994,11,9,15,23,47,102008,8,6,10,21,49,102006,10,8,12,21,60,102112,10,8,12,22,49,101987,10,8,12,20,47,101868,13,11,17,21,50,101924,10,8,14,21,44,101860,10,7,11,22,47,101973,11,9,14,23,46,101941,9,7,9,20,48,101914,11,9,14,,,102214,6,4,7,20,48,102003,9,7,12,21,51,101944,9,8,13,21,46,102103,13,10,16,,,,,,,,,,,,,,,,,,,22,47,101963,11,8,14
2017-05-22T14:00:00,,,,,,,22,57,101915,11,8,14,,,,,,,,,101825,12,9,16,19,55,101835,10,8,14,21,49,101864,11,9,15,20,55,101874,10,8,13,,,101853,12,10,16,20,55,101879,10,8,13,21,55,101811,12,9,15,20,57,,12,9,17,21,58,101912,13,10,16,,,,,,,20,57,,11,9,14,22,64,,10,8,14,22,62,,14,12,19,20,57,,13,10,17,20,57,,10,8,13,22,61,,9,7,12,24,65,,12,10,15,,,,,,,21,58,101940,11,9,14,20,52,101860,11,8,13,20,-2401,101764,10,8,13,20,53,101920,10,8,14,22,55,,11,9,14,20,56,,13,11,18,20,49,102102,12,9,14,21,54,,10,8,12,20,56,101924,10,9,14,,,,,,,20,54,101909,11,9,15,20,54,101750,12,9,15,20,54,101874,11,9,14,,,,,,,20,54,101827,10,8,14,20,54,101810,10,8,13,19,50,101955,14,12,20,23,51,101971,8,6,10,20,55,101968,11,9,14,20,65,102078,10,8,12,22,54,101961,10,7,12,20,53,101830,13,11,18,20,56,101887,10,8,13,20,50,101826,10,8,11,21,52,101937,11,9,15,22,52,101907,8,6,8,20,54,101881,11,9,15,,,102183,7,5,9,,,,,,,20,57,101909,10,8,13,20,51,102065,14,10,17,,,,,,,,,,,,,,,,,,,21,52,101928,11,9,15
2017-05-22T15:00:00,,,,,,,22,54,101872,11,8,14,,,,,,,,,101782,12,9,14,20,52,101789,9,7,12,21,46,101814,11,9,14,20,52,101828,11,9,14,,,101807,13,10,17,20,52,101832,10,8,13,21,52,101757,12,9,15,21,55,,13,10,18,21,54,101874,16,13,20,,,,,,,21,54,,11,9,14,22,59,,10,8,14,23,59,,14,11,19,21,53,,13,11,18,20,53,,10,8,14,23,57,,8,7,12,23,60,,13,10,16,,,,,,,21,55,101892,11,9,14,20,49,101816,11,8,13,21,-1994,101718,10,8,13,21,50,101869,10,8,13,22,51,,12,10,15,21,52,,12,10,17,20,46,102058,12,9,14,21,51,,10,8,13,21,52,101877,10,9,15,,,,,,,20,51,101867,10,9,15,21,51,101705,11,9,15,21,50,101828,10,8,14,,,,,,,20,51,101782,10,9,14,21,51,101758,11,8,14,20,47,101909,17,14,25,24,46,101925,8,6,10,21,51,101924,10,8,13,21,63,102031,10,8,13,23,50,101907,10,8,12,20,49,101784,15,12,19,21,52,101840,10,8,14,21,47,101777,11,8,12,22,49,101894,12,9,15,23,49,101859,9,7,9,20,51,101837,11,9,15,,,102139,7,5,8,21,51,101896,30,33,50,21,55,101867,10,8,14,21,48,102021,14,10,17,,,,,,,,,,,,,,,,,,,21,49,101889,13,10,16
2017-05-22T16:00:00,,,,,,,22,57,101837,11,8,14,,,,,,,,,101746,13,10,16,19,55,101752,9,7,12,20,49,101778,11,9,14,20,55,101791,10,8,13,,,101772,12,10,16,20,55,101796,10,8,13,20,55,101715,11,9,15,20,57,,14,12,21,20,57,101842,16,13,21,,,,,,,20,57,,11,9,14,22,62,,10,8,14,22,63,,13,11,17,20,57,,14,12,20,20,56,,10,9,14,22,62,,8,7,12,20,58,,13,10,16,,,,,,,20,57,101859,10,8,14,21,51,101789,10,8,12,20,-2045,101682,10,9,14,21,53,101830,10,8,13,22,54,,10,8,12,20,55,,14,12,20,19,50,102025,12,9,14,20,54,,16,13,21,20,55,101840,10,9,14,,,,,,,20,54,101835,10,8,14,20,54,101672,11,9,15,20,54,101795,11,9,14,,,,,,,20,54,101747,10,9,14,20,54,101725,10,8,13,19,50,101878,18,15,26,23,50,101895,8,6,10,20,54,101892,10,8,13,19,65,101994,11,9,14,23,52,101881,9,7,11,19,52,101751,14,11,18,20,55,101809,10,8,13,20,51,101744,13,10,15,20,54,101864,13,10,16,21,53,101820,10,8,10,20,55,101805,13,10,16,,,102106,8,5,9,20,54,101872,15,17,27,20,58,101835,10,8,14,20,51,101992,14,10,17,,,,,,,,,,,,,,,,,,,20,51,101854,12,9,16
2017-05-22T17:00:00,,,,,,,21,56,101824,11,8,14,,,,,,,,,101732,13,10,16,19,54,101742,11,9,14,19,49,101763,10,8,13,19,54,101774,10,8,13,,,101758,13,11,17,19,55,101783,13,10,17,20,54,101701,12,10,16,19,56,,14,12,22,19,55,101832,15,13,21,,,,,,,19,56,,12,9,15,20,59,,13,11,17,21,59,,13,11,17,19,56,,14,11,18,19,56,,10,9,14,22,62,,8,7,12,19,56,,13,11,17,,,,,,,20,56,101846,11,9,14,20,51,101773,10,8,12,19,-2077,101667,15,13,21,20,53,101824,10,8,14,21,52,,9,7,12,20,55,,13,11,18,19,50,102010,14,11,17,20,54,,17,14,23,20,54,101827,12,10,17,19,56,101838,10,8,14,19,53,101822,11,9,15,19,54,101658,12,9,15,20,53,101779,11,10,16,,,,,,,19,53,101735,10,8,14,20,53,101713,11,9,15,19,49,101866,17,14,24,20,52,101883,8,7,11,20,54,101878,11,9,16,19,64,101980,10,8,13,20,53,101879,10,8,13,19,52,101735,14,11,18,19,54,101793,10,8,14,20,51,101732,12,9,13,19,53,101852,17,14,24,20,54,101804,12,9,13,19,55,101790,15,12,20,,,102088,14,10,18,19,54,101859,12,11,18,19,57,101820,13,11,19,19,51,101981,15,11,18,,,,,,,,,,,,,,,,,,,19,51,101842,14,11,19
2017-05-22T18:00:00,,,,,,,19,60,101813,16,12,21,,,,,,,,,101728,19,15,24,18,59,101745,14,12,19,18,53,101754,13,11,17,18,59,101764,13,11,17,,,101751,16,13,21,18,61,101776,14,11,19,18,58,101694,14,11,19,18,61,,19,16,29,18,60,101828,19,16,26,,,,,,,18,60,,12,10,16,19,62,,18,16,27,19,61,,18,15,25,18,61,,23,20,35,18,61,,19,16,26,19,62,,10,9,15,18,61,,17,14,22,,,,,,,19,61,101848,13,11,18,18,59,101761,11,9,14,18,-2062,101663,21,19,31,18,59,101835,11,9,15,19,58,,13,11,17,19,59,,19,16,27,18,56,102000,19,16,24,18,60,,16,13,21,19,59,101826,18,16,27,18,61,101839,13,12,20,18,58,101811,18,16,27,18,60,101660,14,12,19,19,59,101773,15,12,20,,,,,,,18,58,101730,12,10,16,19,58,101697,12,10,16,18,55,101866,16,14,23,18,57,101879,10,9,15,18,59,101878,14,11,18,18,68,101973,11,9,14,18,59,101880,15,12,19,18,57,101730,18,15,25,18,59,101785,14,11,18,18,59,101737,12,9,14,18,59,101848,18,15,24,18,60,101792,15,11,15,18,59,101784,18,15,25,,,102081,14,10,17,18,59,101853,15,12,21,18,61,101812,13,11,19,18,56,101978,19,15,25,,,,,,,,,,,,,,,,,,,18,56,101841,17,14,23
2017-05-22T19:00:00,,,,,,,16,75,101826,24,20,35,,,,,,,,,101742,23,20,32,16,74,101758,20,18,30,15,68,101773,18,16,25,15,76,101785,22,19,32,,,101777,28,25,43,15,79,101793,32,35,55,15,74,101714,19,15,25,16,76,,27,24,47,16,75,101847,26,23,39,,,,,,,15,75,,21,18,31,16,77,,22,19,34,16,77,,25,22,38,15,75,,26,23,39,15,75,,18,15,25,15,76,,13,11,18,15,76,,24,20,35,,,,,,,16,76,101866,19,16,26,15,73,101775,13,10,16,16,-2524,101683,27,26,44,15,74,101859,15,13,21,15,75,,19,15,25,16,76,,22,19,34,15,72,102020,28,24,40,15,75,,21,17,28,16,75,101845,21,18,30,15,79,101861,19,17,29,16,72,101820,29,26,45,15,75,101683,19,17,28,16,75,101791,21,18,30,,,,,,,15,73,101746,16,13,22,,,,,,,15,72,101889,25,22,37,15,73,101898,13,11,18,15,74,101900,19,16,26,15,79,101987,13,11,18,15,74,101902,16,13,21,15,72,101747,26,23,39,15,75,101805,20,17,27,15,75,101761,15,11,16,15,75,101871,24,22,38,15,75,101811,20,16,23,15,75,101805,26,22,39,15,72,102091,20,17,28,15,75,101871,26,24,42,15,75,101827,21,18,30,16,70,101996,29,25,45,,,,,,,,,,,,,,,,,,,15,70,101860,22,19,32
2017-05-22T20:00:00,,,,,,,15,81,101823,28,24,43,,,,,,,,,101740,29,26,44,15,79,101754,27,24,43,14,74,101779,21,18,30,14,82,101786,24,21,36,,,101778,26,22,39,14,82,101798,69,73,105,14,79,101718,21,18,30,14,81,,30,27,52,14,80,101856,28,25,43,,,,20,17,26,14,81,,26,23,39,14,82,,24,21,38,14,82,,26,23,40,14,79,,28,25,43,14,80,,21,18,30,14,80,,13,11,19,14,81,,32,30,52,,,,,,,15,82,101867,21,18,29,13,79,101776,16,13,21,14,-2619,101680,24,22,38,14,79,101862,18,16,25,14,82,,25,23,37,15,81,,25,22,40,13,80,102017,32,29,48,14,81,,21,18,29,15,81,101848,26,24,42,14,82,101866,26,25,43,14,78,101824,30,28,48,14,80,101680,28,26,46,14,80,101793,22,19,32,,,,,,,14,79,101745,22,19,33,,,,,,,13,79,101895,24,21,35,14,78,101896,19,16,27,14,80,101900,20,17,28,13,82,101988,19,17,28,13,78,101900,19,16,27,14,78,101748,29,27,47,14,80,101806,23,20,34,13,79,101766,16,12,18,13,82,101875,31,29,51,14,80,101813,22,18,26,13,79,101805,29,27,46,14,78,102090,22,19,31,14,81,101872,39,39,63,14,79,101829,18,16,27,14,76,101998,31,28,52,,,,,,,,,,,,,,,,,,,14,75,101863,24,21,39
2017-05-22T21:00:00,,,,,,,14,85,101810,31,27,50,,,,,,,,,101731,30,26,46,14,84,101750,26,24,41,14,79,101771,24,21,36,13,86,101784,30,27,47,,,101769,27,24,41,13,86,101791,42,44,70,13,85,101709,25,22,37,14,85,,30,28,52,13,84,101852,25,22,37,,,,,,,13,85,,27,24,41,14,86,,29,27,48,13,85,,27,25,43,13,83,,30,27,47,13,84,,22,20,32,13,84,,18,16,28,13,85,,31,29,50,,,,,,,14,86,101861,27,24,42,13,84,101771,24,21,35,14,-2531,101670,27,25,43,13,84,101848,21,19,32,13,86,,28,24,42,14,85,,27,24,44,12,86,102005,33,30,50,13,85,,24,21,36,14,85,101840,27,25,44,13,86,101865,25,23,41,13,84,101826,26,24,44,13,84,101673,25,22,38,14,85,101781,27,24,42,,,,,,,14,84,101732,24,21,37,,,,,,,13,86,101888,29,26,46,13,83,101889,23,21,36,13,85,101893,22,19,31,13,86,101973,21,19,32,13,83,101887,25,23,39,13,83,101739,29,26,45,14,86,101799,24,21,38,13,83,101756,18,14,20,13,86,101865,32,31,52,13,84,101799,25,21,33,13,83,101793,30,28,48,14,83,102078,28,26,45,13,85,101860,28,26,47,13,83,101818,18,16,27,14,80,101992,29,26,49,,,,,,,,,,,,,,,,,,,13,79,101856,27,24,45
2017-05-22T22:00:00,,,,,,,13,90,101790,29,25,45,,,,,,,,,101708,30,27,46,13,90,101732,28,26,44,12,84,101751,25,22,38,12,90,101763,31,29,50,,,101747,28,26,44,12,90,101770,39,43,69,12,90,101689,27,25,43,12,90,,28,26,49,12,89,101836,23,20,32,12,88,,25,22,36,12,89,,23,21,33,13,90,,29,27,48,12,90,,27,24,43,12,88,,31,28,48,12,90,,20,17,28,12,90,,24,21,39,12,90,,27,24,42,,,,,,,13,90,101845,26,23,41,12,89,101749,25,22,36,12,-2736,101649,25,23,40,12,90,101829,26,24,42,12,90,,25,22,38,13,90,,27,25,45,11,90,101989,36,34,56,12,90,,27,24,41,13,90,101817,25,22,39,12,90,101848,20,18,31,12,88,101807,22,19,34,12,89,101654,23,19,32,12,90,101764,28,26,44,,,,,,,12,88,101713,21,18,30,,,,,,,12,90,101871,28,25,44,12,87,101872,17,15,25,12,90,101876,27,24,43,12,90,101963,25,22,38,12,88,101871,27,24,42,12,88,101718,27,24,42,12,90,101777,21,19,31,12,89,101735,22,18,29,11,90,101854,33,32,54,12,89,101786,25,21,32,11,88,101783,31,29,51,12,90,102059,30,27,47,12,90,101845,29,27,47,12,89,101801,24,21,37,12,85,101979,29,26,49,,,,,,,,,,,,,,,,,,,12,85,101836,27,24,45
2017-05-22T23:00:00,,,,,,,12,90,101781,32,28,51,,,,,,,,,101700,31,28,48,13,90,101724,28,26,44,12,84,101741,26,24,41,12,90,101754,26,23,41,,,101739,30,27,47,12,90,101762,51,55,84,12,90,101683,26,23,41,12,90,,31,28,54,12,88,101828,22,19,30,12,87,,28,25,41,12,89,,23,20,32,12,90,,29,27,48,12,90,,27,25,43,12,88,,31,28,49,12,88,,14,12,20,12,90,,23,20,36,12,90,,27,24,42,,,,,,,13,90,101837,25,23,39,12,89,101742,21,17,27,12,-2611,101640,24,22,39,12,89,101824,26,24,42,12,90,,25,22,37,13,90,,29,26,46,11,90,101978,33,31,51,12,90,,28,25,43,13,90,101812,25,23,40,12,90,101838,20,18,30,12,88,101796,22,19,34,12,88,101644,23,20,34,12,90,101759,28,25,44,,,,,,,12,87,101701,17,14,23,,,,,,,11,90,101862,26,23,39,12,87,101863,16,13,22,12,90,101874,26,23,41,12,90,101956,24,21,37,11,87,101858,26,24,41,12,88,101707,26,23,40,12,89,101766,22,19,32,12,88,101725,23,20,31,11,90,101848,34,33,56,12,89,101781,26,22,35,11,88,101773,30,27,47,12,90,102052,31,28,49,12,90,101835,29,27,47,12,88,101795,25,22,38,12,85,101974,31,28,52,,,,,,,,,,,,,,,,,,,11,84,101829,28,26,49
2017-05-23T00:00:00,,,,,,,12,90,101762,34,31,57,,,,,,,,,101687,33,30,52,13,90,101708,28,26,44,12,84,101726,26,24,41,12,90,101734,21,18,30,,,101722,31,29,49,12,90,101747,31,30,51,12,90,101667,27,23,41,12,90,,30,28,54,12,88,101811,24,21,34,,,,,,,12,89,,26,23,39,12,90,,28,26,46,12,90,,28,26,45,12,89,,30,28,48,12,89,,21,18,29,12,90,,25,22,41,12,90,,29,26,46,,,,,,,13,90,101821,26,23,41,12,89,101722,23,20,33,12,-2608,101624,24,22,38,12,89,101811,24,22,38,12,90,,25,22,38,13,90,,30,27,49,11,90,101960,32,28,47,12,90,,28,26,44,13,89,101796,25,23,40,12,90,101823,21,19,32,12,88,101785,20,17,30,12,89,101625,25,22,36,12,90,101744,27,24,41,,,,,,,12,89,101681,20,17,27,12,90,101666,26,24,41,11,90,101846,25,23,38,12,88,101839,21,18,31,12,90,101856,28,26,45,12,90,101940,28,26,45,11,88,101844,26,24,41,12,88,101691,26,22,38,12,90,101753,24,21,36,12,89,101708,25,22,35,11,90,101832,31,29,51,12,89,101765,28,24,38,11,88,101754,28,24,42,12,89,102036,30,28,48,12,90,101818,36,36,58,12,89,101777,24,22,37,12,85,101958,32,30,56,,,,,,,,,,,,,,,,,,,11,85,101812,26,23,44
2017-05-23T01:00:00,,,,,,,12,92,101753,36,34,62,,,,,,,,,101675,35,33,56,13,92,101700,27,24,42,12,87,101717,26,24,41,11,92,101727,21,18,29,,,101714,30,28,48,11,92,101736,25,23,39,11,92,101658,28,25,43,12,92,,31,29,55,12,91,101801,25,22,38,12,92,,31,29,49,12,92,,28,25,44,12,92,,28,25,44,11,92,,30,28,49,11,92,,30,28,48,12,92,,23,20,33,12,92,,27,24,45,12,92,,30,28,48,,,,,,,12,92,101812,27,25,43,11,92,101716,25,22,36,12,-2705,101616,21,19,31,12,92,101802,22,19,32,11,92,,29,27,45,12,92,,31,29,52,10,92,101951,31,28,46,11,92,,27,24,41,12,92,101788,27,26,45,11,92,101812,22,20,35,12,92,101771,22,19,35,11,92,101615,24,21,35,12,92,101733,24,22,38,,,,,,,12,92,101674,29,27,46,12,92,101658,26,23,41,11,92,101837,57,57,84,12,91,101835,18,15,25,12,92,101844,30,28,50,11,92,101933,30,29,50,11,92,101833,25,22,38,11,91,101683,29,26,45,12,92,101744,21,18,29,11,92,101699,28,25,42,11,92,101823,29,28,48,11,92,101753,29,25,40,11,92,101743,30,27,46,11,92,102028,30,28,47,11,92,101807,28,26,45,11,92,101769,26,24,41,12,88,101946,33,30,56,,,,,,,,,,,,,,,,,,,11,87,101801,29,27,50
2017-05-23T02:00:00,,,,,,,12,94,101739,38,36,66,,,,,,,,,101662,36,34,59,13,94,101694,26,23,40,12,89,101704,26,24,41,11,94,101712,24,21,35,,,101699,30,27,46,11,94,101723,26,23,39,11,94,101644,27,25,43,12,94,,31,30,57,12,94,101794,26,23,38,12,94,,29,27,46,12,94,,29,27,46,12,94,,28,27,47,12,94,,31,29,50,11,94,,29,27,46,12,94,,27,25,43,12,94,,29,27,50,12,94,,30,28,48,,,,,,,12,94,101800,27,25,42,11,94,101704,25,22,38,12,-2698,101607,27,25,43,12,94,101791,23,21,35,11,94,,30,28,47,12,94,,33,31,56,10,94,101938,33,30,50,11,94,,25,22,37,12,94,101775,27,26,45,11,94,101811,23,20,35,11,94,101765,24,21,38,11,94,101605,25,22,37,12,94,101724,28,25,43,,,,,,,11,94,101662,26,23,41,12,94,101646,25,22,39,11,94,101826,33,31,53,12,93,101822,21,18,29,12,94,101827,31,29,50,12,94,101921,31,29,51,11,94,101825,24,21,36,11,93,101671,28,25,43,12,94,101735,24,21,36,11,94,101685,30,27,44,11,94,101811,29,28,48,11,94,101738,29,26,40,11,94,101732,32,29,50,11,94,102015,30,28,49,11,94,101793,29,27,48,11,94,101758,24,22,37,12,90,101937,34,32,59,,,,,,,,,,,,,,,,,,,11,90,101791,31,29,54
2017-05-23T03:00:00,,,,,,,12,92,101746,38,36,65,,,,,,,,,101669,37,34,59,13,92,101704,27,24,42,12,87,101714,26,23,41,12,92,101724,25,22,38,,,101710,30,27,47,11,92,101731,27,24,41,11,92,101655,29,27,47,12,92,,32,30,58,12,91,101804,25,21,36,,,,,,,12,92,,28,25,44,12,92,,29,27,48,12,92,,30,29,50,11,91,,29,26,45,12,92,,26,24,41,12,92,,29,27,50,12,92,,31,28,49,,,,,,,12,92,101810,28,26,46,11,92,101713,25,21,36,12,-2781,101617,27,25,44,12,92,101800,23,20,34,11,92,,28,26,44,12,92,,32,31,54,10,92,101946,33,31,51,11,92,,26,23,39,12,92,101784,26,25,43,,,,,,,12,92,101771,24,21,39,11,92,101614,25,22,38,12,92,101732,29,27,47,,,,,,,11,92,101670,26,24,41,12,92,101657,28,26,46,11,92,101834,28,25,44,12,91,101831,21,19,31,12,92,101836,37,35,59,12,92,101932,30,29,50,11,92,101830,24,21,36,11,91,101680,29,26,44,12,92,101741,26,23,40,11,92,101697,29,26,42,11,92,101820,31,30,52,11,92,101748,29,26,41,11,91,101740,29,26,46,12,92,102026,31,29,50,11,92,101804,28,26,47,11,92,101767,23,20,34,12,88,101946,33,30,57,,,,,,,,,,,,,,,,,,,11,88,101801,30,28,52
2017-05-23T04:00:00,,,,,,,12,90,101742,40,38,70,,,,,,,,,101667,37,35,60,13,90,101691,29,27,46,13,84,101714,27,25,43,12,90,101718,27,23,41,,,101709,31,29,49,13,90,101734,27,24,42,12,90,101655,31,28,49,13,90,,33,31,60,12,88,101797,25,22,37,12,88,,29,28,48,12,89,,30,28,48,13,90,,28,26,47,12,90,,34,33,57,12,89,,31,29,50,14,90,,24,21,38,13,90,,32,31,56,13,90,,32,30,52,,,,,,,13,90,101806,31,29,51,12,89,101712,28,24,42,14,-3436,101619,27,26,44,13,90,101792,24,22,39,12,90,,30,29,48,13,90,,35,33,57,11,90,101946,33,30,50,13,90,,28,25,43,13,89,101786,30,29,50,,,,,,,13,90,101755,22,19,35,13,90,101604,26,23,40,13,90,101731,29,28,47,,,,,,,13,90,101668,26,23,40,13,90,101657,26,23,42,12,90,101825,31,29,51,12,87,101829,24,21,36,13,90,101837,32,30,52,13,90,101939,30,29,50,12,89,101822,24,22,38,12,89,101677,31,29,50,13,90,101739,28,25,44,12,90,101689,31,28,46,12,90,101818,31,30,51,12,89,101750,30,27,43,12,89,101742,29,27,46,12,89,102024,31,29,50,13,90,101803,26,24,42,12,89,101764,27,24,42,12,84,101943,33,31,57,,,,,,,,,,,,,,,,,,,12,84,101793,32,30,56
2017-05-23T05:00:00,,,,,,,14,86,101744,37,35,64,,,,,,,,,101669,34,32,55,15,85,101677,28,26,46,14,80,101720,30,28,48,14,88,101722,28,25,43,,,101717,33,32,55,16,88,101749,27,25,44,14,88,101657,32,30,52,15,88,,30,27,53,14,86,101781,31,29,49,15,88,,29,27,44,14,86,,33,32,54,14,87,,25,23,41,14,87,,31,29,50,14,86,,28,26,45,18,88,,23,21,37,14,87,,32,30,55,14,87,,33,30,53,,,,,,,15,88,101805,29,28,49,14,86,101720,32,31,53,17,-5192,101629,25,23,40,14,86,101780,30,29,51,14,88,,30,29,49,14,86,,33,31,56,13,88,101943,28,24,41,14,88,,27,24,41,15,86,101791,30,29,50,,,,,,,17,88,101747,21,19,34,14,87,101607,27,24,42,16,87,101736,29,27,47,,,,,,,14,87,101680,30,29,50,14,88,101661,27,25,44,14,85,101819,33,31,54,14,84,101829,23,21,36,14,87,101836,31,29,50,17,88,101949,26,23,41,13,85,101822,23,20,35,15,85,101683,36,33,56,14,86,101740,28,26,46,15,86,101682,30,28,45,13,88,101815,28,26,46,14,87,101755,31,29,45,14,86,101744,29,26,45,14,85,102021,27,24,43,15,87,101811,24,22,39,14,86,101762,24,22,38,14,81,101933,33,31,57,,,,,,,,,,,,,,,,,,,14,82,101796,34,33,61
2017-05-23T06:00:00,,,,,,,16,76,101746,32,29,53,,,,,,,,,101671,31,28,48,16,72,101679,25,23,40,16,70,101722,26,24,43,20,81,101747,26,23,41,,,101716,30,27,48,18,78,101755,27,25,44,16,77,101657,31,29,50,17,80,,28,26,50,16,77,101770,32,30,51,,,,,,,16,77,,30,28,48,16,77,,23,20,35,16,77,,27,25,43,16,76,,25,22,39,21,81,,21,19,34,16,77,,26,23,43,16,78,,30,28,48,,,,,,,20,81,101805,25,22,40,16,76,101719,29,27,46,21,-6663,101643,24,22,40,16,75,101782,28,27,47,16,79,,28,26,45,16,76,,28,26,46,16,74,101947,28,24,41,17,77,,28,25,44,19,81,101796,25,23,42,,,,,,,20,76,101744,22,19,35,17,77,101606,27,24,43,20,72,101750,26,23,42,,,,,,,17,78,101689,28,26,45,18,81,101672,26,24,43,16,74,101818,30,29,50,16,74,101830,26,23,41,17,77,101829,25,23,40,20,81,101955,22,19,34,16,75,101821,24,21,37,18,74,101694,30,28,50,16,76,101748,30,29,50,18,72,101676,27,23,38,16,78,101813,27,25,44,16,76,101754,29,26,41,17,76,101749,26,23,40,16,74,102025,27,24,42,17,77,101817,24,22,39,16,76,101764,22,20,34,16,72,101934,30,27,51,,,,,,,,,,,,,,,,,,,17,73,101792,28,26,48
2017-05-23T07:00:00,,,,,,,18,64,101739,30,25,47,,,,,,,,,101662,25,22,37,18,62,101668,19,17,28,18,58,101710,21,19,33,23,68,101754,20,18,31,,,101702,24,21,37,19,65,101739,24,22,37,18,64,101646,27,24,41,19,67,,23,21,40,19,66,101757,25,22,38,,,,,,,19,67,,23,20,35,19,65,,24,21,38,19,65,,24,21,38,18,64,,24,21,37,23,71,,18,15,26,18,64,,22,20,37,18,65,,25,22,39,,,,,,,23,71,101794,21,18,33,18,63,101709,24,22,37,24,-7139,101638,18,16,28,19,63,101764,25,23,41,18,64,,24,21,37,19,65,,26,23,42,19,59,101943,25,21,36,20,63,,23,20,36,23,71,101784,21,19,35,,,,,,,22,63,101737,19,17,31,19,64,101595,26,22,39,22,59,101742,22,19,34,,,,,,,21,64,101697,23,20,36,24,62,101690,17,15,27,19,60,101796,26,23,42,18,62,101815,23,20,36,19,64,101814,21,18,31,23,71,101947,18,16,28,18,63,101808,23,21,36,19,61,101682,27,24,42,18,63,101739,25,22,39,20,55,101659,21,18,28,18,64,101801,23,21,37,18,63,101740,23,20,30,19,63,101739,21,17,29,19,61,102014,23,20,34,19,64,101808,21,18,32,18,65,101754,21,18,31,19,60,101909,26,22,40,,,,,,,,,,,,,,,,,,,20,61,101776,25,22,40
2017-05-23T08:00:00,,,,,,,20,55,101719,23,19,33,,,,,,,,,101665,18,15,23,19,54,101650,19,17,29,20,49,101686,14,12,19,24,58,101737,14,12,19,,,101680,16,13,22,20,56,101715,17,15,24,20,53,101623,16,13,21,21,57,,17,14,25,22,60,101728,16,13,21,,,,,,,22,59,,15,12,20,20,56,,14,12,20,20,57,,19,17,28,20,56,,17,14,23,23,63,,16,13,21,20,56,,16,14,25,20,56,,17,14,22,,,,,,,25,64,101776,16,13,22,20,53,101688,15,12,19,25,-6692,101621,14,12,20,20,53,101749,17,14,24,20,54,,18,16,26,21,57,,21,18,33,20,50,101928,19,15,24,22,53,,17,14,22,23,60,101772,18,16,27,20,56,101760,13,12,19,22,54,101730,12,10,17,21,55,101580,18,15,25,22,51,101720,18,15,25,,,,,,,23,55,101683,17,15,25,27,48,101679,9,8,13,21,49,101776,18,15,26,21,53,101801,12,10,17,22,55,101789,13,11,18,24,64,101928,14,11,18,20,53,101793,15,13,20,20,52,101658,20,17,27,20,55,101723,20,17,28,23,42,101638,11,8,13,22,53,101772,15,12,20,20,54,101718,16,12,17,21,54,101720,18,15,24,,,101996,12,9,15,20,54,101788,15,13,21,20,56,101741,18,15,25,21,51,101884,19,14,24,,,,,,,,,,,,,,,,,,,22,51,101757,15,12,20
2017-05-23T09:00:00,,,,,,,21,53,101690,20,15,26,,,,,,,,,101643,19,15,24,20,52,101618,20,18,31,21,46,101651,13,11,17,23,54,101695,14,11,17,,,101645,14,11,18,21,53,101676,15,13,20,21,52,101589,15,12,20,21,55,,17,14,25,24,61,101673,14,11,17,22,57,,12,10,15,22,58,,14,12,18,21,55,,12,10,16,21,55,,20,17,28,21,54,,14,11,17,22,56,,16,13,20,21,54,,12,10,18,21,55,,17,14,22,,,,,,,25,63,101734,14,11,18,21,49,101656,12,9,15,25,-6142,101590,14,12,19,21,51,101712,15,12,20,21,52,,17,14,23,22,56,,20,17,30,21,47,101894,14,11,16,24,47,,11,9,14,22,55,101732,16,14,23,20,53,101732,13,11,19,22,51,101698,11,9,15,21,52,101547,13,11,18,22,50,101683,17,14,23,,,,,,,22,53,101648,16,14,22,27,45,101648,9,7,12,21,47,101746,18,15,26,23,50,101762,9,8,13,23,52,101753,11,10,15,22,63,101897,12,9,14,20,50,101763,10,8,14,21,50,101626,20,17,27,21,53,101686,14,11,18,24,39,101605,14,10,15,23,48,101734,14,12,18,21,51,101687,12,9,12,21,50,101684,13,10,17,,,101963,11,8,15,21,52,101752,10,8,14,21,54,101706,14,11,19,22,48,101847,19,15,25,,,,,,,,,,,,,,,,,,,22,49,101723,14,10,18
2017-05-23T10:00:00,,,,,,,22,52,101650,17,13,22,,,,,,,,,101590,18,14,22,21,50,101576,18,15,26,21,44,101605,14,12,18,22,51,101629,12,11,17,,,101597,16,13,20,21,50,101628,13,11,18,22,51,101543,16,13,21,22,53,,18,15,27,26,62,101610,15,12,20,,,,,,,23,56,,15,12,19,22,54,,16,13,22,23,56,,18,16,27,22,53,,18,15,25,22,54,,17,14,22,22,53,,12,10,18,22,53,,17,13,21,,,,,,,25,60,101689,15,12,20,21,47,101608,13,11,17,24,-3658,101531,12,10,16,21,49,101664,16,14,22,22,49,,14,12,19,23,54,,18,16,26,21,45,101843,15,12,18,25,42,,12,9,14,22,52,101681,15,13,21,21,51,101690,13,12,19,22,49,101648,13,11,18,22,50,101499,13,11,18,22,49,101629,16,13,22,,,,,,,22,49,101591,14,12,18,25,47,101595,11,9,15,22,45,101696,16,13,22,23,46,101713,11,10,15,23,50,101706,13,10,17,22,62,101840,12,10,15,21,48,101709,12,10,16,21,48,101576,19,16,25,21,50,101639,13,11,18,24,38,101556,12,9,13,23,46,101680,15,12,20,23,49,101641,12,9,12,21,48,101632,15,12,18,,,101912,14,10,17,21,50,101700,12,10,17,21,52,101652,13,11,19,22,47,101794,19,15,25,,,,,,,,,,,,,,,,,,,23,48,101671,15,12,20
2017-05-23T11:00:00,,,,,,,23,53,101603,16,12,21,,,,,,,,,101537,18,14,22,21,52,101523,14,12,19,22,46,101556,14,12,19,22,53,101576,13,11,17,,,101550,16,13,21,22,52,101579,14,12,18,23,53,101501,16,13,21,23,55,,17,13,24,26,63,101575,15,13,20,,,,,,,23,56,,13,11,17,23,57,,15,13,21,23,56,,19,16,27,22,55,,20,17,30,23,55,,15,12,19,23,55,,12,10,18,23,55,,16,13,21,,,,,,,24,58,101635,14,12,19,22,49,101562,13,11,17,23,-2744,101476,13,11,18,22,51,101610,19,17,28,23,51,,14,11,18,23,54,,18,15,24,22,47,101795,17,13,20,26,45,,13,10,15,23,54,101626,14,12,20,,,,,,,23,51,101600,13,11,18,23,52,101450,14,12,19,23,50,101575,15,13,20,,,,,,,22,51,101545,14,12,20,24,50,101524,11,9,15,22,47,101645,16,13,22,24,50,101657,11,9,15,23,52,101660,14,11,18,23,64,101787,14,11,18,23,51,101655,15,12,19,22,50,101526,18,15,24,22,53,101592,15,12,20,24,41,101521,13,10,14,24,47,101629,14,12,20,25,49,101600,12,8,12,22,50,101581,14,12,19,,,101866,13,9,15,22,51,101649,11,9,15,22,55,101603,15,13,21,23,49,101747,19,14,24,,,,,,,,,,,,,,,,,,,23,49,101625,16,12,21
2017-05-23T12:00:00,,,,,,,20,71,101589,18,14,24,,,,,,,,,101514,18,14,22,19,68,101497,14,12,19,19,63,101548,16,14,22,20,69,101543,14,11,18,,,101545,18,15,24,19,72,101567,16,13,21,20,68,101491,17,15,24,20,72,,17,13,24,21,74,101598,18,15,23,,,,,,,20,72,,16,13,21,20,74,,15,12,21,20,73,,20,17,29,20,71,,19,16,26,20,73,,17,14,23,20,73,,13,11,20,19,72,,19,15,24,,,,,,,21,75,101626,16,14,22,19,69,101557,17,13,21,20,-3058,101447,14,12,19,20,68,101588,25,23,37,19,76,,16,13,21,20,71,,18,15,25,19,65,101780,18,14,21,21,66,,15,12,18,20,70,101613,15,14,22,,,,,,,20,68,101587,15,13,21,19,70,101449,18,15,24,20,66,101547,15,13,20,,,,,,,19,69,101529,16,14,22,20,68,101508,14,12,19,19,66,101642,17,15,25,20,66,101654,13,11,17,20,70,101654,15,13,20,19,77,101785,16,13,21,20,67,101629,16,13,20,19,67,101514,21,17,29,19,69,101567,15,12,20,20,66,101530,16,12,17,20,67,101614,16,14,23,21,70,101593,19,16,23,19,67,101565,17,13,21,,,101844,12,8,15,19,68,101637,13,11,18,19,71,101585,14,12,20,20,64,101732,19,15,24,,,,,,,,,,,,,,,,,,,19,67,101627,19,15,26
2017-05-23T13:00:00,,,,,,,17,83,101583,26,21,39,,,,,,,,,101505,22,18,30,17,78,101508,16,13,21,17,75,101532,19,17,28,17,82,101552,18,15,24,,,101530,22,19,31,16,84,101549,20,17,28,17,83,101475,21,19,32,16,83,,21,18,34,17,82,101601,21,18,29,,,,,,,17,82,,21,18,29,18,84,,15,12,21,17,84,,24,21,37,17,80,,18,14,23,17,83,,18,16,26,17,84,,18,16,27,17,83,,22,19,31,,,,,,,18,84,101616,21,18,32,16,84,101535,20,17,27,18,-2980,101441,17,15,24,17,83,101609,21,20,33,16,84,,27,24,41,18,83,,20,17,29,16,84,101774,21,17,26,18,83,,19,16,26,18,82,101602,21,19,32,17,84,101607,18,16,27,17,80,101579,18,15,27,17,82,101431,20,17,28,18,81,101548,18,15,24,,,,,,,17,82,101505,19,16,26,18,84,101489,18,15,25,16,84,101661,27,25,43,17,77,101641,16,13,21,17,84,101643,20,17,28,17,84,101747,17,14,22,17,79,101629,17,15,23,17,81,101503,27,23,40,17,80,101562,18,15,24,17,83,101517,18,14,21,18,82,101611,19,17,29,18,81,101565,16,12,17,17,79,101552,19,15,24,,,101839,14,10,17,17,80,101627,15,12,21,17,82,101581,15,12,21,17,76,101731,22,18,31,,,,,,,,,,,,,,,,,,,16,77,101611,22,19,33
2017-05-23T14:00:00,,,,,,,17,85,101567,25,20,36,,,,,,,,,101496,23,18,30,16,81,101508,16,13,22,17,79,101524,19,17,28,17,86,101541,23,19,33,,,101524,22,19,33,16,86,101547,21,18,30,16,86,101470,23,20,34,16,86,,21,18,32,17,86,101592,23,20,33,,,,,,,17,86,,24,21,36,17,85,,14,12,19,17,86,,23,20,35,16,81,,17,14,22,17,86,,22,18,30,17,86,,20,17,30,17,86,,22,19,33,,,,,,,17,86,101611,22,19,33,16,86,101528,18,15,24,17,-2735,101434,20,18,30,16,86,101592,23,21,36,16,86,,26,23,40,17,85,,22,19,34,16,86,101774,19,15,24,17,86,,21,18,30,17,85,101598,24,22,38,17,86,101596,19,16,27,17,86,101562,20,17,31,17,86,101416,20,18,29,17,83,101541,18,15,25,,,,,,,16,86,101501,20,17,29,17,86,101484,20,18,29,16,86,101643,30,28,49,17,82,101636,19,16,27,17,86,101645,20,18,29,16,86,101749,18,15,25,17,85,101615,19,16,26,16,86,101494,30,27,46,16,85,101555,21,18,31,17,86,101514,19,16,24,16,83,101620,19,17,28,17,86,101568,17,13,18,16,82,101564,18,15,24,,,101834,14,10,17,16,84,101629,18,16,27,16,83,101585,13,11,18,17,79,101731,22,18,31,,,,,,,,,,,,,,,,,,,16,81,101603,22,20,35
2017-05-23T15:00:00,,,,,,,18,82,101550,21,16,29,,,,,,,,,101473,20,16,26,17,79,101497,16,13,21,18,77,101512,19,16,27,17,84,101525,20,17,28,,,101510,22,18,30,17,86,101531,22,19,31,18,84,101455,22,19,34,17,84,,19,16,29,17,82,101584,23,20,33,,,,,,,17,84,,22,20,34,18,84,,13,11,19,18,83,,20,17,28,17,81,,17,14,23,17,84,,22,18,30,18,85,,17,14,26,18,85,,22,19,32,,,,,,,18,86,101595,20,17,29,17,84,101514,19,16,25,18,-2523,101421,18,15,25,17,84,101580,20,17,28,17,86,,21,18,30,18,81,,20,17,29,17,81,101752,16,12,18,17,82,,18,15,24,18,82,101584,22,20,33,,,,,,,18,82,101552,20,17,31,17,84,101414,20,17,29,17,81,101524,18,16,25,,,,,,,17,84,101487,21,18,31,,,,,,,17,86,101624,25,22,39,17,79,101627,16,14,23,17,81,101631,18,15,25,17,86,101736,18,15,25,17,81,101610,18,15,23,17,82,101480,27,24,41,17,82,101541,19,16,27,18,86,101498,18,15,22,17,80,101600,16,14,22,18,82,101548,18,14,19,17,80,101542,15,12,20,,,101814,14,10,17,17,82,101606,13,11,19,17,81,101563,11,9,15,18,77,101716,20,16,27,,,,,,,,,,,,,,,,,,,17,79,101595,21,18,32
2017-05-23T16:00:00,,,,,,,17,84,101570,25,21,37,,,,,,,,,101493,20,17,27,17,80,101491,15,13,21,17,79,101529,20,17,28,17,86,101536,21,18,29,,,101529,22,19,31,16,86,101551,20,17,28,17,86,101480,21,18,31,17,83,,18,15,27,17,83,101609,22,19,31,,,,,,,17,84,,21,19,30,17,83,,15,13,21,17,84,,21,19,32,16,81,,18,16,25,17,84,,20,18,29,17,85,,18,16,27,16,84,,23,20,35,,,,,,,18,86,101606,20,18,29,16,86,101533,20,17,27,17,-2543,101428,21,18,30,17,85,101597,20,18,29,16,86,,22,20,33,17,83,,21,18,31,16,84,101777,22,18,29,17,86,,20,17,29,17,83,101603,22,19,34,,,,,,,17,85,101572,20,17,31,16,86,101435,21,18,30,17,83,101537,20,17,28,,,,,,,16,86,101503,19,17,27,,,,,,,16,86,101639,25,22,39,17,82,101644,17,15,24,17,84,101656,19,16,26,16,86,101762,20,17,29,16,82,101622,20,17,28,17,84,101495,24,22,37,17,84,101552,21,18,30,17,86,101522,20,16,24,16,82,101624,17,15,25,17,83,101578,19,15,21,16,82,101570,19,17,27,,,101825,15,12,19,17,83,101633,16,13,23,17,81,101581,17,15,26,17,78,101739,21,18,31,,,,,,,,,,,,,,,,,,,16,80,101616,23,20,37
2017-05-23T17:00:00,,,,,,,15,90,101616,26,22,40,,,,,,,,,101541,21,17,27,15,86,101549,18,16,26,15,85,101580,20,17,27,15,90,101590,21,18,30,,,101585,21,19,30,14,90,101595,20,18,29,15,90,101526,19,17,28,15,89,,20,17,31,15,88,101672,21,19,30,,,,,,,15,89,,20,17,27,15,90,,19,17,28,14,89,,22,19,32,14,89,,20,18,30,15,90,,21,18,30,15,89,,16,13,23,15,89,,22,19,33,,,,,,,15,90,101683,19,16,26,14,90,101581,20,17,27,15,-2552,101479,22,20,34,14,90,101664,19,16,27,14,90,,21,18,29,15,89,,20,18,30,14,90,101820,27,24,39,15,90,,23,20,34,15,88,101653,22,20,33,15,90,101676,19,17,28,15,90,101631,19,17,29,15,90,101485,19,16,26,15,90,101589,19,16,27,,,,,,,14,90,101543,18,15,26,,,,,,,14,90,101701,23,21,36,15,89,101697,17,14,24,15,90,101711,18,15,25,14,90,101801,18,15,24,15,89,101677,20,18,29,15,89,101548,22,19,33,15,90,101601,21,18,30,15,90,101577,18,15,22,14,90,101674,19,17,29,14,90,101608,19,16,22,14,90,101599,22,19,32,15,88,101874,18,15,25,14,89,101670,16,14,23,15,89,101628,20,17,30,15,84,101799,21,18,30,,,,,,,,,,,,,,,,,,,14,85,101673,22,20,35
2017-05-23T18:00:00,,,,,,,14,91,101618,26,22,39,,,,,,,,,101545,22,18,30,15,88,101585,18,16,26,15,88,101581,20,17,27,15,92,101593,21,18,29,,,101582,21,18,29,14,92,101593,18,16,25,15,92,101529,20,17,28,15,91,,20,18,33,15,90,101674,24,22,37,,,,,,,15,91,,20,18,28,15,91,,19,16,28,15,91,,21,19,31,14,90,,24,21,36,14,90,,23,20,32,15,91,,18,16,28,15,92,,23,20,35,,,,,,,15,92,101681,19,16,26,14,92,101579,20,17,26,15,-2393,101495,24,22,38,15,92,101668,21,18,30,14,92,,22,19,32,15,91,,22,19,34,14,92,101826,27,24,40,15,92,,22,19,31,15,91,101660,36,35,55,15,92,101677,19,17,28,15,92,101638,20,18,31,15,92,101485,21,19,31,15,92,101604,21,18,30,,,,,,,14,92,101542,17,15,24,,,,,,,14,92,101707,24,22,37,15,90,101707,16,14,22,15,92,101715,19,16,27,14,92,101796,20,18,30,14,91,101696,18,16,25,15,91,101550,22,19,33,15,92,101613,20,18,30,15,92,101568,21,18,27,14,92,101689,22,19,34,15,92,101614,22,18,26,14,92,101611,22,20,32,14,91,101885,19,15,25,14,92,101675,19,17,28,14,90,101637,20,17,30,15,86,101808,22,18,31,,,,,,,,,,,,,,,,,,,14,88,101673,24,21,39
2017-05-23T19:00:00,,,,,,,14,94,101628,27,24,42,,,,,,,,,101556,25,22,37,15,92,101600,19,17,29,14,91,101591,22,20,33,14,94,101608,24,20,35,,,101594,23,21,35,13,94,101608,22,19,32,14,94,101539,21,18,31,14,94,,22,19,36,14,93,101686,26,23,40,,,,,,,14,94,,22,20,33,14,94,,24,21,37,14,94,,24,21,36,14,94,,25,22,39,14,94,,23,20,33,14,94,,20,17,30,14,94,,26,23,40,,,,,,,14,94,101687,21,19,31,14,94,101591,21,18,29,14,-2487,101509,27,25,43,14,94,101681,21,19,31,14,94,,21,19,30,14,94,,24,21,38,13,94,101830,32,29,49,14,94,,22,19,32,15,94,101668,21,19,32,14,94,101679,22,19,34,14,94,101645,21,18,33,14,94,101491,24,21,37,14,94,101618,23,21,36,,,,,,,14,94,101556,20,18,30,,,,,,,13,94,101719,25,23,40,14,94,101717,17,15,26,14,94,101717,22,19,32,13,94,101803,19,16,26,14,94,101709,20,17,29,14,94,101562,26,23,40,14,94,101627,21,19,31,14,94,101580,20,17,25,13,94,101699,26,23,41,14,94,101621,24,20,30,14,94,101617,26,23,39,14,94,101900,21,18,32,14,94,101681,24,21,36,14,94,101647,23,20,35,14,90,101820,25,22,40,,,,,,,,,,,,,,,,,,,13,91,101680,27,24,46
2017-05-23T20:00:00,,,,,,,13,94,101650,30,26,49,,,,,,,,,101575,30,26,46,14,92,101603,22,20,34,14,93,101620,23,21,36,13,94,101629,22,20,34,,,101620,24,22,38,13,94,101636,25,23,38,13,94,101565,23,21,36,14,94,,25,23,45,13,94,101709,30,28,47,,,,,,,13,94,,25,22,38,14,94,,37,35,58,14,94,,26,24,41,13,94,,28,26,46,14,94,,23,20,35,13,94,,21,19,33,13,94,,29,27,47,,,,,,,14,94,101711,23,20,35,13,94,101623,21,19,30,14,-2515,101523,29,27,47,13,94,101698,22,20,34,13,94,,23,21,36,14,94,,27,25,45,13,94,101857,36,34,56,13,94,,25,23,39,14,94,101693,32,31,49,14,94,101703,25,22,40,13,94,101670,22,19,35,13,94,101519,26,23,41,14,94,101634,29,26,46,,,,,,,13,94,101583,22,19,33,,,,,,,13,94,101737,27,25,45,13,94,101736,17,16,26,14,94,101745,23,21,36,13,94,101839,18,16,25,13,94,101723,20,17,28,13,94,101582,29,27,46,13,94,101642,22,19,33,13,94,101621,18,14,21,13,94,101728,27,26,45,13,94,101661,25,21,33,13,94,101651,30,27,47,13,94,101923,24,21,37,13,94,101714,32,31,53,13,94,101671,22,20,35,14,91,101843,27,23,43,,,,,,,,,,,,,,,,,,,13,92,101710,30,28,53
2017-05-23T21:00:00,,,,,,,14,92,101688,32,30,56,,,,,,,,,101615,30,28,48,15,89,101635,25,24,42,14,91,101653,19,17,27,14,92,101669,25,22,40,,,101653,21,19,32,13,92,101670,22,20,33,14,92,101601,23,20,35,14,92,,27,25,49,14,91,101749,24,22,38,,,,,,,13,91,,24,22,38,14,92,,25,22,39,14,92,,26,24,43,13,91,,28,25,45,14,91,,18,16,28,14,92,,23,20,36,14,92,,22,19,34,,,,,,,14,92,101756,22,19,34,13,92,101653,19,17,27,14,-2463,101559,29,28,48,14,92,101736,27,25,44,14,92,,26,24,41,14,92,,28,26,46,13,92,101897,34,31,51,14,92,,28,27,47,15,92,101735,33,33,53,14,92,101737,23,21,37,14,92,101708,24,21,38,13,92,101545,21,19,33,14,92,101671,28,25,44,,,,,,,13,92,101615,20,18,32,,,,,,,13,92,101779,29,27,47,14,92,101768,23,20,36,14,92,101790,26,23,41,13,92,101866,22,21,36,14,92,101748,24,22,39,14,92,101622,27,24,43,14,92,101675,27,25,44,14,92,101640,23,20,32,13,92,101768,28,27,47,14,92,101689,25,22,34,13,92,101687,28,25,43,14,92,101964,26,23,41,14,92,101753,34,34,56,14,91,101713,22,20,35,14,88,101889,28,25,47,,,,,,,,,,,,,,,,,,,13,87,101743,21,19,37
2017-05-23T22:00:00,,,,,,,12,94,101608,18,15,26,,,,,,,,,101537,17,14,23,13,94,101583,18,17,29,12,94,101563,12,10,17,12,94,101576,13,11,18,,,101570,13,11,18,12,94,101584,19,17,27,12,94,101520,17,15,25,12,94,,15,13,24,12,93,101693,11,9,15,,,,,,,12,94,,15,13,21,12,94,,13,11,19,12,94,,15,13,22,12,94,,14,12,20,,,,,,,12,94,,14,12,21,12,94,,12,9,16,,,,,,,12,94,101682,14,12,20,12,94,101565,13,11,17,13,-2499,101480,18,17,28,12,94,101676,14,13,21,12,94,,13,11,18,13,94,,17,14,23,11,94,101840,28,25,42,12,94,,21,19,33,13,94,101644,16,15,24,,,,,,,12,94,101643,11,10,16,12,94,101481,4,4,7,13,94,101596,16,13,23,,,,,,,12,94,101534,17,15,25,,,,,,,11,94,101712,17,15,27,12,94,101697,10,9,14,12,94,101732,18,15,25,12,94,101807,22,20,34,12,94,101674,15,13,21,12,94,101539,16,14,23,12,94,101595,14,12,20,12,94,101581,22,18,29,11,94,101706,20,18,31,12,94,101626,23,20,30,12,94,101636,23,20,35,12,94,101884,10,8,14,12,94,101692,19,17,28,12,94,101665,16,14,23,12,91,101822,17,14,24,,,,,,,,,,,,,,,,,,,11,91,101678,11,9,16
2017-05-23T23:00:00,,,,,,,12,97,101536,22,17,31,,,,,,,,,101460,19,15,25,13,97,101503,8,7,12,12,97,101512,20,17,29,12,97,101516,19,16,26,,,101513,22,19,32,12,97,101523,19,17,27,12,97,101451,20,17,29,12,97,,13,11,20,12,96,101626,19,16,27,,,,,,,12,97,,20,17,28,12,97,,8,7,12,12,97,,18,16,26,12,96,,11,9,15,,,,,,,12,97,,16,14,24,12,97,,22,19,32,,,,,,,12,97,101610,18,16,26,12,97,101513,19,17,28,12,-2356,101408,13,12,19,12,97,101613,14,12,20,12,97,,17,15,24,13,97,,18,15,26,11,97,101740,18,15,23,12,97,,15,12,21,13,96,101573,15,14,23,12,97,101618,16,15,25,12,97,101590,13,11,21,12,97,101423,16,14,23,12,97,101521,12,10,16,,,,,,,12,97,101466,18,16,26,,,,,,,11,97,101643,24,22,38,12,97,101635,14,12,20,12,97,101650,18,16,26,12,97,101735,20,18,29,12,97,101624,12,10,17,12,97,101479,22,20,33,12,97,101529,15,13,22,12,97,101504,21,18,27,11,97,101621,18,16,26,12,97,101544,19,15,22,12,97,101535,14,12,20,,,101796,9,7,12,12,97,101599,13,11,19,12,96,101556,5,5,9,12,93,101758,17,13,23,,,,,,,,,,,,,,,,,,,12,94,101617,21,19,34
2017-05-24T00:00:00,,,,,,,12,94,101488,26,22,39,,,,,,,,,101413,22,18,30,13,94,101456,11,9,15,12,94,101456,18,16,26,12,94,101475,20,17,29,,,101457,20,17,29,12,94,101467,19,16,27,12,94,101400,19,16,28,12,94,,17,15,26,12,94,101566,21,18,30,,,,,,,12,94,,19,17,28,12,94,,13,10,17,12,94,,19,17,28,12,93,,13,11,18,,,,,,,12,94,,18,15,26,12,94,,22,19,31,,,,,,,13,94,101562,19,16,26,12,94,101455,19,16,26,12,-2351,101362,17,15,25,12,94,101563,17,16,26,12,94,,20,17,28,13,94,,21,18,31,11,94,101682,19,15,23,12,94,,20,17,28,13,93,101526,17,16,26,12,94,101592,17,15,26,12,94,101541,16,14,26,12,94,101367,21,18,30,12,94,101477,18,16,26,,,,,,,12,94,101411,18,16,26,,,,,,,11,94,101596,25,23,40,12,94,101585,17,16,26,12,94,101594,20,17,28,12,94,101670,17,15,24,12,94,101576,19,16,26,12,94,101430,21,19,32,12,94,101485,20,17,27,12,94,101454,19,16,24,11,94,101571,18,16,26,12,94,101487,19,16,22,12,94,101476,15,12,20,,,101749,13,10,17,12,94,101541,14,12,21,12,94,101498,10,9,15,12,91,101706,21,18,30,,,,,,,,,,,,,,,,,,,11,91,101557,22,19,35
2017-05-24T01:00:00,,,,,,,11,100,101437,24,20,36,,,,,,,,,101364,23,19,32,13,100,101418,13,11,18,12,100,101405,19,17,27,11,100,101424,21,18,31,,,101410,21,18,31,11,100,101419,20,18,29,11,100,101353,19,16,28,11,100,,19,16,29,12,100,101513,21,18,30,,,,,,,11,100,,19,17,28,11,100,,13,11,19,11,100,,19,16,27,11,100,,17,14,23,11,100,,22,19,31,11,100,,16,14,23,11,100,,22,19,32,,,,,,,12,100,101511,18,15,25,11,100,101408,20,17,27,12,-2507,101314,18,16,26,11,100,101516,16,14,23,11,100,,19,17,28,12,100,,20,17,29,10,100,101636,21,17,26,11,100,,20,17,27,12,100,101474,16,15,24,,,,,,,11,100,101489,15,13,24,11,100,101317,19,16,27,12,100,101431,19,17,28,,,,,,,11,100,101366,18,16,26,,,,,,,11,100,101545,24,22,38,11,100,101533,17,15,26,12,100,101547,19,16,26,11,100,101614,17,14,23,11,100,101530,20,17,28,11,100,101379,21,19,31,12,100,101436,20,17,28,11,100,101405,17,13,20,11,100,101523,20,18,29,11,100,101436,20,17,25,11,100,101423,17,14,23,,,101701,16,13,22,11,100,101489,16,14,23,11,100,101458,11,10,16,12,98,101655,21,18,31,,,,,,,,,,,,,,,,,,,11,97,101504,21,19,34
2017-05-24T02:00:00,,,,,,,11,97,101430,26,22,40,,,,,,,,,101361,25,21,35,13,97,101413,14,12,21,12,97,101396,20,18,29,11,97,101420,21,18,31,,,101399,22,20,33,11,97,101412,20,17,28,11,97,101347,21,18,31,12,97,,21,18,33,11,97,101514,19,16,27,,,,,,,11,97,,21,18,30,11,97,,16,14,23,11,97,,20,18,30,11,97,,18,15,25,11,97,,24,19,32,11,97,,15,13,22,11,97,,21,18,31,,,,,,,12,97,101501,20,17,29,11,97,101395,32,32,49,12,-2445,101310,19,17,28,11,97,101513,17,15,25,11,97,,20,18,28,12,97,,22,19,33,10,97,101633,23,18,29,11,97,,20,18,28,12,97,101466,16,15,25,,,,,,,11,97,101485,15,13,23,11,97,101307,16,14,23,12,97,101424,20,18,30,,,,,,,11,97,101357,18,16,27,,,,,,,11,97,101541,24,22,37,11,97,101542,14,13,22,12,97,101538,20,17,27,11,97,101602,18,16,25,11,97,101525,21,18,29,11,97,101373,23,20,34,11,97,101431,20,18,29,11,97,101395,14,11,16,11,97,101519,21,19,33,11,97,101428,20,17,23,11,97,101420,18,16,25,,,101698,17,13,22,11,97,101484,17,15,25,11,96,101457,9,8,13,12,94,101651,22,19,34,,,,,,,,,,,,,,,,,,,11,94,101493,22,20,35
2017-05-24T03:00:00,,,,,,,11,97,101425,27,24,43,,,,,,,,,101355,26,23,39,13,97,101401,13,12,20,12,97,101395,20,18,29,11,97,101414,22,19,33,,,101397,22,19,32,11,97,101408,18,16,25,12,97,101344,21,18,31,12,97,,21,18,32,11,97,101502,22,20,32,,,,,,,11,97,,22,19,31,11,97,,18,15,25,11,97,,22,20,34,11,97,,20,17,27,11,97,,27,23,37,11,97,,16,14,24,11,97,,23,20,34,,,,,,,12,97,101500,21,18,30,11,97,101396,30,29,45,12,-2515,101306,20,18,30,11,97,101501,19,17,27,11,97,,21,19,30,12,97,,24,21,37,10,97,101630,24,20,31,11,97,,20,17,28,12,97,101467,19,17,29,,,,,,,11,97,101479,16,14,26,11,97,101304,17,15,25,12,97,101419,22,19,32,,,,,,,11,97,101354,19,16,27,,,,,,,11,97,101533,25,23,39,11,97,101526,18,16,27,12,97,101531,21,18,29,11,97,101605,18,16,26,11,97,101519,18,16,25,11,97,101367,24,22,37,11,97,101425,21,19,32,11,97,101395,16,13,19,11,97,101513,22,20,34,11,97,101429,21,18,25,11,97,101420,19,16,26,,,101691,17,13,22,11,97,101480,18,16,26,11,96,101449,10,9,15,12,95,101644,22,19,35,,,,,,,,,,,,,,,,,,,11,95,101492,23,21,38
2017-05-24T04:00:00,,,,,,,12,97,101436,28,24,43,,,,,,,,,101365,25,21,35,13,97,101395,17,15,24,12,97,101411,20,18,30,12,97,101423,22,20,33,,,101414,23,20,33,12,97,101427,20,17,28,12,97,101362,21,18,30,12,97,,21,19,34,12,97,101507,24,21,35,,,,,,,12,97,,22,20,32,12,97,,19,16,26,12,97,,21,19,31,11,97,,21,19,31,,,,,,,12,97,,19,16,27,12,97,,24,21,37,,,,,,,12,97,101514,21,18,29,12,97,101414,22,19,31,12,-2707,101309,24,22,38,12,97,101496,21,19,31,12,97,,22,20,32,12,97,,22,19,33,11,97,101647,30,26,43,12,97,,22,19,33,13,97,101479,17,16,26,,,,,,,12,97,101484,17,15,27,12,97,101308,21,19,31,12,97,101423,22,19,31,,,,,,,12,97,101370,19,17,28,,,,,,,11,97,101539,25,23,39,12,97,101535,20,18,29,12,97,101548,21,18,30,12,97,101637,20,17,28,12,97,101511,21,19,32,12,97,101379,24,22,39,12,97,101431,23,20,35,12,97,101411,20,16,24,11,97,101529,23,20,35,12,97,101457,21,18,26,11,97,101444,19,16,27,12,97,101704,19,16,25,12,97,101502,19,16,26,11,97,101464,15,13,23,12,93,101657,23,20,36,,,,,,,,,,,,,,,,,,,11,94,101509,23,21,40
2017-05-24T05:00:00,,,,,,,13,94,101457,33,30,56,,,,,,,,,101385,29,26,45,14,93,101404,22,20,34,13,94,101430,25,23,40,13,94,101444,26,24,42,,,101431,27,25,44,12,94,101448,27,25,44,12,94,101383,27,24,43,13,94,,25,23,44,13,94,101525,28,26,44,,,,,,,12,94,,28,26,44,13,94,,25,22,39,13,94,,25,23,41,12,93,,26,24,42,,,,,,,13,94,,24,21,38,12,94,,30,28,48,,,,,,,13,94,101535,25,23,39,12,94,101434,29,28,48,13,-2629,101333,24,22,39,13,94,101518,25,23,41,12,94,,26,24,42,13,93,,25,22,40,12,94,101673,31,28,46,13,94,,26,24,41,13,94,101507,22,21,36,,,,,,,12,94,101495,21,18,31,13,94,101328,28,26,45,13,94,101447,24,22,37,,,,,,,13,94,101392,25,22,39,,,,,,,12,94,101556,30,29,50,13,94,101559,24,23,40,13,94,101570,25,23,39,13,94,101664,24,22,39,12,94,101534,23,21,36,13,94,101398,29,27,47,13,94,101457,26,24,42,13,94,101417,25,21,35,12,94,101553,27,25,44,13,94,101478,26,22,35,12,94,101468,26,23,41,12,94,101732,24,21,36,13,94,101526,24,21,37,12,93,101489,23,20,35,13,90,101677,27,24,45,,,,,,,,,,,,,,,,,,,12,91,101526,29,29,55
2017-05-24T06:00:00,,,,,,,13,94,101516,37,35,65,,,,,,,,,101443,32,30,52,14,92,101458,27,26,45,13,94,101480,27,26,44,13,94,101499,29,27,48,,,101480,28,26,46,13,94,101501,28,26,46,13,94,101433,28,26,46,13,94,,28,27,52,13,94,101565,31,30,51,,,,,,,13,93,,30,29,50,13,94,,26,23,41,13,94,,28,26,46,12,93,,29,27,47,,,,,,,13,94,,25,23,42,13,94,,31,29,51,,,,,,,13,94,101588,27,24,43,13,94,101488,30,28,49,14,-2588,101391,29,28,49,13,94,101572,31,33,57,13,94,,29,28,48,13,93,,29,28,49,12,94,101718,29,26,44,13,94,,31,30,52,14,94,101562,25,24,42,13,94,101610,26,24,43,13,94,101545,29,24,38,13,94,101375,32,31,54,14,94,101498,29,27,47,,,,,,,13,94,101442,26,24,43,,,,,,,12,94,101617,35,35,62,13,94,101614,28,27,48,13,94,101620,27,24,43,13,94,101708,25,22,39,13,94,101586,30,29,51,13,94,101452,31,30,53,13,94,101515,30,29,51,13,94,101468,25,21,36,13,94,101604,27,25,44,13,94,101525,23,20,29,13,94,101514,24,21,36,13,94,101784,27,25,44,13,94,101574,22,20,34,13,92,101538,20,18,31,13,90,101735,30,27,51,,,,,,,,,,,,,,,,,,,12,90,101576,31,31,58
2017-05-24T07:00:00,,,,,,,13,94,101532,33,30,56,,,,,,,,,101456,30,27,47,14,92,101486,23,20,36,13,94,101505,22,20,33,13,94,101514,27,24,42,,,101506,24,21,36,13,94,101520,23,21,34,13,94,101451,23,20,35,13,94,,25,23,45,13,93,101603,25,23,39,,,,,,,13,93,,25,23,39,13,94,,21,18,30,13,94,,25,23,40,12,92,,24,22,38,,,,,,,13,94,,23,21,37,13,94,,26,23,40,,,,,,,13,94,101603,22,20,33,12,94,101512,26,24,42,14,-2546,101406,25,23,41,13,94,101600,26,24,42,13,94,,25,22,39,13,93,,26,22,40,12,94,101743,27,23,37,13,94,,28,26,45,13,92,101575,23,21,36,13,94,101611,23,21,36,13,94,101577,20,17,30,13,94,101413,25,23,39,14,94,101515,25,21,38,,,,,,,13,94,101463,22,19,32,,,,,,,12,94,101636,30,29,50,13,94,101617,22,20,34,13,94,101637,24,21,37,13,94,101731,23,20,35,12,94,101614,27,26,45,13,94,101473,26,24,43,13,94,101527,27,25,43,13,94,101493,23,19,31,12,94,101621,24,22,40,13,94,101547,21,18,25,13,94,101536,22,19,30,13,94,101803,24,22,37,13,94,101598,20,17,28,12,92,101566,17,14,25,13,90,101747,27,24,46,,,,,,,,,,,,,,,,,,,12,90,101609,27,25,48
2017-05-24T08:00:00,,,,,,,13,94,101539,32,29,54,,,,,,,,,101461,28,25,44,14,92,101496,21,19,33,14,94,101510,22,20,35,13,94,101515,24,21,37,,,101511,23,21,37,13,94,101525,23,21,35,13,94,101456,23,21,36,13,94,,24,21,40,13,93,101602,24,21,36,,,,,,,13,93,,24,22,38,13,94,,22,19,32,13,94,,24,22,39,13,93,,26,23,40,13,94,,34,30,48,13,94,,22,19,33,13,94,,26,23,41,,,,,,,13,94,101610,22,20,33,12,94,101515,27,25,44,14,-2698,101413,22,20,34,13,94,101601,24,22,39,13,94,,25,23,39,13,93,,24,21,38,12,94,101748,30,27,45,13,94,,25,22,38,14,93,101581,22,20,33,13,94,101609,22,20,34,13,94,101579,19,16,29,13,94,101413,23,21,35,14,94,101521,23,20,34,,,,,,,13,94,101468,22,19,32,,,,,,,12,94,101636,29,28,49,13,94,101631,20,18,30,13,94,101642,22,19,32,13,94,101738,21,19,33,13,94,101611,24,22,39,13,94,101473,26,23,41,13,94,101530,24,21,37,13,94,101496,22,18,28,13,94,101628,25,23,40,13,94,101553,22,18,26,13,94,101544,24,21,36,13,94,101811,23,20,33,13,94,101603,22,20,34,13,93,101561,20,18,31,13,90,101752,26,23,42,,,,,,,,,,,,,,,,,,,12,91,101609,27,25,47
2017-05-24T09:00:00,,,,,,,13,94,101536,32,28,53,,,,,,,,,101459,28,25,44,14,92,101489,21,19,31,13,94,101503,21,19,32,13,94,101517,23,21,37,,,101503,22,20,34,13,94,101522,22,20,33,13,94,101452,24,21,36,13,94,,24,21,40,13,93,101597,24,22,38,,,,,,,13,93,,25,23,38,13,94,,22,19,32,13,94,,24,22,38,13,93,,26,23,41,,,,,,,13,94,,21,18,32,13,94,,26,23,40,,,,,,,13,94,101602,21,19,32,13,94,101507,25,23,39,14,-2690,101412,22,20,34,13,94,101598,25,23,40,13,94,,25,23,40,13,93,,25,22,40,12,94,101742,27,24,40,13,94,,24,22,37,14,93,101579,23,22,37,,,,,,,13,94,101575,19,16,29,13,94,101403,23,21,36,14,94,101518,23,20,34,,,,,,,13,94,101465,24,22,37,,,,,,,12,94,101636,29,28,49,13,94,101624,20,18,30,13,94,101637,21,19,32,13,94,101725,21,19,31,13,94,101611,21,19,31,13,94,101470,25,23,41,13,94,101531,24,21,38,14,94,101495,20,16,25,13,94,101620,23,21,38,13,94,101536,23,19,29,13,94,101539,22,19,31,13,94,101806,23,20,34,13,94,101597,20,17,28,13,93,101555,18,16,27,13,90,101744,25,22,41,,,,,,,,,,,,,,,,,,,12,91,101601,27,25,47
2017-05-24T10:00:00,,,,,,,13,92,101499,32,30,56,,,,,,,,,101421,30,27,48,15,89,101447,20,18,31,14,92,101469,23,21,36,14,92,101474,25,22,39,,,101467,24,22,40,13,92,101489,24,22,38,13,92,101417,26,23,42,14,92,,24,21,42,14,91,101551,26,24,42,,,,,,,13,91,,25,24,42,14,91,,23,20,35,14,92,,25,24,42,13,90,,26,23,41,,,,,,,14,91,,23,21,37,14,92,,27,25,45,,,,,,,14,92,101571,23,21,36,13,92,101471,27,25,43,15,-2830,101374,22,20,35,13,92,101555,25,23,41,13,92,,27,25,44,14,90,,25,23,40,13,92,101707,28,25,41,14,92,,24,22,38,14,91,101545,28,27,46,,,,,,,13,92,101526,21,17,31,14,92,101365,25,23,41,14,92,101480,23,20,35,,,,,,,14,92,101428,26,24,41,,,,,,,13,92,101595,29,28,50,13,92,101583,22,20,35,14,92,101599,24,21,37,14,92,101693,23,20,36,13,92,101566,25,23,41,13,92,101430,26,24,43,13,92,101490,25,23,41,14,92,101448,23,20,32,13,92,101582,24,23,40,14,92,101522,23,20,29,13,91,101506,23,20,34,13,92,101768,23,21,35,13,92,101560,22,20,33,13,90,101521,20,17,30,14,87,101709,27,24,45,,,,,,,,,,,,,,,,,,,13,88,101560,27,26,50
2017-05-24T11:00:00,,,,,,,13,87,101497,26,22,41,,,,,,,,,101417,23,20,34,15,85,101431,21,19,32,14,85,101468,18,17,28,14,88,101472,23,20,35,,,101471,20,18,31,13,88,101488,20,18,30,13,88,101416,21,19,33,14,86,,20,18,35,14,86,101546,26,24,40,,,,,,,13,86,,23,21,36,14,86,,19,16,28,13,86,,21,19,32,13,85,,22,19,34,,,,,,,13,85,,16,14,24,13,86,,23,20,36,,,,,,,14,87,101567,20,18,30,13,88,101474,21,19,31,15,-2814,101364,23,21,36,13,88,101549,23,22,39,13,88,,24,21,37,14,85,,25,22,40,13,88,101714,22,19,31,14,88,,26,24,43,14,86,101540,23,21,37,,,,,,,13,88,101518,21,17,30,13,88,101363,26,24,42,14,88,101471,22,19,33,,,,,,,13,88,101427,21,19,33,,,,,,,13,88,101589,26,25,43,14,86,101577,21,19,34,14,87,101612,18,15,26,13,88,101702,15,14,22,13,87,101550,25,23,40,14,87,101425,25,23,40,13,88,101482,26,24,42,14,87,101474,17,14,21,13,88,101588,20,18,31,13,87,101523,20,17,23,13,85,101515,18,15,25,13,88,101766,16,14,24,13,87,101572,16,14,24,13,84,101531,15,13,23,14,82,101709,22,19,34,,,,,,,,,,,,,,,,,,,13,82,101567,23,21,38
2017-05-24T12:00:00,,,,,,,13,87,101510,24,20,36,,,,,,,,,101431,21,17,28,14,86,101462,15,13,20,13,84,101480,18,16,26,13,88,101490,18,16,26,,,101482,20,18,30,13,88,101499,20,18,31,12,88,101428,20,17,30,13,85,,18,16,29,13,84,101575,20,17,28,,,,,,,13,85,,19,17,28,13,86,,16,13,23,13,86,,20,17,28,12,84,,18,16,26,,,,27,22,38,13,86,,16,13,23,13,85,,21,18,31,,,,,,,13,86,101587,18,15,25,13,88,101487,22,20,33,14,-2587,101376,16,14,23,13,87,101572,19,17,28,13,88,,20,17,28,13,85,,20,17,28,12,88,101720,22,18,29,13,88,,18,16,26,14,86,101553,21,19,32,13,88,101592,19,17,28,13,88,101546,14,12,23,13,87,101385,19,17,28,13,87,101487,17,14,23,,,,,,,13,88,101439,17,16,26,,,,,,,12,88,101608,21,19,32,13,85,101600,15,13,23,13,87,101627,18,15,25,13,88,101700,18,15,25,13,85,101582,17,15,25,13,86,101440,20,17,29,13,87,101495,20,18,30,13,88,101479,17,14,21,12,88,101597,19,17,28,13,88,101526,21,17,25,12,86,101515,18,16,26,,,101770,15,11,20,12,88,101576,16,15,25,12,84,101538,14,12,22,13,81,101727,22,18,32,,,,,,,,,,,,,,,,,,,12,82,101579,21,19,35
2017-05-24T13:00:00,,,,,,,13,81,101538,27,23,41,,,,,,,,,101463,25,22,38,14,82,101492,15,13,22,14,77,101511,19,18,29,13,82,101518,19,16,27,,,101508,21,19,32,13,84,101525,23,21,36,13,83,101455,22,19,34,13,81,,21,19,34,13,79,101611,18,16,26,,,,,,,13,79,,19,17,28,13,81,,23,21,37,13,80,,23,21,36,12,80,,23,21,35,13,80,,30,25,41,13,82,,21,19,34,13,81,,21,18,31,,,,,,,13,82,101607,21,18,30,13,84,101518,24,22,37,14,-2444,101405,15,14,22,13,80,101608,19,17,28,13,84,,19,17,28,13,80,,23,20,36,12,84,101742,29,26,42,13,83,,16,14,23,14,79,101578,21,19,33,13,84,101623,18,16,27,13,83,101580,14,12,22,13,81,101419,17,15,25,13,80,101519,18,15,25,,,,,,,13,83,101469,22,20,34,,,,,,,12,84,101636,20,18,31,13,79,101636,12,11,19,13,83,101639,23,21,37,13,84,101725,20,18,29,12,79,101630,15,13,22,13,79,101473,19,17,29,13,81,101528,17,15,25,13,82,101499,24,21,32,12,84,101623,24,22,39,13,84,101547,20,17,24,12,81,101536,22,19,32,13,82,101799,20,18,30,13,82,101594,20,17,29,12,81,101557,19,16,28,13,76,101749,26,22,42,,,,,,,,,,,,,,,,,,,13,76,101605,21,19,35
2017-05-24T14:00:00,,,,,,,13,78,101601,23,19,33,,,,,,,,,101526,24,20,34,14,80,101540,14,13,21,13,73,101572,18,16,26,12,80,101577,17,14,24,,,101572,20,18,30,12,82,101568,21,20,32,13,78,101518,20,18,31,13,78,,18,16,30,12,76,101678,18,16,27,,,,,,,12,76,,18,16,27,12,78,,23,20,35,12,77,,21,19,32,12,77,,20,18,31,12,77,,25,21,37,13,78,,20,18,31,12,78,,19,16,27,,,,,,,13,78,101690,16,13,23,12,79,101577,22,20,33,13,-2542,101457,14,13,21,12,77,101672,17,16,26,12,82,,16,15,24,13,78,,20,18,30,12,82,101792,26,22,37,13,81,,15,13,22,13,76,101631,17,16,26,12,82,101670,19,17,30,12,79,101645,13,11,21,12,78,101488,16,15,25,13,77,101571,16,13,22,,,,,,,13,79,101521,19,18,30,,,,,,,12,82,101696,17,16,28,12,77,101693,12,11,20,13,79,101700,22,20,34,12,82,101787,18,16,26,12,77,101689,13,12,19,12,76,101534,17,16,27,12,78,101583,17,15,25,13,79,101536,20,17,25,12,80,101674,22,20,35,13,79,101610,18,15,21,12,77,101592,21,18,29,12,76,101852,16,13,22,12,78,101653,19,16,27,12,78,101609,19,17,29,12,73,101806,23,20,37,,,,,,,,,,,,,,,,,,,12,73,101673,20,18,32
2017-05-24T15:00:00,,,,,,,12,75,101654,15,12,21,,,,,,,,,101580,15,12,21,13,79,101616,10,9,15,12,70,101613,12,10,16,12,76,101628,12,9,16,,,101621,15,13,22,,,,,,,12,75,101567,14,12,20,12,74,,12,10,19,12,75,101717,17,15,24,,,,,,,11,74,,11,9,15,12,75,,15,13,21,11,74,,14,13,21,11,74,,14,12,20,12,75,,17,13,21,12,75,,12,10,18,12,75,,13,10,18,,,,,,,12,76,101723,12,10,16,11,77,101623,16,14,23,12,-2363,101514,13,12,19,11,75,101735,11,10,16,12,80,,11,9,15,12,75,,16,13,22,11,80,101852,25,21,33,12,77,,12,10,16,12,73,101677,10,9,16,,,,,,,12,76,101686,10,9,14,11,76,101526,11,9,16,12,75,101629,11,8,14,,,,,,,12,76,101565,13,11,19,,,,,,,11,80,101753,13,11,19,12,74,101738,9,8,13,12,76,101773,16,14,22,11,80,101831,17,14,24,11,74,101737,11,9,14,12,73,101582,11,10,17,12,75,101633,12,10,17,12,75,101623,30,25,38,11,77,101737,17,15,24,12,75,101658,18,14,20,11,74,101646,19,16,26,,,101907,10,8,13,12,75,101712,16,14,24,11,74,101681,12,11,18,12,70,101875,18,14,24,,,,,,,,,,,,,,,,,,,11,71,101725,15,13,22
2017-05-24T16:00:00,,,,,,,12,76,101676,17,13,23,,,,,,,,,101601,18,15,24,13,80,101645,8,7,11,12,70,101640,13,11,18,11,76,101648,11,9,15,,,101646,17,15,24,,,,,,,12,75,101590,16,13,22,11,75,,13,10,19,11,75,101757,11,9,14,,,,,,,11,74,,12,10,16,11,75,,16,13,23,11,75,,16,14,23,11,74,,17,15,24,11,75,,21,16,25,12,75,,12,11,19,11,75,,14,12,20,,,,,,,12,76,101746,14,12,20,11,76,101646,17,14,23,12,-2325,101534,12,10,17,11,75,101757,10,8,14,11,80,,10,9,14,12,74,,16,14,23,11,80,101876,21,17,27,12,77,,13,10,17,12,73,101699,14,12,20,,,,,,,11,76,101718,9,8,13,11,75,101550,10,9,14,12,74,101653,9,8,13,,,,,,,11,76,101590,14,12,20,,,,,,,11,79,101775,11,9,16,11,74,101762,6,7,11,12,75,101796,15,13,22,11,80,101849,14,12,19,11,74,101762,10,8,12,11,73,101606,11,9,16,11,75,101656,10,8,14,12,74,101641,19,15,22,11,77,101759,17,15,23,12,75,101677,13,10,14,11,74,101662,16,14,22,,,101931,12,9,16,11,75,101732,19,19,30,11,75,101702,11,9,16,11,70,101895,20,17,29,,,,,,,,,,,,,,,,,,,11,70,101749,17,14,24
2017-05-24T17:00:00,,,,,,,11,76,101699,17,13,22,,,,,,,,,101627,16,13,21,13,80,101661,8,7,12,11,70,101661,13,12,19,11,76,101671,11,8,13,,,101663,17,15,24,,,,,,,11,75,101613,15,13,22,11,75,,13,11,19,11,74,101776,11,9,15,,,,,,,11,74,,12,10,16,11,76,,14,12,20,11,75,,15,13,21,11,74,,17,14,24,11,75,,13,12,19,12,76,,13,11,20,11,75,,16,13,21,,,,,,,11,76,101768,13,11,18,11,76,101666,17,14,22,11,-2265,101556,11,9,15,11,74,101778,9,8,13,11,80,,12,10,16,11,75,,17,15,25,10,80,101909,20,16,25,11,76,,12,10,16,11,73,101724,15,14,23,,,,,,,,,,,,,11,75,101565,11,9,15,11,74,101677,9,8,13,,,,,,,11,76,101616,14,12,21,,,,,,,10,78,101795,11,9,15,11,74,101785,6,6,11,11,75,101820,15,13,22,11,80,101874,11,10,15,11,74,101782,9,8,12,11,73,101629,11,9,15,11,75,101678,10,8,12,11,75,101669,15,12,18,11,76,101787,17,14,23,11,75,101706,11,8,11,10,74,101697,13,10,17,11,73,101960,14,11,18,11,75,101761,22,27,41,11,75,101732,11,10,17,11,70,101920,20,16,28,,,,,,,,,,,,,,,,,,,10,70,101765,19,15,27
2017-05-24T18:00:00,,,,,,,11,73,101721,17,13,23,,,,,,,,,101651,14,11,18,13,78,101678,11,10,16,11,68,101684,10,8,13,11,74,101696,13,11,17,,,101688,12,10,16,,,,,,,11,72,101640,11,9,15,11,72,,13,11,21,11,72,101801,14,11,18,,,,15,12,20,11,72,,13,10,17,11,72,,10,8,14,10,72,,13,11,18,11,72,,14,12,19,11,73,,11,10,16,11,73,,7,7,12,11,72,,13,11,18,,,,,,,11,74,101792,11,9,15,10,73,101692,12,10,16,11,-2145,101579,14,12,20,11,72,101801,12,10,17,11,78,,14,12,20,11,72,,14,12,20,10,78,101932,16,13,20,11,74,,16,13,22,11,72,101754,18,17,28,,,,,,,,,,,,,10,73,101586,12,10,17,11,72,101699,12,11,18,,,,,,,11,73,101638,9,8,13,,,,,,,10,75,101821,13,11,19,11,71,101809,10,9,16,11,72,101847,11,9,15,11,78,101897,10,9,14,10,71,101806,10,8,13,11,71,101655,15,12,20,11,72,101701,13,11,18,11,72,101696,23,18,29,10,74,101815,13,11,17,11,72,101737,12,9,12,10,71,101723,11,9,15,,,101981,12,9,15,11,73,101782,11,11,18,10,72,101756,10,9,15,11,68,101949,16,12,21,,,,,,,,,,,,,,,,,,,10,68,101799,13,11,18
2017-05-24T19:00:00,,,,,,,10,80,101741,16,12,22,,,,,,,,,101671,14,11,18,12,83,101702,9,8,14,10,75,101702,10,9,14,10,82,101713,13,11,17,,,101710,12,10,15,,,,,,,10,79,101660,12,10,16,10,79,,12,10,19,10,79,101823,14,12,19,,,,,,,10,79,,12,10,16,10,80,,10,8,14,10,79,,13,11,18,10,79,,13,10,17,10,80,,13,10,17,10,79,,7,6,12,10,79,,14,11,18,,,,,,,10,81,101820,10,8,13,10,82,101707,12,10,16,10,-2199,101598,13,12,19,10,80,101825,14,11,18,10,83,,12,10,16,10,80,,13,11,18,9,83,101955,15,12,19,10,83,,18,15,25,10,79,101768,16,15,25,,,,,,,,,,,,,10,81,101608,12,10,17,10,80,101720,11,9,15,,,,,,,10,81,101655,9,8,13,,,,,,,10,83,101844,12,10,17,10,79,101835,10,9,16,10,79,101870,11,9,15,10,83,101924,12,9,15,10,79,101823,12,10,16,10,78,101675,13,11,18,10,80,101725,11,9,16,10,80,101700,23,18,28,10,81,101836,12,10,17,10,80,101754,13,9,13,10,79,101748,12,10,16,,,102001,11,8,13,10,80,101807,15,16,26,10,79,101779,9,8,14,10,75,101970,16,12,21,,,,,,,,,,,,,,,,,,,9,75,101822,15,12,21
2017-05-24T20:00:00,,,,,,,10,82,101719,16,12,22,,,,,,,,,101651,15,12,19,12,85,101673,10,9,14,10,77,101681,10,9,14,10,84,101692,12,9,15,,,101689,12,9,15,,,,,,,9,81,101640,12,10,17,10,81,,12,10,19,10,81,101807,13,11,17,,,,,,,10,81,,11,9,15,10,82,,11,9,15,10,81,,13,11,17,9,80,,14,11,19,10,82,,14,11,17,10,81,,8,7,12,10,82,,13,10,18,,,,,,,10,82,101798,10,8,13,10,84,101687,12,10,15,10,-2081,101572,12,10,17,10,82,101798,12,10,17,10,85,,12,10,16,10,81,,15,13,21,9,85,101929,15,11,18,10,84,,15,13,21,11,81,101753,17,15,25,,,,,,,,,,,,,10,83,101590,12,10,16,10,82,101694,11,9,16,,,,,,,10,82,101635,10,8,14,,,,,,,10,85,101823,12,10,16,10,81,101816,9,8,13,10,81,101850,11,9,15,10,85,101903,11,9,15,10,81,101799,11,9,15,10,80,101654,12,10,17,10,81,101697,11,9,15,10,82,101684,13,9,14,9,84,101812,13,11,18,10,82,101729,13,9,13,9,81,101723,13,11,17,,,101974,8,7,12,10,82,101784,12,11,18,9,81,101753,10,9,15,10,77,101946,18,14,25,,,,,,,,,,,,,,,,,,,9,77,101802,15,12,21
2017-05-24T21:00:00,,,,,,,10,80,101683,13,10,17,,,,,,,,,101620,13,10,16,12,83,101645,8,7,12,10,75,101652,9,8,12,10,82,101661,9,7,12,,,101661,10,8,14,,,,,,,10,79,101605,9,8,13,10,79,,11,9,17,10,79,101775,9,7,12,,,,,,,10,79,,10,8,13,10,80,,10,9,16,10,79,,10,9,14,9,78,,13,10,17,10,79,,7,6,10,10,79,,7,7,12,10,80,,9,8,13,,,,,,,10,80,101769,7,6,10,9,82,101660,11,9,14,10,-2064,101543,8,7,12,10,80,101770,11,9,15,9,83,,9,8,12,10,79,,11,9,15,9,83,101899,14,11,18,10,82,,14,11,19,10,79,101718,11,10,16,,,,,,,,,,,,,9,81,101559,8,7,11,10,80,101665,8,7,12,,,,,,,10,81,101606,8,7,12,,,,,,,10,83,101792,9,8,14,10,79,101781,7,7,11,10,80,101819,11,9,14,10,83,101873,12,9,15,10,79,101771,9,8,13,10,78,101621,10,8,14,10,79,101666,8,7,12,10,81,101653,13,10,15,9,82,101784,13,11,18,10,80,101697,13,10,14,9,79,101688,13,10,17,,,101940,9,7,12,10,80,101753,10,9,15,9,79,101723,11,10,17,10,75,101919,15,11,20,,,,,,,,,,,,,,,,,,,9,75,101773,11,9,15
2017-05-24T22:00:00,,,,,,,10,85,101667,14,11,19,,,,,,,,,101602,14,11,18,12,88,101640,10,9,15,10,81,101633,9,8,13,10,88,101647,10,8,13,,,101641,11,9,15,,,,,,,9,86,101585,11,9,16,9,84,,12,10,18,9,84,101760,9,8,12,,,,,,,9,84,,10,9,14,9,85,,10,9,15,9,84,,12,10,16,9,83,,13,11,18,9,84,,10,8,12,10,85,,8,7,12,9,85,,10,9,14,,,,,,,10,85,101752,9,8,13,9,88,101641,13,10,17,10,-2128,101530,7,7,11,9,85,101753,11,9,15,9,88,,10,8,13,10,84,,12,10,17,9,88,101878,13,10,16,9,88,,12,10,16,10,83,101698,10,9,15,,,,,,,,,,,,,9,88,101540,9,8,13,10,85,101649,9,7,13,,,,,,,9,87,101582,9,8,13,,,,,,,9,88,101775,10,9,15,9,84,101766,5,5,9,10,85,101796,11,9,16,9,88,101855,11,9,15,9,84,101761,8,7,11,10,84,101602,11,9,15,9,85,101650,8,7,12,10,86,101641,13,10,14,9,87,101761,12,11,18,10,86,101680,12,9,13,9,84,101667,11,9,14,,,101921,10,8,13,9,85,101732,9,8,13,9,84,101702,9,8,13,10,80,101902,15,12,20,,,,,,,,,,,,,,,,,,,9,81,101754,13,10,18
2017-05-24T23:00:00,,,,,,,9,94,101649,15,12,21,,,,,,,,,101582,13,11,17,11,94,101618,11,10,16,9,91,101612,10,9,14,9,94,101624,11,10,16,,,101618,11,9,15,,,,,,,9,94,101571,11,9,15,9,92,,12,10,18,9,91,101741,13,10,17,,,,,,,9,92,,11,10,16,9,93,,9,8,13,9,92,,11,9,15,8,92,,12,10,17,,,,,,,9,92,,7,6,11,9,93,,12,10,18,,,,,,,9,93,101739,9,7,12,9,94,101618,13,11,17,9,-2180,101511,10,9,15,9,94,101737,13,11,18,9,94,,11,10,15,9,92,,12,9,15,8,94,101863,13,11,17,9,94,,13,11,19,10,93,101680,9,8,13,,,,,,,,,,,,,9,94,101518,12,10,17,9,94,101631,10,9,14,,,,,,,9,94,101562,9,8,14,,,,,,,9,94,101763,11,9,16,9,93,101751,8,8,12,9,94,101786,10,8,14,9,94,101832,10,8,13,9,94,101737,11,9,15,9,93,101582,11,9,16,9,94,101630,11,10,16,9,94,101630,12,9,14,8,94,101750,11,10,16,9,94,101662,12,9,13,8,93,101654,12,10,16,,,101903,9,7,12,9,94,101717,8,8,13,8,92,101689,9,8,14,9,89,101888,14,11,18,,,,,,,,,,,,,,,,,,,8,90,101736,16,14,24
2017-05-25T00:00:00,,,,,,,9,93,101623,16,13,24,,,,,,,,,101555,14,12,19,11,94,101591,12,10,18,9,93,101585,10,8,13,9,94,101595,11,9,15,,,101597,10,9,15,,,,,,,9,94,101546,11,9,16,9,92,,11,9,17,9,92,101720,12,10,17,,,,,,,8,92,,11,10,16,9,93,,12,10,17,9,93,,11,10,16,8,92,,15,14,23,,,,,,,9,93,,9,7,13,9,93,,12,10,17,,,,,,,9,94,101708,9,8,13,8,94,101591,13,11,17,9,-2056,101486,11,9,15,9,94,101712,14,11,18,8,94,,11,10,16,9,92,,11,9,15,8,94,101838,19,16,25,9,94,,13,11,17,10,93,101653,9,8,13,,,,,,,,,,,,,9,94,101495,12,10,16,9,94,101605,10,9,14,,,,,,,9,94,101539,9,8,14,,,,,,,8,94,101742,11,10,17,9,94,101726,8,8,13,9,94,101764,11,9,15,9,94,101805,10,8,14,9,94,101712,10,9,14,9,94,101558,10,9,15,9,94,101604,10,9,15,9,94,101594,12,10,15,8,94,101725,13,12,20,9,94,101632,14,11,15,8,94,101628,16,14,23,,,101876,8,7,12,9,94,101692,11,10,16,8,92,101662,11,9,17,9,89,101865,14,11,19,,,,,,,,,,,,,,,,,,,8,89,101712,16,14,24
2017-05-25T01:00:00,,,,,,,9,93,101601,18,15,28,,,,,,,,,101534,16,14,23,11,94,101573,12,11,18,9,93,101565,10,9,15,9,94,101575,12,10,17,,,101577,10,9,15,,,,,,,8,94,101525,12,11,19,9,92,,12,10,20,9,92,101701,12,11,18,,,,,,,9,93,,11,10,16,9,93,,11,10,16,9,93,,13,11,19,8,92,,14,12,21,,,,,,,9,93,,11,9,16,9,93,,13,11,19,,,,,,,9,94,101693,10,8,14,8,94,101576,13,12,19,9,-2050,101468,12,10,17,9,94,101694,16,13,21,8,94,,12,11,18,9,92,,13,11,18,8,94,101816,16,14,22,9,94,,13,11,19,9,92,101634,9,8,14,,,,,,,,,,,,,9,94,101477,11,10,16,9,94,101589,11,10,16,,,,,,,8,94,101520,11,10,17,,,,,,,8,94,101723,12,10,19,9,94,101709,10,9,15,9,94,101743,12,10,17,9,94,101788,11,10,17,9,94,101692,11,10,16,9,94,101542,11,9,16,9,94,101588,12,10,18,9,94,101587,14,12,17,8,94,101708,13,12,21,9,94,101614,13,11,15,8,94,101608,12,10,17,,,101857,11,8,15,9,94,101671,12,10,17,8,92,101640,12,10,18,9,89,101849,15,13,22,,,,,,,,,,,,,,,,,,,8,90,101693,16,14,26
2017-05-25T02:00:00,,,,,,,9,92,101578,20,17,32,,,,,,,,,101511,17,15,25,11,94,101550,13,12,20,9,94,101544,11,10,18,9,94,101559,13,11,20,,,101556,12,10,18,,,,,,,9,94,101503,13,11,21,9,93,,13,11,21,9,92,101679,13,12,21,,,,,,,9,93,,12,11,19,9,94,,12,11,18,9,93,,14,12,21,8,92,,13,12,20,,,,,,,9,93,,12,10,18,9,94,,14,13,22,,,,,,,9,94,101672,11,10,16,8,94,101549,14,13,21,9,-2100,101445,14,12,21,9,94,101673,14,13,21,9,94,,12,12,20,9,93,,14,12,20,8,94,101795,17,15,24,9,94,,13,12,20,9,93,101612,11,10,17,,,,,,,,,,,,,9,94,101456,12,11,18,9,94,101567,13,11,18,,,,,,,8,94,101496,12,11,19,,,,,,,8,94,101702,13,12,22,9,94,101684,9,9,16,9,94,101721,13,11,19,9,94,101762,14,13,22,9,94,101670,10,9,15,9,94,101520,12,10,18,9,94,101566,13,11,20,9,94,101553,16,14,20,8,94,101687,14,13,23,9,94,101590,16,13,19,8,94,101587,14,12,20,,,101834,8,7,13,9,94,101649,13,12,20,8,92,101618,13,11,20,9,90,101827,16,13,23,,,,,,,,,,,,,,,,,,,8,91,101665,16,17,30
2017-05-25T03:00:00,,,,,,,9,99,101591,20,17,32,,,,,,,,,101524,17,15,26,11,100,101564,11,9,16,9,100,101555,9,8,14,9,100,101580,11,9,16,,,101570,9,9,15,,,,,,,9,100,101515,12,11,20,9,99,,12,10,20,9,98,101694,11,10,18,,,,,,,9,99,,9,8,14,9,99,,13,11,19,9,100,,14,13,22,8,98,,12,11,19,,,,,,,9,99,,14,12,20,9,99,,12,10,18,,,,,,,9,100,101685,11,10,17,9,100,101561,10,9,15,9,-2189,101458,15,14,23,9,100,101686,14,12,21,9,100,,13,12,21,9,98,,15,13,22,8,100,101803,22,19,31,9,100,,13,12,21,9,98,101624,11,10,17,,,,,,,,,,,,,9,100,101471,8,7,12,9,100,101580,12,11,18,,,,,,,8,100,101512,11,10,18,,,,,,,8,100,101715,11,11,19,9,100,101693,8,8,15,9,100,101730,14,12,20,9,100,101775,11,10,17,9,100,101684,10,9,16,9,100,101534,9,8,15,9,100,101580,11,10,17,9,100,101559,15,12,19,8,100,101698,13,13,22,9,100,101605,13,11,16,8,100,101598,15,13,23,,,101846,8,8,15,9,100,101658,14,12,21,8,98,101630,13,11,20,9,95,101838,15,13,23,,,,,,,,,,,,,,,,,,,8,96,101682,14,14,26
2017-05-25T04:00:00,,,,,,,10,92,101631,16,14,26,,,,,,,,,101564,14,12,21,12,94,101604,9,8,14,10,94,101595,7,7,12,10,94,101620,9,8,14,,,101606,7,7,12,,,,,,,10,94,101554,8,7,13,10,92,,10,9,17,10,92,101730,9,8,14,,,,,,,9,92,,7,7,13,10,93,,12,10,17,10,93,,13,11,19,9,92,,12,10,18,,,,,,,10,92,,11,9,15,10,94,,11,9,16,,,,,,,10,94,101723,7,6,10,9,94,101601,7,7,12,10,-2063,101499,15,13,23,10,94,101727,12,10,17,10,94,,9,8,14,10,93,,12,10,17,9,94,101840,19,17,27,10,94,,13,12,20,10,93,101667,7,7,12,,,,,,,9,94,101700,40,38,59,10,94,101509,4,4,7,10,94,101622,12,10,18,,,,,,,10,94,101553,6,6,11,,,,,,,9,94,101755,8,8,15,10,94,101734,6,6,11,10,94,101766,11,10,16,10,94,101812,11,10,17,10,94,101725,6,6,11,10,94,101573,9,8,15,10,94,101621,9,8,14,10,94,101612,12,10,15,9,94,101736,12,11,19,10,94,101635,11,9,13,9,94,101637,13,12,20,,,101886,5,5,10,10,94,101693,12,10,17,9,92,101669,9,9,15,10,89,101878,13,11,19,,,,,,,,,,,,,,,,,,,9,90,101721,11,11,20
2017-05-25T05:00:00,,,,,,,10,93,101666,17,14,26,,,,,,,,,101600,15,13,22,12,94,101639,9,8,15,10,94,101638,6,6,10,10,94,101663,9,8,13,,,101646,5,5,9,,,,,,,10,94,101592,6,6,10,10,94,,11,9,18,10,93,101768,7,6,10,,,,,,,10,93,,6,6,10,10,94,,12,10,18,10,94,,14,12,20,9,92,,13,11,19,,,,,,,10,93,,14,12,20,10,94,,8,7,12,,,,,,,10,94,101762,5,5,9,10,94,101643,5,5,8,10,-2192,101537,12,10,17,10,94,101763,11,10,16,10,94,,10,9,14,10,93,,13,11,18,9,94,101878,17,15,24,10,94,,15,14,23,10,92,101707,6,6,11,,,,,,,10,94,101735,31,46,39,10,94,101550,5,4,8,10,94,101661,11,9,15,,,,,,,10,94,101593,4,4,7,,,,,,,9,94,101789,9,8,15,10,94,101767,5,5,9,10,94,101801,12,10,17,10,94,101854,11,10,16,10,94,101762,5,6,9,10,94,101614,9,9,15,10,94,101661,9,8,14,10,94,101648,12,10,15,9,94,101771,12,11,19,10,94,101690,10,9,12,9,94,101674,13,12,20,,,101924,7,7,12,10,94,101731,13,11,19,9,92,101702,9,9,15,10,90,101916,14,12,21,,,,,,,,,,,,,,,,,,,9,91,101760,7,7,12
2017-05-25T06:00:00,,,,,,,11,94,101723,18,15,27,,,,,,,,,101654,15,12,21,13,94,101696,10,9,15,11,94,101693,7,6,10,11,94,101711,15,13,21,,,101699,7,7,12,,,,,,,11,94,101646,7,7,12,11,93,,12,10,19,11,93,101818,12,11,17,,,,,,,11,93,,10,9,15,11,93,,12,10,17,11,93,,15,14,23,10,92,,14,12,21,,,,,,,11,93,,12,9,16,11,94,,12,10,17,,,,,,,11,93,101813,8,7,12,11,94,101697,9,8,12,11,-2128,101593,11,10,16,11,94,101814,10,9,15,11,94,,12,10,17,11,92,,13,11,19,10,94,101932,18,16,26,11,94,,20,18,30,11,92,101763,7,6,11,11,94,101837,11,10,16,11,94,101795,25,23,39,11,94,101605,12,11,17,11,94,101716,12,11,18,,,,,,,11,94,101650,7,7,12,,,,,,,10,94,101839,12,11,19,11,94,101827,9,9,15,11,94,101851,13,11,19,11,94,101905,9,8,13,11,94,101813,12,11,19,11,94,101668,12,10,18,11,94,101718,12,11,19,11,94,101684,10,9,13,10,94,101827,12,11,18,11,94,101745,11,9,13,10,94,101728,14,13,21,,,101985,7,6,11,11,94,101785,13,11,19,10,91,101754,10,9,15,11,89,101967,14,11,20,,,,,,,,,,,,,,,,,,,10,91,101810,10,9,16
2017-05-25T07:00:00,,,,,,,12,89,101773,19,15,27,,,,,,,,,101703,17,14,24,13,90,101740,12,11,19,12,87,101740,9,8,13,12,90,101761,11,9,15,,,101746,10,9,14,,,,,,,12,90,101692,10,9,15,12,88,,14,12,21,12,87,101865,10,8,14,,,,,,,11,87,,10,8,14,12,88,,15,13,23,12,87,,16,13,22,11,87,,17,15,25,12,88,,8,7,11,12,88,,10,8,15,12,88,,10,9,15,,,,,,,12,88,101858,11,9,15,11,90,101749,11,9,15,12,-2046,101636,14,12,21,12,89,101861,11,10,16,11,90,,12,11,18,12,87,,15,13,21,11,89,101975,21,17,28,12,90,,14,12,20,12,86,101808,9,8,13,11,90,101866,8,8,13,11,90,101852,10,8,15,11,90,101652,8,7,12,12,90,101758,12,11,18,,,,,,,12,90,101700,9,8,14,,,,,,,11,90,101885,12,11,18,12,90,101872,8,8,13,12,90,101893,12,11,18,12,90,101953,10,8,13,11,89,101860,11,10,16,11,89,101713,10,9,15,12,90,101761,12,11,18,12,90,101754,10,8,11,11,90,101870,14,13,21,12,90,101785,11,9,12,11,88,101772,16,14,24,,,102032,11,9,15,12,90,101827,17,15,26,11,87,101796,13,11,19,12,84,102009,15,12,21,,,,,,,,,,,,,,,,,,,11,86,101856,14,11,20
2017-05-25T08:00:00,,,,,,,12,92,101840,19,15,26,,,,,,,,,101767,18,15,24,13,92,101805,15,13,22,12,91,101806,12,10,17,11,92,101827,17,14,24,,,101810,10,9,15,,,,,,,12,92,101759,11,9,16,11,91,,11,9,16,11,90,101928,15,13,21,,,,,,,11,90,,13,11,18,11,91,,11,9,16,11,90,,16,14,23,11,90,,13,11,18,11,91,,8,7,11,12,91,,7,6,10,11,91,,15,13,22,,,,,,,12,92,101922,13,11,18,11,92,101812,12,10,16,11,-2048,101702,13,11,19,11,92,101924,10,9,15,11,92,,13,12,19,12,89,,13,10,17,11,92,102040,23,21,32,12,92,,15,14,22,12,90,101870,11,10,16,,,,,,,11,92,101909,12,11,19,11,92,101717,14,12,21,12,92,101822,12,10,17,,,,,,,11,92,101762,7,7,11,,,,,,,11,92,101952,14,13,22,11,92,101931,8,8,13,12,92,101957,10,9,14,11,92,102017,9,8,13,11,92,101925,14,13,21,11,92,101777,13,12,21,11,92,101826,14,12,20,12,92,101805,7,6,8,11,92,101933,12,10,16,12,92,101863,10,7,10,11,92,101836,11,10,16,,,102098,8,7,12,11,92,101898,6,6,10,11,90,101858,9,8,14,11,87,102075,15,12,20,,,,,,,,,,,,,,,,,,,11,89,101921,17,15,27
2017-05-25T09:00:00,,,,,,,12,92,101885,30,27,51,,,,,,,,,101808,30,28,49,13,92,101841,24,22,40,12,89,101853,21,20,35,12,92,101867,26,25,45,,,101855,22,21,36,,,,,,,12,92,101801,21,19,35,12,91,,21,19,38,12,91,101952,24,22,40,,,,,,,11,90,,23,22,38,12,92,,22,20,34,12,91,,25,23,40,11,90,,21,19,33,,,,25,24,40,12,91,,19,17,31,11,91,,26,23,42,,,,,,,12,92,101959,23,21,37,11,92,101858,24,23,40,12,-2465,101749,22,21,38,11,92,101955,24,23,40,12,92,,22,21,37,12,91,,24,22,39,11,92,102083,21,18,29,12,92,,23,21,38,12,89,101925,21,20,35,,,,,,,11,92,101938,20,17,31,11,92,101756,24,22,38,12,92,101866,23,21,38,,,,,,,11,92,101805,19,17,30,,,,,,,11,92,101990,26,25,46,12,92,101978,20,19,34,12,92,101992,19,17,29,11,92,102065,18,16,27,12,92,101959,21,20,35,11,92,101821,24,23,42,12,92,101878,25,24,43,12,92,101841,18,15,24,11,92,101972,17,15,27,12,92,101889,17,15,21,11,92,101876,14,12,20,12,92,102143,19,17,31,11,92,101937,15,13,23,11,90,101903,11,10,17,12,87,102108,24,22,41,,,,,,,,,,,,,,,,,,,11,88,101960,25,25,47
2017-05-25T10:00:00,,,,,,,12,90,101899,31,29,55,,,,,,,,,101824,31,29,52,13,90,101851,22,21,38,13,85,101873,24,22,41,13,90,101881,25,24,44,,,101873,24,23,43,,,,,,,13,90,101822,24,23,42,13,90,,24,22,45,13,89,101956,24,23,41,,,,,,,12,88,,24,23,40,12,90,,26,25,44,12,89,,26,25,44,12,88,,26,25,44,13,90,,24,23,41,12,89,,27,25,46,12,90,,27,26,47,,,,,,,13,90,101974,25,23,42,12,90,101875,27,27,48,13,-2736,101767,22,21,37,12,89,101960,25,24,43,12,90,,23,22,39,13,89,,27,25,46,11,90,102104,30,29,49,13,90,,24,22,40,13,87,101945,27,26,47,12,90,101969,25,23,42,12,90,101942,20,17,31,12,90,101763,24,22,40,13,89,101881,25,22,40,,,,,,,12,90,101826,23,22,41,,,,,,,12,90,101996,26,26,47,13,89,101981,20,19,33,13,90,102003,25,24,43,12,90,102090,23,22,40,12,88,101969,22,21,37,12,89,101832,24,23,43,12,90,101890,25,23,42,13,90,101856,23,21,35,12,90,101987,24,23,41,12,90,101916,23,22,35,12,89,101901,24,23,40,12,90,102169,22,21,38,12,90,101956,28,27,46,12,88,101921,22,20,35,12,84,102116,28,27,51,,,,,,,,,,,,,,,,,,,12,86,101972,26,26,51
2017-05-25T11:00:00,,,,,,,13,85,101908,33,31,60,,,,,,,,,101833,32,31,55,14,85,101860,23,22,39,14,80,101880,24,23,41,13,86,101883,26,24,44,,,101876,25,25,45,13,86,101893,27,26,46,13,86,101828,26,25,45,13,85,,25,24,49,13,86,101948,25,24,43,,,,,,,13,85,,26,25,45,13,85,,29,28,50,13,86,,27,27,48,12,83,,26,25,45,13,86,,24,22,41,13,85,,29,28,51,13,86,,28,27,49,,,,,,,13,86,101977,26,25,45,13,86,101885,28,27,48,13,-2713,101777,24,23,42,13,85,101961,27,27,47,13,86,,26,26,45,13,84,,29,28,51,12,86,102117,34,33,56,13,86,,26,25,44,13,84,101958,33,33,57,13,86,101966,27,26,46,13,86,101940,21,17,31,13,86,101761,25,23,42,13,85,101889,26,25,44,,,,,,,13,86,101833,25,24,44,,,,,,,12,86,101999,28,28,50,13,84,101990,22,20,37,13,86,102010,27,26,47,13,86,102103,24,23,41,13,84,101973,23,21,38,13,84,101837,26,25,46,13,86,101897,26,25,45,13,86,101859,25,24,40,12,86,101993,26,26,47,13,86,101925,26,24,39,12,84,101914,28,27,48,12,85,102179,23,23,42,13,86,101970,30,29,52,12,84,101934,25,24,43,13,80,102117,29,29,55,,,,,,,,,,,,,,,,,,,12,81,101971,26,27,52
2017-05-25T12:00:00,,,,,,,15,83,101891,32,30,58,,,,,,,,,101815,31,30,54,15,82,101847,26,24,44,15,78,101863,24,23,41,15,86,101860,25,24,44,,,101856,27,26,46,15,86,101878,27,26,46,15,83,101812,27,26,47,15,84,,27,26,52,15,83,101921,27,25,45,,,,,,,15,83,,27,26,45,15,85,,29,28,50,15,84,,27,26,47,14,81,,27,27,48,15,84,,26,25,44,15,84,,29,28,51,15,86,,28,26,48,,,,,,,15,84,101954,27,25,45,15,86,101866,28,27,48,15,-2651,101762,26,25,44,15,83,101931,28,27,49,15,86,,27,25,45,15,82,,29,28,51,14,86,102099,34,33,56,15,84,,25,24,43,15,82,101938,32,32,54,15,86,101941,26,25,45,15,86,101915,21,18,32,15,86,101742,25,24,43,15,83,101872,27,26,46,,,,,,,14,84,101815,26,25,46,,,,,,,14,86,101973,29,28,50,15,81,101971,23,22,40,15,83,101984,28,26,47,15,86,102089,25,24,44,15,83,101942,22,20,37,15,82,101817,26,26,46,14,83,101882,27,26,47,15,83,101832,27,25,42,14,84,101973,26,25,46,15,83,101907,27,26,41,14,82,101899,29,28,50,14,82,102164,24,23,42,15,84,101956,31,30,53,14,81,101921,27,26,47,15,78,102090,30,29,55,,,,,,,,,,,,,,,,,,,14,79,101946,27,28,53
2017-05-25T13:00:00,,,,,,,13,90,101879,36,35,66,,,,,,,,,101796,35,34,61,14,88,101816,27,26,46,14,85,101848,27,26,47,14,90,101848,29,28,50,,,101844,30,30,54,13,90,101865,30,30,53,13,90,101797,31,30,54,14,90,,29,28,56,14,89,101899,30,30,52,,,,,,,14,90,,31,31,53,14,90,,32,31,55,14,90,,30,29,53,13,88,,30,30,53,13,90,,29,29,51,14,90,,31,30,54,15,90,,31,29,53,,,,,,,14,90,101932,29,29,51,13,90,101853,32,32,57,14,-2904,101739,27,27,47,14,90,101902,31,30,53,14,90,,29,29,51,14,88,,32,31,56,12,90,102083,37,37,62,14,90,,27,26,47,14,89,101921,35,36,61,13,90,101916,29,29,52,13,90,101900,28,24,38,14,90,101729,29,29,51,14,90,101850,29,28,49,,,,,,,13,90,101799,29,29,52,,,,,,,13,90,101955,32,33,59,13,88,101951,26,25,45,14,90,101968,30,29,52,13,90,102082,28,28,49,14,89,101923,24,23,42,13,90,101799,31,30,54,13,90,101864,29,29,51,14,90,101830,29,28,47,13,90,101954,29,29,52,13,90,101893,29,28,44,13,89,101886,33,32,57,13,89,102147,27,26,47,13,90,101945,31,31,54,13,88,101901,30,29,52,13,84,102069,31,31,59,,,,,,,,,,,,,,,,,,,13,87,101934,32,34,66
2017-05-25T14:00:00,,,,,,,16,87,101855,34,33,62,,,,,,,,,101770,35,34,60,16,83,101798,28,27,48,16,80,101825,26,24,43,15,88,101823,29,28,49,,,101815,30,29,52,15,88,101840,29,29,50,16,86,101778,29,27,49,16,86,,29,28,55,15,85,101874,30,30,52,,,,,,,15,86,,30,30,52,17,88,,28,26,47,16,88,,29,28,50,14,84,,29,28,49,15,86,,29,28,49,17,88,,28,26,49,19,88,,28,25,46,,,,,,,15,86,101913,29,28,50,15,88,101823,30,30,53,16,-2695,101715,27,25,45,16,86,101874,30,29,52,16,88,,28,27,47,15,84,,33,32,57,14,88,102056,34,32,55,16,87,,27,26,46,16,85,101895,37,38,62,15,88,101891,29,28,49,15,88,101879,27,23,37,15,88,101707,29,28,50,16,85,101827,29,27,48,,,,,,,15,87,101774,29,28,50,,,,,,,14,88,101927,32,33,57,17,84,101923,25,23,42,15,86,101939,31,29,52,15,88,102047,27,26,46,17,85,101896,23,22,39,15,85,101779,30,30,53,15,86,101841,29,28,50,15,87,101797,29,27,45,16,86,101921,26,25,45,16,87,101863,28,26,41,15,85,101861,31,30,53,17,82,102129,24,22,40,15,87,101918,30,30,53,15,85,101880,27,25,46,15,80,102041,31,31,57,,,,,,,,,,,,,,,,,,,15,82,101900,30,30,57
2017-05-25T15:00:00,,,,,,,16,80,101845,33,30,57,,,,,,,,,101759,32,31,54,16,77,101785,25,24,42,16,73,101804,23,21,36,16,82,101814,26,24,43,,,101798,26,24,43,16,82,101827,26,25,43,16,79,101757,27,25,45,16,79,,29,28,55,16,79,101870,26,25,42,16,80,,26,23,43,16,80,,26,24,42,16,82,,27,25,46,17,82,,27,25,45,15,78,,29,28,48,16,80,,25,24,42,18,82,,25,23,43,19,82,,25,22,40,,,,,,,16,80,101894,26,24,43,16,82,101810,25,23,39,16,-2457,101712,27,26,46,16,79,101870,29,28,49,16,82,,26,25,44,16,78,,30,29,52,15,82,102039,31,29,49,16,81,,27,26,46,16,79,101880,35,34,57,16,82,101876,25,23,42,,,,,,,16,80,101700,23,21,36,16,79,101821,28,27,46,,,,,,,15,81,101761,26,24,43,,,,,,,15,82,101918,30,29,51,16,77,101919,24,23,41,16,79,101928,28,26,45,16,82,102028,25,23,42,17,78,101908,24,22,39,15,79,101768,28,26,47,16,80,101839,28,27,49,16,80,101781,26,23,39,16,80,101903,26,25,45,16,79,101845,26,23,36,15,79,101844,29,28,49,17,76,102125,24,22,40,16,81,101903,30,29,51,15,79,101863,26,25,44,16,74,102029,30,28,52,,,,,,,,,,,,,,,,,,,16,76,101890,26,25,47
2017-05-25T16:00:00,,,,,,,17,64,101849,22,18,33,,,,,,,,,101768,23,20,34,16,63,101792,25,23,42,16,55,101812,12,10,16,16,63,101817,17,15,25,,,101809,14,12,21,16,64,101830,12,11,17,16,61,101758,15,13,21,16,64,,21,18,35,16,62,101895,14,12,19,17,66,,18,16,26,16,61,,14,11,18,17,66,,24,21,37,17,66,,20,18,31,15,63,,24,23,39,16,62,,14,11,18,18,67,,14,12,21,16,63,,14,12,19,,,,,,,16,63,101905,16,13,23,17,60,101822,11,9,14,16,-2183,101710,19,17,29,17,62,101882,17,15,26,17,63,,16,14,22,16,63,,24,22,38,15,69,102051,28,26,43,16,64,,19,17,28,16,62,101882,20,18,31,,,,,,,,,,,,,16,60,101722,13,11,18,16,62,101823,19,16,28,,,,,,,16,62,101768,13,11,19,,,,,,,15,63,101925,18,16,27,18,62,101923,13,11,19,16,64,101936,22,19,33,16,69,102033,12,10,17,17,61,101917,13,11,19,16,59,101773,16,14,23,16,63,101837,18,15,26,16,62,101794,16,13,20,15,66,101914,23,22,38,16,63,101849,18,14,21,16,63,101845,24,21,36,16,62,102125,20,17,30,16,64,101908,25,25,41,16,65,101871,24,21,38,16,59,102040,23,19,35,,,,,,,,,,,,,,,,,,,16,58,101908,15,12,20
2017-05-25T17:00:00,,,,,,,17,60,101864,16,12,21,,,,,,,,,101787,13,10,16,16,61,101807,18,16,28,16,52,101825,10,8,13,15,59,101829,13,11,18,,,101823,11,9,15,15,61,101840,9,8,13,16,58,101771,11,9,15,16,60,,15,12,22,16,59,101911,11,10,16,,,,,,,15,59,,11,9,14,16,62,,12,9,16,16,61,,17,14,23,16,60,,14,12,19,16,60,,11,9,15,18,63,,9,8,14,16,60,,12,9,15,,,,,,,16,60,101918,11,9,15,16,56,101835,9,7,11,16,-2005,101717,14,12,19,16,58,101902,12,10,16,16,57,,12,9,15,16,59,,15,12,20,15,65,102060,43,48,75,16,60,,12,10,16,16,58,101884,12,10,17,,,,,,,,,,,,,16,57,101724,9,8,13,16,58,101832,12,10,17,,,,,,,15,58,101784,9,7,12,,,,,,,15,57,101938,13,11,18,16,58,101939,15,13,21,16,59,101960,12,10,16,16,67,102048,9,7,12,16,57,101937,11,9,14,15,56,101787,12,10,16,16,59,101845,13,11,19,16,58,101817,10,8,12,15,60,101930,12,10,17,16,59,101860,10,8,11,15,57,101856,12,9,15,,,102136,10,7,12,16,58,101921,12,12,19,16,63,101883,14,13,22,16,55,102057,15,12,20,,,,,,,,,,,,,,,,,,,15,55,101924,13,10,17
2017-05-25T18:00:00,,,,,,,15,63,101890,14,10,18,,,,,,,,,101816,12,9,15,15,66,101847,12,10,17,15,56,101850,10,8,13,14,64,101864,14,11,18,,,101853,11,9,14,14,66,101864,9,8,13,15,62,101797,11,9,14,14,63,,12,10,18,14,63,101939,12,10,15,,,,,,,14,62,,10,8,13,15,64,,11,9,15,14,63,,16,14,22,14,64,,19,16,26,14,63,,9,8,13,15,65,,9,7,13,14,63,,11,9,15,,,,,,,15,64,101947,10,8,13,14,64,101860,10,8,12,14,-2098,101746,17,15,25,15,62,101938,10,8,13,14,61,,11,9,15,15,63,,13,11,18,13,68,102086,21,19,31,14,64,,16,14,23,15,62,101911,14,12,20,,,,,,,,,,,,,14,63,101753,10,9,14,15,62,101861,12,10,17,,,,,,,14,61,101808,8,7,11,,,,,,,14,61,101971,13,11,19,15,61,101970,11,9,16,14,63,101990,13,11,17,14,70,102072,10,8,13,14,62,101964,12,10,16,14,60,101818,12,10,16,14,63,101871,13,12,19,14,64,101845,10,7,11,14,63,101956,12,10,16,14,66,101884,11,8,11,14,63,101880,11,9,14,,,102165,9,6,10,14,62,101945,22,24,35,14,66,101909,15,14,24,14,58,102088,15,11,19,,,,,,,,,,,,,,,,,,,14,59,101954,12,9,16
2017-05-25T19:00:00,,,,,,,12,78,101921,20,16,28,,,,,,,,,101850,17,14,22,13,82,101875,11,10,17,12,72,101883,14,12,19,12,79,101891,19,16,25,,,101884,13,11,18,11,82,101895,12,10,16,12,78,101831,12,10,16,12,78,,16,14,24,12,77,101984,14,12,19,,,,,,,12,78,,13,10,17,12,81,,14,11,19,12,79,,17,15,24,11,78,,19,16,25,12,78,,11,9,15,12,79,,8,7,12,12,79,,16,13,21,,,,,,,12,80,101984,14,12,19,11,80,101885,11,9,14,12,-2361,101776,20,17,29,12,77,101978,10,9,14,11,80,,13,11,18,12,78,,20,17,27,11,82,102124,28,25,41,11,81,,17,14,22,13,78,101951,23,21,35,,,,,,,,,,,,,11,80,101794,16,14,23,12,78,101889,16,13,22,,,,,,,12,76,101839,9,8,13,,,,,,,11,81,102012,18,16,27,12,77,102003,10,9,15,12,78,102032,14,12,19,11,82,102100,11,9,15,11,78,102000,15,12,20,12,76,101850,16,14,22,12,78,101902,14,12,19,11,79,101884,15,12,19,11,79,101997,18,16,26,12,81,101918,15,12,17,11,78,101916,13,11,18,,,102188,15,11,18,12,79,101983,18,17,28,11,79,101947,13,10,18,12,74,102126,17,13,22,,,,,,,,,,,,,,,,,,,11,74,101991,17,14,23
2017-05-25T20:00:00,,,,,,,10,88,101948,22,17,30,,,,,,,,,101875,21,17,28,12,88,101899,19,17,27,10,82,101909,17,14,22,10,88,101911,24,20,35,,,101912,17,14,23,10,88,101925,24,22,37,10,88,101859,14,11,19,10,87,,21,18,33,10,86,102008,23,20,34,,,,,,,10,87,,16,14,22,10,88,,17,15,24,10,87,,19,16,26,10,86,,21,18,29,10,87,,14,11,19,10,87,,15,12,21,10,88,,21,17,29,,,,,,,10,88,102014,16,14,23,9,88,101909,13,10,17,10,-2520,101802,18,16,25,10,86,102015,14,12,19,10,88,,21,18,28,11,87,,21,18,30,9,88,102147,28,25,40,10,88,,20,17,28,11,88,101985,32,30,48,10,88,102031,15,13,23,,,,,,,9,88,101819,19,17,28,10,87,101917,18,15,25,,,,,,,10,86,101864,12,10,16,,,,,,,10,88,102041,19,16,27,10,86,102036,12,11,18,10,88,102060,17,14,23,9,88,102126,17,14,23,9,85,102030,13,11,18,10,85,101877,25,22,36,10,86,101931,19,17,28,10,88,101913,20,16,24,9,88,102023,22,19,33,10,88,101943,16,13,18,10,86,101939,26,23,39,,,102205,17,13,22,10,87,102005,20,18,30,10,86,101972,15,13,22,10,82,102154,21,17,29,,,,,,,,,,,,,,,,,,,10,82,102012,22,19,33
2017-05-25T21:00:00,,,,,,,9,92,101974,27,23,41,,,,,,,,,101901,25,22,36,11,92,101934,22,19,32,9,88,101938,20,17,28,9,92,101950,28,25,44,,,101936,21,17,28,9,92,101949,20,18,29,9,92,101886,18,16,26,9,92,,23,20,38,9,92,102036,23,20,33,,,,,,,9,92,,20,17,27,9,92,,25,22,40,9,92,,23,20,34,9,92,,27,24,42,9,92,,17,15,25,9,92,,16,14,24,9,92,,23,20,34,,,,,,,9,92,102042,19,16,27,9,92,101935,16,13,21,9,-2575,101832,20,17,28,9,92,102047,17,15,24,9,92,,22,19,30,10,92,,25,22,39,8,92,102178,31,28,46,9,92,,25,22,37,10,92,102014,31,30,50,9,92,102056,17,15,26,,,,,,,9,92,101838,31,29,50,9,92,101951,19,16,26,,,,,,,9,92,101889,15,13,22,,,,,,,9,92,102074,21,18,30,9,92,102061,18,16,27,9,92,102084,23,20,33,9,92,102155,20,18,29,9,91,102060,18,16,25,9,92,101907,25,22,37,10,92,101963,22,19,32,9,92,101933,26,23,38,8,92,102057,27,25,44,9,92,101970,19,16,23,9,92,101973,29,26,46,9,92,102237,21,18,31,9,92,102033,27,26,46,9,92,101999,20,17,29,9,88,102185,24,21,39,,,,,,,,,,,,,,,,,,,9,87,102036,23,20,36
2017-05-25T22:00:00,,,,,,,10,92,101989,32,29,53,,,,,,,,,101918,31,28,48,12,92,101952,20,18,29,10,87,101958,20,18,29,10,92,101966,29,26,46,,,101954,22,18,31,10,92,101969,22,20,33,10,92,101906,24,21,37,10,92,,27,24,47,10,91,102050,24,21,35,10,90,,23,21,34,10,91,,23,20,33,10,92,,24,22,38,10,92,,24,22,39,10,90,,26,23,40,10,92,,18,16,26,10,91,,23,20,35,10,92,,24,21,35,,,,,,,10,92,102058,23,20,34,9,92,101955,20,17,28,10,-2437,101852,21,19,30,10,91,102063,19,16,27,10,92,,24,22,36,10,91,,27,26,46,9,92,102195,32,29,47,9,92,,23,20,33,11,92,102029,25,23,41,10,92,102063,20,18,30,,,,,,,9,91,101859,23,20,33,10,92,101972,23,20,34,,,,,,,9,92,101907,24,22,37,,,,,,,9,92,102092,26,23,40,10,91,102075,20,18,30,10,92,102102,27,25,44,10,92,102179,27,25,44,9,89,102074,18,16,25,10,91,101923,26,23,39,10,92,101986,23,20,35,10,92,101955,26,23,39,9,92,102078,29,28,47,10,92,101992,21,18,26,9,91,101994,30,27,47,10,91,102262,25,23,40,10,92,102053,28,26,46,10,91,102018,21,18,32,10,87,102208,28,26,49,,,,,,,,,,,,,,,,,,,9,87,102056,23,21,38
2017-05-25T23:00:00,,,,,,,10,92,101984,35,32,60,,,,,,,,,101912,32,29,51,12,92,101945,24,22,37,10,87,101959,19,17,28,10,92,101967,25,22,39,,,101955,22,18,29,10,92,101964,28,26,44,10,92,101903,27,25,44,10,92,,27,25,48,10,91,102046,23,20,33,,,,,,,10,92,,24,22,37,10,92,,25,23,40,10,92,,27,25,44,10,91,,26,23,40,10,92,,21,19,32,10,92,,26,23,42,10,92,,24,20,35,,,,,,,10,92,102054,25,23,40,10,92,101956,23,21,33,10,-2455,101849,23,21,37,10,92,102046,24,22,39,10,92,,27,25,42,10,91,,29,27,48,9,92,102187,32,29,48,10,92,,25,22,37,11,92,102025,25,24,42,,,,,,,,,,,,,10,92,101857,23,21,34,10,92,101966,25,23,41,,,,,,,9,92,101902,27,25,44,,,,,,,9,92,102089,28,26,45,10,91,102076,20,18,29,10,92,102095,28,26,46,10,92,102179,28,26,45,10,91,102067,21,18,29,10,92,101920,25,23,39,10,92,101981,24,21,36,10,92,101951,27,24,40,9,92,102070,28,27,47,10,92,101989,24,20,31,10,91,101989,29,26,45,10,92,102255,26,23,41,10,92,102047,28,26,45,10,92,102013,23,20,35,10,87,102202,29,26,50,,,,,,,,,,,,,,,,,,,9,88,102056,24,22,41
2017-05-26T00:00:00,,,,,,,9,94,101976,36,35,64,,,,,,,,,101905,34,32,56,11,94,101942,24,21,37,10,90,101952,23,21,36,9,94,101959,26,24,41,,,101950,24,20,34,9,94,101959,27,25,43,10,94,101897,28,26,45,10,94,,29,27,52,10,94,102040,27,24,41,10,94,,30,28,48,9,94,,25,23,38,10,94,,27,25,44,9,94,,28,27,47,9,94,,28,26,45,9,94,,27,25,43,9,94,,28,26,47,9,94,,30,27,48,,,,,,,10,94,102047,26,25,43,9,94,101947,25,23,37,10,-2607,101845,25,23,41,10,94,102040,27,25,45,9,94,,29,28,47,10,94,,29,28,49,8,94,102182,31,28,46,9,94,,28,25,44,10,94,102018,27,26,45,,,,,,,,,,,,,9,94,101849,23,20,34,10,94,101964,28,26,45,,,,,,,9,94,101895,29,27,47,,,,,,,9,94,102083,30,28,49,10,94,102068,22,19,32,10,94,102090,29,27,47,9,94,102170,28,27,46,9,94,102063,21,18,29,9,94,101913,28,26,45,10,94,101975,26,24,42,9,94,101945,29,27,44,9,94,102066,30,29,50,9,94,101983,26,22,35,9,94,101983,31,29,49,9,94,102250,29,27,46,9,94,102042,29,27,47,9,94,102009,25,22,39,10,90,102197,31,29,53,,,,,,,,,,,,,,,,,,,9,91,102047,31,30,56
2017-05-26T01:00:00,,,,,,,9,94,101962,37,35,65,,,,,,,,,101888,33,32,54,11,94,101930,25,22,40,10,90,101938,27,25,43,9,94,101947,27,24,42,,,101935,27,24,42,9,94,101948,30,29,49,10,94,101885,29,27,47,10,94,,30,29,55,10,94,102026,30,28,47,,,,,,,9,94,,27,24,42,9,94,,27,24,43,9,94,,29,27,47,9,94,,29,26,45,9,94,,28,26,44,9,94,,28,26,48,9,94,,32,30,52,,,,,,,10,94,102037,28,26,46,9,94,101938,28,24,42,10,-2537,101835,27,25,44,10,94,102029,27,25,44,9,94,,30,29,49,10,94,,29,28,49,8,94,102168,34,32,53,9,94,,31,29,49,10,94,102005,28,27,46,,,,,,,,,,,,,9,94,101835,24,21,36,10,94,101954,29,27,47,,,,,,,9,94,101880,29,28,48,,,,,,,9,94,102070,32,31,53,10,94,102055,22,20,33,10,94,102078,30,28,49,9,94,102160,28,26,46,9,94,102053,21,18,29,9,94,101900,30,28,48,10,94,101960,28,25,45,9,94,101933,30,27,45,9,94,102052,30,29,50,9,94,101975,27,24,38,9,94,101969,31,28,48,9,94,102236,29,27,46,9,94,102029,29,27,48,9,94,101994,24,21,37,10,90,102184,30,28,52,,,,,,,,,,,,,,,,,,,9,91,102034,33,32,60
2017-05-26T02:00:00,,,,,,,9,94,101947,37,35,64,,,,,,,,,101878,33,32,54,11,94,101917,26,23,41,10,90,101927,28,26,44,9,94,101936,28,25,44,,,101927,29,27,47,9,94,101937,28,26,44,9,94,101872,30,28,48,10,94,,29,27,53,10,94,102010,31,28,48,,,,,,,9,94,,27,25,43,9,94,,27,24,43,9,94,,28,27,46,9,94,,28,26,45,10,94,,27,25,43,9,94,,28,25,45,9,94,,32,30,52,,,,,,,10,94,102025,28,26,45,9,94,101923,28,25,44,10,-2602,101821,28,26,46,10,94,102016,27,26,45,9,94,,30,28,48,10,94,,29,28,49,8,94,102155,37,36,60,10,94,,31,29,50,10,94,101993,27,25,44,,,,,,,,,,,,,9,94,101825,26,23,40,10,94,101941,28,26,45,,,,,,,9,94,101866,29,27,46,,,,,,,9,94,102058,32,30,52,10,94,102041,24,22,38,10,94,102067,30,27,48,9,94,102143,28,26,45,9,94,102040,22,19,32,9,94,101885,30,28,48,10,94,101948,28,25,45,9,94,101918,29,27,44,9,94,102040,31,30,51,9,94,101957,27,23,36,9,94,101954,31,28,48,9,94,102225,29,27,47,9,94,102015,28,26,47,9,94,101984,24,22,37,10,90,102174,30,28,52,,,,,,,,,,,,,,,,,,,9,91,102021,32,32,59
2017-05-26T03:00:00,,,,,,,9,97,101951,37,35,64,,,,,,,,,101880,33,31,53,11,97,101920,27,24,42,10,93,101930,28,27,46,9,97,101937,29,26,46,,,101930,30,29,50,9,97,101940,29,27,46,9,97,101876,30,28,48,10,97,,29,27,52,10,97,102011,31,29,50,,,,28,25,45,9,97,,30,28,48,9,97,,24,21,36,9,97,,29,27,47,9,96,,27,24,41,10,97,,26,23,39,9,97,,26,24,43,9,97,,32,30,52,,,,,,,10,97,102030,29,26,45,9,97,101928,30,27,48,10,-2691,101825,28,26,45,10,97,102021,28,26,45,9,97,,30,28,48,10,97,,29,28,49,8,97,102157,36,35,57,10,97,,31,29,50,10,97,101996,26,25,43,,,,,,,,,,,,,9,97,101828,25,23,38,10,97,101943,29,27,46,,,,,,,9,97,101870,29,27,47,,,,,,,9,97,102062,31,30,52,10,97,102045,25,24,41,10,97,102070,29,27,47,9,97,102146,28,26,46,9,97,102043,27,24,42,9,97,101889,32,31,53,10,97,101951,29,27,47,9,97,101921,29,26,43,9,97,102041,31,30,51,9,97,101959,27,23,37,9,97,101955,30,27,47,9,97,102227,29,27,46,9,97,102017,28,26,47,9,97,101982,25,22,38,10,93,102177,30,28,51,,,,,,,,,,,,,,,,,,,9,94,102026,31,30,56
2017-05-26T04:00:00,,,,,,,10,97,101955,36,34,62,,,,,,,,,101886,32,30,51,12,97,101922,26,24,41,10,93,101936,29,28,47,10,97,101943,30,28,49,,,101936,31,30,52,10,97,101945,28,26,45,10,97,101882,29,26,45,10,97,,29,27,52,10,97,102018,29,27,45,,,,,,,10,97,,30,29,50,10,97,,24,22,38,10,97,,29,26,46,10,96,,30,28,46,10,97,,25,23,39,10,97,,26,23,43,10,97,,32,31,53,,,,,,,10,97,102032,28,26,45,10,97,101934,30,27,47,10,-2706,101833,30,29,50,10,97,102026,28,26,46,10,97,,30,29,48,10,96,,28,27,47,9,97,102160,36,33,55,10,97,,31,29,50,11,97,102002,26,25,43,,,,,,,,,,,,,10,97,101832,26,23,39,10,97,101948,29,26,46,,,,,,,10,97,101877,27,24,42,,,,,,,10,97,102061,33,31,54,10,97,102055,25,23,41,10,97,102073,28,26,45,10,97,102151,27,25,45,10,97,102045,26,24,41,10,97,101896,32,31,53,10,97,101957,29,28,48,10,97,101921,28,26,42,9,97,102046,29,28,48,10,97,101967,27,23,37,10,97,101960,31,29,49,10,97,102234,28,26,45,10,97,102024,27,25,43,10,97,101991,23,20,35,10,92,102182,30,27,50,,,,,,,,,,,,,,,,,,,9,93,102027,31,31,58
2017-05-26T05:00:00,,,,,,,11,92,101952,36,34,62,,,,,,,,,101884,33,30,52,12,92,101918,27,25,42,11,87,101934,28,27,46,11,92,101937,29,27,47,,,101933,30,29,50,11,92,101944,28,26,44,11,92,101879,28,25,44,11,91,,29,26,51,11,92,102011,29,27,46,11,91,,28,25,45,11,92,,30,29,49,11,92,,25,22,40,11,92,,28,26,45,11,90,,30,27,46,11,92,,27,25,43,11,92,,26,24,43,11,92,,33,31,54,,,,,,,11,92,102029,28,26,44,11,92,101930,30,28,49,11,-2709,101828,29,27,47,11,92,102020,29,27,47,11,92,,29,28,47,11,90,,28,26,47,10,92,102160,31,28,47,11,92,,31,30,51,12,91,102002,26,24,42,,,,,,,,,,,,,11,92,101827,28,26,45,11,92,101945,30,27,47,,,,,,,11,92,101879,28,25,43,,,,,,,10,92,102052,33,32,55,11,91,102051,24,21,37,11,92,102065,29,26,46,11,92,102148,28,26,45,11,91,102037,27,25,42,11,92,101892,32,31,53,11,92,101955,30,28,49,11,92,101913,28,25,41,10,92,102044,27,25,44,11,92,101964,26,22,35,11,91,101959,29,26,44,11,90,102231,28,26,44,11,92,102021,24,22,37,11,91,101989,22,19,32,11,86,102176,30,27,50,,,,,,,,,,,,,,,,,,,10,88,102019,32,31,58
2017-05-26T06:00:00,,,,,,,12,91,101959,36,34,62,,,,,,,,,101891,33,30,52,13,92,101917,26,23,41,12,85,101945,27,25,44,12,92,101945,28,26,45,,,101943,29,28,48,12,92,101956,27,25,43,12,92,101888,29,26,46,12,92,,29,27,52,12,92,102006,30,28,48,,,,,,,12,91,,29,28,47,12,92,,27,24,43,12,92,,29,27,47,11,89,,30,28,48,12,92,,28,26,45,12,92,,28,26,49,12,92,,31,30,51,,,,,,,13,92,102031,27,24,43,12,91,101940,29,26,45,14,-3984,101843,25,23,41,12,91,102018,27,26,45,12,92,,28,26,44,12,90,,30,28,50,11,92,102166,32,29,49,13,92,,27,25,43,13,92,102015,26,25,43,,,,,,,,,,,,,12,92,101834,28,26,45,13,92,101954,28,26,45,,,,,,,12,92,101891,28,26,46,,,,,,,12,92,102051,31,29,51,12,89,102052,24,22,40,13,92,102064,28,26,46,13,92,102165,27,25,45,12,90,102043,25,22,39,12,90,101900,30,29,50,12,91,101964,29,26,46,13,92,101914,29,26,42,12,92,102043,28,26,45,12,92,101976,28,25,39,12,91,101968,29,26,45,12,89,102241,28,26,44,12,92,102027,25,23,41,11,90,101994,26,23,41,12,86,102175,30,27,51,,,,,,,,,,,,,,,,,,,12,87,102027,31,30,57
2017-05-26T07:00:00,,,,,,,14,76,101972,28,24,45,,,,,,,,,101906,27,24,41,15,77,101921,21,19,33,15,70,101947,21,19,31,16,80,101969,23,21,36,,,101950,24,21,37,15,80,101973,22,20,33,14,75,101897,23,20,36,15,79,,25,22,42,15,78,102006,23,21,35,,,,,,,14,77,,24,22,36,14,77,,23,20,36,14,77,,25,23,40,14,75,,26,24,40,17,80,,15,13,21,14,77,,25,23,43,14,77,,23,20,34,,,,,,,16,80,102040,22,19,33,14,76,101952,24,22,37,18,-5320,101867,18,16,28,14,75,102027,22,19,34,14,80,,23,20,33,15,76,,25,23,40,14,80,102184,29,26,43,15,78,,20,17,28,16,80,102031,21,19,32,14,80,102032,21,19,32,,,,,,,14,75,101836,18,16,27,16,76,101973,22,19,33,,,,,,,15,78,101910,24,22,38,,,,,,,15,74,102053,24,22,38,14,74,102067,17,16,26,15,77,102070,25,22,39,17,80,102184,21,18,32,14,74,102054,22,19,32,14,75,101909,26,24,41,14,76,101975,22,19,32,15,74,101916,26,22,36,14,77,102051,24,22,39,14,77,101983,26,22,35,14,76,101985,27,24,41,14,74,102256,24,21,36,14,77,102045,23,21,36,14,76,102002,24,22,39,15,72,102175,26,23,43,,,,,,,,,,,,,,,,,,,15,73,102027,23,20,36
2017-05-26T08:00:00,,,,,,,16,63,101954,21,17,29,,,,,,,,,101895,18,14,22,16,65,101910,13,11,18,16,57,101929,13,11,18,18,67,101951,9,7,12,,,101930,17,14,22,16,65,101947,13,11,18,15,62,101876,15,13,21,16,66,,18,16,28,16,65,101997,12,9,15,,,,,,,16,64,,11,9,14,16,65,,17,15,24,16,65,,18,16,26,15,63,,21,19,30,17,67,,10,8,13,16,64,,15,13,24,16,64,,15,13,21,,,,,,,17,69,102020,14,12,20,15,61,101933,14,11,18,19,-5107,101846,10,9,13,15,62,102014,12,10,16,15,65,,14,11,18,16,64,,20,18,31,15,67,102163,23,19,30,17,63,,13,10,16,17,64,101998,15,14,22,15,64,102021,10,8,14,,,,,,,15,61,101825,9,8,12,17,62,101948,12,10,16,,,,,,,17,64,101894,15,12,20,,,,,,,16,58,102040,13,11,18,16,60,102044,7,6,10,17,64,102048,17,14,23,18,70,102167,13,11,17,15,60,102039,10,8,12,15,60,101891,12,10,17,15,62,101952,11,9,15,17,59,101892,18,14,21,16,64,102023,20,17,29,16,63,101961,18,14,21,16,62,101962,21,18,29,,,102233,13,10,17,16,64,102023,17,15,25,15,64,101985,17,15,25,16,59,102148,19,15,25,,,,,,,,,,,,,,,,,,,16,60,102018,17,14,24
2017-05-26T09:00:00,,,,,,,17,59,101956,17,12,21,,,,,,,,,101897,14,11,18,17,61,101902,9,7,12,17,52,101919,12,10,17,17,59,101942,10,8,13,,,101922,14,12,19,16,59,101937,12,10,16,17,58,101869,14,12,19,17,60,,14,12,21,18,64,101973,12,10,15,,,,,,,17,61,,12,9,15,16,60,,14,11,19,16,59,,16,13,21,16,59,,15,12,20,17,62,,15,12,18,17,60,,11,9,17,16,59,,13,10,17,,,,,,,18,64,102012,12,9,16,16,56,101924,13,11,18,20,-4727,101840,10,8,12,16,57,102008,12,9,15,16,58,,12,10,16,17,59,,15,12,19,16,58,102158,15,12,19,19,58,,11,9,13,17,58,101988,13,12,19,16,59,102010,10,9,14,,,,,,,16,57,101817,11,9,15,17,57,101938,11,9,15,,,,,,,17,58,101885,13,11,17,20,57,101886,10,8,13,16,53,102031,12,10,17,17,56,102032,8,7,11,17,59,102045,13,10,17,17,67,102159,11,9,13,16,56,102028,10,8,12,16,56,101889,13,11,18,16,58,101944,12,9,15,18,52,101883,11,8,13,17,59,102012,15,12,19,17,57,101958,13,9,13,16,57,101954,16,13,20,,,102225,12,9,15,16,58,102015,11,9,15,16,59,101977,12,10,18,16,54,102151,17,13,22,,,,,,,,,,,,,,,,,,,17,55,102007,14,11,18
2017-05-26T10:00:00,,,,,,,16,59,101938,14,10,17,,,,,,,,,101877,12,9,14,16,61,101874,10,8,12,16,52,101904,11,9,15,17,59,101916,10,8,13,,,101906,13,10,17,16,60,101917,11,9,14,17,59,101854,12,10,16,16,60,,13,10,19,18,64,101948,10,8,12,,,,,,,17,61,,10,8,12,16,60,,11,9,14,16,61,,14,12,18,16,59,,14,12,19,17,63,,10,8,13,16,61,,9,7,13,16,60,,12,10,16,,,,,,,18,64,101991,10,8,13,16,56,101910,12,10,15,18,-3531,101811,9,7,11,16,57,101984,9,7,12,16,58,,11,9,14,17,60,,13,11,17,16,57,102142,14,11,17,18,57,,9,7,10,16,58,101965,12,11,17,16,59,101996,9,7,12,,,,,,,16,58,101801,9,7,12,17,57,101909,10,8,13,,,,,,,16,59,101866,12,9,15,19,57,101869,9,7,12,16,53,102006,11,9,15,17,57,102012,6,6,10,17,59,102025,11,9,14,17,67,102137,11,9,14,16,56,102007,8,6,10,16,56,101868,11,8,14,16,58,101923,9,7,11,18,51,101875,10,7,11,17,58,101990,13,10,16,17,59,101946,12,9,12,16,57,101932,14,11,18,,,102200,11,8,13,16,58,101997,9,8,13,15,59,101956,10,9,15,16,54,102126,16,11,19,,,,,,,,,,,,,,,,,,,16,56,101988,14,10,17
2017-05-26T11:00:00,,,,,,,18,56,101926,15,11,18,,,,,,,,,101859,13,10,15,17,56,101856,10,8,14,17,48,101884,12,10,16,17,54,101903,9,7,11,,,101887,13,11,18,17,55,101900,13,11,18,19,55,101851,13,11,17,17,55,,12,10,17,19,61,101923,12,9,14,,,,,,,17,56,,11,9,14,17,57,,11,9,15,18,58,,15,12,20,17,55,,12,10,16,17,56,,16,13,21,18,57,,9,8,14,17,57,,13,11,17,,,,,,,19,59,101971,11,9,15,17,52,101891,13,10,16,18,-2699,101785,8,7,11,17,52,101965,9,8,12,17,53,,11,9,13,18,56,,13,11,17,17,51,102125,13,10,16,20,51,,8,6,10,17,53,101949,12,10,17,17,54,101976,10,9,14,,,,,,,17,53,101783,11,9,15,18,52,101891,8,7,11,,,,,,,17,54,101849,13,11,17,18,53,101845,11,9,15,17,49,101984,11,9,15,18,51,101990,7,6,9,18,55,102001,12,10,16,17,64,102113,11,9,14,17,52,101987,9,7,11,17,51,101854,12,9,15,17,55,101912,9,7,11,18,46,101852,10,7,11,19,52,101969,13,11,16,19,53,101930,11,8,11,17,52,101913,13,11,17,,,102182,9,6,11,17,53,101977,9,7,12,16,55,101936,10,8,14,17,50,102104,16,12,20,,,,,,,,,,,,,,,,,,,18,51,101969,15,11,19
2017-05-26T12:00:00,,,,,,,19,60,101904,14,10,17,,,,,,,,,101822,14,10,17,18,60,101820,10,8,12,18,52,101852,13,11,17,17,57,101863,10,7,12,,,101856,13,11,17,17,58,101869,12,10,15,20,57,101829,13,10,16,17,59,,13,11,19,20,65,101885,12,10,15,,,,,,,18,61,,12,10,16,18,62,,11,8,15,19,64,,14,12,18,17,58,,13,10,17,18,60,,12,10,16,19,62,,9,7,13,18,60,,14,11,18,,,,,,,19,63,101938,12,9,15,17,55,101861,12,9,15,18,-2501,101748,10,8,13,17,56,101925,10,9,14,18,56,,11,9,15,19,60,,15,12,20,18,54,102094,13,10,15,22,49,,9,7,10,18,57,101915,14,12,20,17,58,101935,11,9,15,,,,,,,17,57,101744,11,9,15,18,56,101856,11,9,14,,,,,,,17,57,101820,12,10,15,18,57,101808,10,8,14,17,52,101952,13,10,17,19,55,101953,7,6,10,19,58,101970,12,9,15,18,67,102083,12,9,15,17,56,101948,9,7,11,17,55,101820,13,11,17,18,58,101879,11,9,14,19,52,101843,11,8,12,20,54,101935,13,10,16,20,56,101906,10,7,10,17,55,101884,13,10,16,,,102159,10,7,12,17,57,101948,9,7,12,17,58,101903,10,8,14,17,53,102071,17,12,20,,,,,,,,,,,,,,,,,,,18,55,101933,14,10,17
2017-05-26T13:00:00,,,,,,,18,56,101878,15,11,18,,,,,,,,,101795,14,10,16,18,57,101793,9,7,11,18,49,101826,13,10,16,18,56,101843,10,8,12,,,101827,14,11,18,17,56,101843,11,9,14,19,54,101792,13,10,16,18,57,,13,11,19,18,58,101883,13,10,16,,,,12,9,15,18,57,,12,9,15,18,58,,11,9,15,18,59,,14,12,19,17,55,,14,12,19,18,58,,12,9,15,19,59,,8,7,12,18,58,,13,11,17,,,,,,,19,59,101912,11,9,14,17,52,101833,12,9,14,18,-2554,101723,10,8,13,17,53,101896,10,8,13,18,53,,12,10,15,18,56,,14,12,19,18,51,102071,14,10,16,19,53,,9,7,10,18,55,101890,16,14,24,17,56,101908,10,9,14,,,,,,,17,55,101718,11,9,14,18,53,101833,11,9,14,,,,,,,17,55,101796,12,10,15,18,54,101781,10,8,13,17,50,101925,13,11,17,18,52,101935,8,7,10,18,55,101948,12,9,15,18,65,102052,12,9,14,17,53,101926,9,7,10,17,52,101795,14,11,18,18,55,101854,10,8,13,18,50,101806,12,8,12,19,53,101911,14,11,17,19,53,101881,12,8,11,17,53,101857,14,11,17,,,102136,12,8,13,17,54,101922,10,8,13,17,56,101876,11,9,14,17,51,102049,17,12,21,,,,,,,,,,,,,,,,,,,17,52,101911,14,11,18
2017-05-26T14:00:00,,,,,,,18,54,101856,14,10,17,,,,,,,,,101779,12,9,15,18,56,101777,7,6,9,18,47,101808,10,8,12,18,54,101819,8,6,9,,,101806,12,9,15,17,55,101827,10,8,12,18,53,101762,11,9,14,18,55,,11,9,16,18,55,101880,11,9,14,,,,,,,17,54,,9,7,11,17,55,,11,8,14,18,55,,14,11,18,17,54,,14,11,17,18,56,,9,7,12,18,56,,7,6,11,18,56,,13,10,16,,,,,,,18,56,101896,10,8,13,17,51,101813,10,8,12,18,-2469,101704,9,7,11,17,52,101882,7,6,10,17,52,,9,7,11,18,54,,13,11,17,17,50,102052,13,9,14,18,53,,9,6,10,18,53,101873,15,13,22,17,53,101898,9,7,12,,,,,,,17,53,101702,7,6,9,18,51,101815,9,7,11,,,,,,,17,53,101776,11,9,14,18,53,101763,8,7,11,17,48,101910,10,8,13,18,51,101915,5,5,8,18,53,101934,11,9,15,17,63,102031,11,8,14,17,51,101910,8,6,10,17,51,101777,11,9,14,17,53,101833,9,7,11,18,50,101783,10,7,11,18,53,101898,13,11,16,18,53,101853,12,8,12,17,52,101839,13,10,16,,,102110,9,7,11,17,53,101906,8,7,12,17,54,101860,9,8,13,17,49,102033,15,11,18,,,,,,,,,,,,,,,,,,,17,50,101895,11,8,13
2017-05-26T15:00:00,,,,,,,19,53,101819,9,7,11,,,,,,,,,101743,7,6,9,18,54,101744,7,6,10,18,45,101770,7,6,9,18,52,101775,7,6,9,,,101770,9,7,11,18,53,101790,7,6,9,18,51,101722,8,6,10,18,54,,8,6,11,18,53,101838,10,7,11,,,,8,6,9,18,53,,7,6,9,18,55,,6,6,10,19,55,,11,9,14,17,52,,10,8,12,18,54,,7,6,9,19,55,,4,4,7,19,56,,9,7,11,,,,,,,19,55,101857,6,5,9,18,49,101776,6,5,8,18,-2387,101671,11,9,14,18,51,101838,6,6,9,19,51,,7,5,9,18,53,,10,7,12,18,49,102017,12,9,14,18,52,,9,7,10,18,52,101834,8,7,12,,,,,,,,,,,,,18,51,101663,7,6,9,18,50,101780,7,6,9,,,,,,,18,51,101741,7,6,10,19,51,101724,5,4,7,18,47,101873,9,8,12,19,49,101880,5,5,7,18,52,101905,9,7,11,18,62,101996,9,7,11,19,51,101864,7,5,9,18,49,101741,9,7,11,18,52,101798,9,7,11,18,49,101756,10,7,11,18,52,101860,10,8,12,19,51,101816,11,8,11,18,51,101804,14,10,17,,,102076,6,4,7,18,52,101870,16,16,25,18,54,101825,9,7,12,18,48,101996,10,7,12,,,,,,,,,,,,,,,,,,,18,49,101852,9,6,10
2017-05-26T16:00:00,,,,,,,19,55,101804,10,7,12,,,,,,,,,101725,9,6,10,18,55,101733,7,6,9,18,47,101753,8,7,10,18,53,101759,9,7,11,,,101753,11,8,13,18,54,101771,13,11,17,18,52,101700,9,7,11,18,55,,9,7,12,18,54,101827,11,8,13,,,,,,,18,54,,9,7,11,19,59,,7,5,9,20,60,,11,9,14,18,55,,9,7,11,18,56,,9,7,11,20,60,,4,4,7,18,56,,10,7,12,,,,,,,18,56,101839,8,7,11,19,49,101767,6,5,7,18,-2182,101654,11,9,14,19,52,101806,7,6,9,20,52,,8,6,9,18,54,,11,9,14,17,50,101996,8,6,10,18,53,,10,7,11,18,53,101814,9,8,12,18,53,101836,8,6,11,,,,,,,18,53,101644,9,7,11,18,52,101763,9,7,11,,,,,,,18,52,101723,8,6,10,18,52,101703,5,5,8,17,48,101856,11,9,15,19,51,101862,7,6,10,,,,,,,18,64,101975,7,6,9,21,50,101846,8,6,9,18,51,101725,11,8,13,18,53,101783,10,8,13,18,50,101728,7,5,7,18,53,101842,9,7,10,18,52,101795,7,5,7,18,51,101785,9,7,10,,,102067,5,3,7,18,53,101847,9,9,15,18,56,101808,6,5,9,18,49,101978,11,8,14,,,,,,,,,,,,,,,,,,,18,50,101837,10,7,12
2017-05-26T17:00:00,,,,,,,19,55,101824,13,9,16,,,,,,,,,101743,12,9,14,18,55,101758,9,7,11,18,47,101772,10,8,13,18,54,101783,13,10,15,,,101771,12,9,14,18,55,101792,12,10,16,18,52,101717,10,8,13,18,55,,11,8,15,18,54,101845,15,12,20,,,,,,,18,54,,11,9,14,19,58,,9,8,13,19,58,,14,12,18,18,55,,11,8,13,18,55,,10,8,12,21,62,,6,5,9,18,56,,12,9,15,,,,,,,18,55,101859,11,8,14,18,52,101785,7,6,9,18,-2108,101672,15,13,21,18,53,101846,8,7,11,19,51,,11,9,14,18,54,,13,10,17,17,50,102015,10,7,11,18,54,,13,10,16,18,53,101832,11,9,15,18,54,101853,9,7,12,,,,,,,18,53,101664,10,8,13,18,52,101785,15,13,21,,,,,,,18,52,101744,9,7,11,18,52,101721,9,7,12,17,48,101878,13,11,18,18,52,101890,8,7,10,,,,,,,18,64,101995,10,8,12,19,52,101884,10,8,12,17,51,101743,12,10,16,18,53,101802,11,9,14,18,52,101749,8,6,9,18,53,101859,10,8,12,18,53,101808,11,8,12,18,52,101805,10,8,13,,,102093,10,7,12,18,53,101868,12,12,19,18,55,101829,6,5,10,18,49,101996,14,11,18,,,,,,,,,,,,,,,,,,,18,50,101856,13,10,16
2017-05-26T18:00:00,,,,,,,17,60,101842,14,10,18,,,,,,,,,101763,13,9,15,17,61,101771,10,8,12,16,54,101792,12,10,16,16,62,101834,16,13,22,,,101794,13,10,16,16,63,101812,15,14,23,16,59,101739,14,11,18,16,61,,14,12,21,16,60,101871,18,15,24,,,,,,,16,61,,12,10,16,17,62,,12,10,16,17,61,,15,13,20,16,60,,14,12,19,16,62,,14,11,17,17,63,,13,11,19,16,61,,14,11,19,,,,,,,17,62,101883,12,9,15,16,61,101799,10,7,12,17,-2227,101684,18,16,26,16,61,101876,10,8,14,16,60,,12,10,15,17,60,,15,13,21,16,57,102035,17,14,22,16,61,,15,12,19,17,59,101857,14,12,20,16,62,101878,10,9,15,,,,,,,16,61,101695,12,10,17,17,59,101800,13,11,18,,,,,,,16,58,101760,9,7,12,17,60,101743,11,9,15,16,57,101910,14,12,19,16,59,101912,12,9,15,,,,,,,16,67,102011,11,9,14,16,59,101903,15,12,18,16,58,101764,16,13,21,16,59,101816,14,11,19,16,60,101767,10,7,11,16,59,101885,14,12,18,16,61,101818,12,9,12,16,59,101824,15,12,19,,,102112,12,8,14,16,58,101889,15,13,21,16,60,101847,14,11,20,16,55,102024,17,13,22,,,,,,,,,,,,,,,,,,,16,57,101880,15,11,18
2017-05-26T19:00:00,,,,,,,16,68,101923,15,11,20,,,,,,,,,101845,14,11,18,16,66,101876,16,14,22,16,65,101873,16,14,22,15,70,101890,12,10,17,,,101871,17,14,23,15,72,101884,15,13,20,16,70,101817,16,13,22,15,66,,15,12,22,16,66,101960,21,18,29,,,,,,,15,67,,16,14,22,16,68,,12,10,17,16,68,,16,13,21,15,67,,16,14,22,15,66,,7,6,10,16,68,,10,8,15,16,68,,17,14,23,,,,,,,16,69,101957,12,10,16,15,72,101873,12,9,15,15,-1841,101777,17,16,26,15,68,101982,13,11,18,,,,,,,16,66,,13,10,17,15,70,102116,16,13,20,15,72,,10,8,14,16,66,101938,14,12,19,15,72,101979,15,13,21,,,,,,,15,70,101786,15,12,21,16,66,101890,10,8,14,,,,,,,15,67,101828,13,11,17,16,72,101821,13,11,19,15,69,102024,16,14,23,15,67,102017,8,7,12,,,,,,,15,72,102083,10,8,13,15,66,101995,10,8,13,15,67,101848,18,15,24,15,67,101906,11,9,14,15,68,101868,13,10,14,15,70,101967,16,13,21,16,67,101903,17,13,19,15,66,101897,14,11,17,,,102186,10,8,13,15,67,101967,13,11,18,15,66,101933,11,9,16,16,63,102115,18,14,23,,,,,,,,,,,,,,,,,,,15,63,101969,14,11,18
2017-05-26T20:00:00,,,,,,,13,92,101925,18,13,22,,,,,,,,,101853,19,15,24,14,90,101882,15,12,20,13,90,101886,12,9,15,13,92,101894,13,11,17,,,101888,18,15,24,13,92,101901,18,15,24,13,92,101833,15,13,21,13,91,,15,12,22,13,91,101982,18,15,24,13,91,,16,13,22,13,91,,16,14,22,13,92,,18,16,26,13,92,,18,15,23,12,90,,16,13,21,13,91,,9,7,12,13,92,,12,10,17,13,91,,15,12,20,,,,,,,13,92,101983,14,12,19,13,92,101885,10,8,12,13,-2178,101778,14,13,21,13,92,101990,9,8,13,13,92,,14,11,18,13,90,,14,11,18,12,92,102129,17,13,21,13,92,,12,10,17,14,90,101954,27,26,40,13,92,101996,10,9,15,,,,,,,13,92,101798,12,10,16,13,92,101896,14,12,19,,,,,,,13,92,101846,12,10,16,13,92,101836,14,12,20,12,92,102032,18,16,26,13,92,102012,15,12,20,,,,,,,13,92,102101,8,7,11,13,90,102003,6,5,7,13,92,101857,21,17,29,13,92,101908,9,7,12,13,92,101889,20,18,27,12,92,101992,15,13,21,13,92,101920,16,12,18,13,92,101912,16,13,21,,,102191,13,10,16,13,92,101982,12,10,16,13,91,101944,11,9,15,13,87,102131,16,12,20,,,,,,,,,,,,,,,,,,,13,88,101984,18,16,27
2017-05-26T21:00:00,,,,,,,13,92,101961,24,19,33,,,,,,,,,101886,22,17,28,14,91,101914,17,14,23,13,89,101929,27,25,41,12,92,101931,20,17,27,,,101928,22,20,33,12,92,101940,19,17,28,13,92,101873,15,12,20,13,91,,22,19,34,13,91,102019,20,17,26,,,,,,,12,92,,22,19,32,13,92,,16,13,23,12,92,,20,17,26,12,90,,30,28,45,13,91,,11,9,15,13,92,,14,12,20,12,91,,17,14,23,,,,,,,13,92,102024,15,12,20,12,92,101921,9,7,11,13,-2130,101812,20,18,29,12,92,102030,12,10,16,12,92,,19,16,25,13,91,,21,17,29,12,92,102166,29,25,41,12,92,,14,12,19,13,91,101996,23,21,35,13,92,102036,12,10,17,,,,,,,12,92,101837,13,10,17,13,92,101934,18,15,25,,,,,,,12,92,101882,13,10,17,13,92,101877,11,9,15,12,92,102061,21,18,30,12,91,102053,14,12,19,,,,,,,12,92,102141,10,8,13,12,89,102041,7,6,10,12,92,101894,23,20,34,13,92,101941,17,14,24,13,92,101915,14,9,14,12,92,102035,21,19,31,13,92,101960,17,12,17,12,92,101955,20,17,27,12,92,102223,17,13,20,12,92,102017,16,14,24,12,90,101980,8,7,12,13,88,102169,20,16,27,,,,,,,,,,,,,,,,,,,12,87,102030,16,13,22
2017-05-26T22:00:00,,,,,,,11,97,101985,25,20,35,,,,,,,,,101909,25,21,34,13,97,101941,20,17,27,12,97,101949,16,14,22,11,97,101955,21,18,29,,,101949,17,14,23,11,97,101960,18,15,24,11,97,101897,15,13,21,11,97,,23,20,37,11,97,102048,21,18,29,,,,,,,11,97,,20,17,28,11,97,,17,14,23,11,97,,28,25,40,11,97,,22,19,30,11,97,,12,10,17,11,97,,15,12,21,11,97,,25,22,37,,,,,,,12,97,102051,15,13,21,11,97,101940,12,9,15,11,-2374,101838,22,20,32,11,97,102056,16,14,23,11,97,,18,15,24,12,97,,22,18,30,11,97,102191,29,25,41,11,97,,18,15,23,12,97,102023,33,31,50,11,97,102052,15,13,22,,,,,,,11,97,101860,13,11,18,12,97,101962,19,17,27,,,,,,,11,97,101901,12,10,17,11,97,101900,13,11,18,11,97,102086,21,18,30,11,97,102072,15,14,22,,,,,,,11,97,102163,16,13,21,11,96,102067,12,10,16,11,97,101918,23,20,35,11,97,101968,18,15,24,11,97,101943,19,16,23,11,97,102065,24,21,37,11,97,101982,17,13,19,11,97,101982,23,19,31,11,97,102248,21,18,30,11,97,102039,19,16,27,11,97,102005,15,13,23,12,94,102190,24,20,35,,,,,,,,,,,,,,,,,,,11,94,102045,31,28,51
2017-05-26T23:00:00,,,,,,,12,94,101991,27,22,39,,,,,,,,,101917,26,22,37,13,94,101948,20,17,28,12,94,101957,18,15,24,12,94,101967,20,16,26,,,101961,19,16,25,11,94,101969,16,13,21,12,94,101907,16,13,21,12,94,,23,20,37,12,94,102056,21,18,29,,,,,,,12,94,,17,15,23,12,94,,19,16,27,12,94,,25,23,39,11,94,,22,19,31,12,94,,13,11,19,12,94,,19,16,28,12,94,,24,21,36,,,,,,,12,94,102063,15,13,21,11,94,101952,14,11,18,12,-2441,101851,23,21,36,12,94,102054,20,18,29,11,94,,20,17,26,12,94,,23,20,34,11,94,102201,27,24,39,11,94,,19,16,25,13,94,102034,23,21,35,,,,,,,,,,,,,11,94,101870,16,13,21,12,94,101971,17,15,24,,,,,,,11,94,101913,13,10,17,12,94,101909,13,11,18,11,94,102095,20,17,29,12,94,102083,16,14,23,,,,,,,11,94,102176,19,17,27,11,94,102078,15,13,20,11,94,101928,20,16,27,12,94,101979,17,14,23,12,94,101948,21,18,27,11,94,102077,26,23,40,12,94,102000,21,17,25,11,94,101996,24,21,35,12,94,102260,21,18,31,12,94,102048,21,18,30,12,94,102017,18,15,25,12,90,102202,25,21,39,,,,,,,,,,,,,,,,,,,11,91,102060,21,19,32
2017-05-27T00:00:00,,,,,,,11,94,102019,28,24,43,,,,,,,,,101944,26,23,38,12,94,101976,19,17,28,11,93,101983,19,16,26,11,94,101993,21,17,28,,,101985,21,17,28,10,94,101991,15,12,20,11,94,101933,19,16,27,11,94,,22,20,36,11,94,102096,17,14,22,11,94,,23,20,34,11,94,,19,16,25,11,94,,20,17,29,11,94,,22,20,33,11,94,,24,21,34,11,94,,10,8,14,11,94,,19,16,27,11,94,,22,18,30,,,,,,,11,94,102089,19,16,26,10,94,101975,13,10,16,11,-2347,101878,17,15,23,11,94,102097,14,12,20,11,94,,22,19,30,11,94,,23,20,36,10,94,102224,27,24,39,10,94,,14,11,19,12,94,102058,21,20,34,,,,,,,,,,,,,10,94,101892,14,12,19,11,94,101999,20,17,27,,,,,,,11,94,101934,14,12,20,11,94,101933,14,13,21,10,94,102122,21,18,29,11,94,102117,14,12,20,,,,,,,10,94,102193,19,16,26,10,93,102108,13,11,17,11,94,101955,21,17,29,11,94,102002,13,10,17,11,94,101977,21,18,27,10,94,102100,24,22,38,11,94,102020,22,18,26,10,94,102016,25,21,35,11,94,102288,22,19,31,11,94,102073,20,17,29,11,94,102039,20,17,29,11,91,102232,25,21,38,,,,,,,,,,,,,,,,,,,10,91,102084,23,20,35
2017-05-27T01:00:00,,,,,,,10,97,102044,28,24,42,,,,,,,,,101971,26,22,36,12,97,102020,16,14,22,11,96,102010,19,16,26,10,97,102019,16,13,21,,,102014,19,15,25,10,97,102021,13,10,17,10,97,101962,20,16,27,11,97,,22,20,36,10,96,102128,13,11,17,,,,,,,10,97,,15,12,20,11,97,,23,20,35,10,97,,21,18,30,10,97,,24,20,33,10,97,,10,8,14,10,96,,19,16,27,10,97,,16,13,22,,,,,,,11,97,102117,19,17,27,10,97,102005,12,9,15,10,-2244,101906,14,12,20,10,97,102128,15,13,21,10,97,,16,13,21,11,97,,22,19,32,9,97,102252,29,25,41,10,97,,13,11,17,11,97,102081,18,16,27,,,,,,,,,,,,,10,97,101922,14,11,18,10,97,102031,20,16,27,,,,,,,10,97,101965,11,9,14,10,97,101958,13,11,19,10,97,102150,20,17,29,10,97,102141,10,8,14,,,,,,,10,97,102220,12,9,15,10,95,102143,15,12,18,10,97,101980,17,15,24,10,97,102029,11,9,15,10,97,102023,19,15,22,10,97,102133,26,24,41,10,97,102055,21,17,25,10,97,102045,26,22,37,10,97,102319,21,18,29,10,97,102103,21,18,31,10,97,102073,18,16,27,11,94,102263,24,20,36,,,,,,,,,,,,,,,,,,,10,93,102112,22,19,32
2017-05-27T02:00:00,,,,,,,10,94,102093,28,23,41,,,,,,,,,102027,26,22,37,11,94,102067,19,16,26,9,94,102057,16,13,21,9,94,102074,17,14,23,,,102068,15,13,21,9,94,102073,13,11,17,9,94,102017,21,18,29,10,94,,22,18,33,9,94,102186,16,13,20,,,,,,,9,94,,14,12,19,10,94,,24,21,36,9,94,,23,20,34,9,94,,24,21,34,9,94,,12,10,16,9,94,,17,15,25,9,94,,18,15,25,,,,,,,10,94,102175,18,15,25,9,94,102060,13,11,17,9,-2343,101956,17,15,24,9,94,102182,16,14,22,9,94,,19,16,25,10,94,,22,19,34,8,94,102299,28,25,40,9,94,,15,12,19,10,94,102131,18,16,26,9,94,102200,12,10,17,,,,,,,9,94,101972,13,11,18,9,94,102081,17,14,23,,,,,,,9,94,102020,13,11,18,9,94,102014,13,11,18,9,94,102210,18,16,27,9,94,102199,12,10,17,,,,,,,9,94,102265,12,10,16,9,93,102190,13,10,17,9,94,102032,16,13,22,9,94,102081,14,12,20,9,94,102058,18,13,20,9,94,102185,28,26,45,9,94,102106,21,17,25,9,94,102092,27,23,40,9,94,102368,21,17,28,9,94,102153,23,20,33,9,93,102123,16,13,23,10,92,102317,24,20,36,,,,,,,,,,,,,,,,,,,9,91,102170,21,18,30
2017-05-27T03:00:00,,,,,,,9,97,102145,30,25,45,,,,,,,,,102078,27,24,40,10,97,102130,14,11,18,9,97,102113,14,12,19,8,97,102129,21,18,29,,,102123,14,11,19,9,97,102126,14,12,19,9,97,102068,15,13,21,9,97,,19,16,29,9,97,102237,18,15,24,,,,,,,8,97,,16,14,22,9,97,,22,19,32,9,97,,22,19,31,8,97,,33,32,51,10,97,,13,11,18,8,97,,16,14,23,8,97,,18,15,24,,,,,,,9,97,102227,18,15,24,8,97,102115,14,11,18,9,-2640,102013,21,19,31,9,97,102237,12,10,17,8,97,,24,22,34,9,97,,23,20,35,8,97,102348,29,26,42,8,97,,17,14,23,9,97,102184,15,14,23,9,97,102222,12,10,16,,,,,,,9,97,102021,13,11,17,9,97,102137,19,16,26,,,,,,,9,97,102069,13,11,19,8,97,102068,13,11,17,8,97,102263,19,16,27,9,97,102255,14,12,19,,,,,,,8,97,102315,14,11,18,8,97,102248,14,11,18,8,97,102087,18,15,25,9,97,102138,17,14,23,8,97,102116,14,10,15,8,97,102237,28,26,45,8,97,102153,21,17,24,8,97,102144,25,23,38,9,97,102421,20,16,26,9,97,102203,21,18,30,8,97,102174,17,14,24,9,96,102368,24,20,37,,,,,,,,,,,,,,,,,,,8,95,102226,20,17,28
2017-05-27T04:00:00,,,,,,,11,97,102189,25,19,34,,,,,,,,,102120,24,19,31,12,97,102160,15,12,20,11,97,102156,18,15,23,11,97,102172,21,17,28,,,102161,22,18,31,13,97,102182,13,11,17,11,97,102108,17,14,23,11,97,,24,22,41,11,97,102267,19,16,25,11,97,,22,19,31,11,97,,18,15,24,11,97,,15,13,22,11,97,,20,17,27,10,97,,37,37,60,15,97,,12,10,16,11,97,,19,16,28,11,97,,18,15,24,,,,,,,11,97,102267,15,13,21,10,97,102155,16,13,21,13,-4236,102063,19,16,27,11,97,102271,15,13,21,11,97,,19,17,26,11,96,,20,16,27,10,97,102395,29,26,43,11,97,,20,16,26,11,96,102224,13,12,20,,,,,,,,,,,,,11,97,102068,15,12,20,11,97,102178,18,15,24,,,,,,,11,97,102110,14,12,19,11,97,102109,14,12,19,10,97,102295,20,17,29,11,97,102290,14,13,22,,,,,,,12,97,102368,18,14,23,10,97,102288,16,14,21,11,97,102129,21,17,28,11,97,102178,17,14,23,11,97,102163,18,13,20,10,97,102278,27,25,43,11,97,102209,21,18,25,10,97,102188,24,21,34,11,97,102461,17,13,21,14,97,102255,16,14,22,10,96,102213,17,14,24,11,93,102409,21,18,30,,,,,,,,,,,,,,,,,,,11,94,102257,19,15,26
2017-05-27T05:00:00,,,,,,,13,84,102224,23,18,31,,,,,,,,,102152,22,18,29,15,83,102187,18,15,25,13,82,102188,16,14,22,13,86,102202,18,15,25,,,102193,20,17,27,15,86,102223,15,12,20,13,86,102139,17,15,24,14,86,,19,16,29,14,84,102289,20,16,26,,,,,,,13,83,,18,16,25,14,84,,19,16,26,14,84,,19,16,27,13,83,,30,28,48,17,86,,13,11,18,13,83,,15,13,21,13,83,,19,16,26,,,,,,,14,85,102297,16,14,22,13,86,102188,18,15,24,17,-5566,102115,16,14,23,13,85,102300,17,15,24,13,86,,19,17,26,14,82,,20,17,27,13,86,102429,26,22,36,14,86,,18,15,24,14,82,102258,14,13,21,,,,,,,,,,,,,14,86,102100,16,14,23,16,84,102224,16,13,21,,,,,,,14,85,102146,15,13,21,14,86,102142,14,12,21,14,86,102319,18,16,26,13,84,102329,15,13,20,,,,,,,16,86,102421,15,12,19,13,84,102309,21,18,29,14,85,102168,20,17,29,13,85,102214,17,15,25,14,85,102166,17,13,19,13,86,102309,23,20,35,13,86,102239,20,16,22,14,84,102226,22,19,31,14,85,102500,18,14,22,15,84,102302,16,14,23,13,83,102246,17,15,26,14,79,102440,21,17,28,,,,,,,,,,,,,,,,,,,14,80,102286,19,16,27
2017-05-27T06:00:00,,,,,,,14,84,102272,24,20,36,,,,,,,,,102203,24,20,34,15,83,102249,17,14,23,14,81,102235,17,15,24,15,86,102257,18,15,24,,,102239,20,17,27,14,86,102264,16,14,23,14,86,102186,18,15,26,15,85,,22,19,35,14,83,102331,21,17,28,,,,,,,14,83,,18,16,25,14,85,,22,19,33,14,84,,20,17,29,14,83,,20,17,29,17,86,,13,11,18,14,83,,16,14,25,14,84,,21,17,28,,,,,,,14,84,102339,17,15,24,14,86,102237,18,15,24,16,-3380,102161,21,19,33,14,84,102344,20,18,29,14,86,,18,16,25,14,82,,21,18,30,13,86,102475,26,22,37,15,86,,20,17,28,14,82,102305,16,14,24,,,,,,,,,,,,,14,85,102146,16,14,23,15,83,102276,21,18,31,,,,,,,14,84,102193,17,15,24,14,86,102189,15,14,22,14,86,102369,19,16,28,14,84,102382,13,12,21,,,,,,,15,86,102468,16,13,21,14,84,102353,22,19,32,15,82,102213,21,18,31,14,85,102268,21,18,31,14,84,102221,17,13,19,13,85,102355,23,20,36,14,85,102275,19,15,22,14,83,102273,21,19,31,14,83,102552,19,16,27,15,84,102343,19,17,28,14,83,102294,17,15,25,14,79,102481,22,19,34,,,,,,,,,,,,,,,,,,,14,79,102329,18,15,26
2017-05-27T07:00:00,,,,,,,15,76,102319,25,20,36,,,,,,,,,102250,24,20,32,16,75,102289,18,15,24,16,73,102278,18,16,25,17,80,102310,20,17,29,,,102279,21,18,30,16,80,102306,20,17,28,16,77,102232,21,18,31,16,77,,20,17,31,16,76,102365,20,18,29,,,,,,,16,79,,21,18,30,16,77,,16,14,23,16,77,,21,18,31,15,75,,18,15,25,16,77,,12,10,16,16,77,,18,15,26,16,77,,19,16,26,,,,,,,18,80,102379,19,17,28,15,80,102281,20,17,27,16,-2688,102200,21,19,33,15,76,102386,20,18,30,16,80,,20,17,27,16,75,,22,20,34,14,80,102514,23,18,29,16,77,,22,20,33,17,77,102364,19,17,28,,,,,,,,,,,,,15,76,102187,14,12,20,16,76,102313,20,17,27,,,,,,,16,77,102241,19,17,28,17,80,102237,17,15,25,15,80,102408,21,19,33,15,76,102413,15,13,23,,,,,,,16,80,102508,19,17,28,16,75,102400,20,17,27,16,75,102257,25,22,39,15,77,102318,23,20,35,16,77,102252,21,18,27,15,77,102391,20,17,29,15,78,102312,20,17,24,16,76,102312,19,15,25,16,75,102595,17,14,22,15,76,102380,17,15,25,15,76,102331,13,11,20,15,71,102523,22,18,31,,,,,,,,,,,,,,,,,,,15,71,102371,18,15,26
2017-05-27T08:00:00,,,,,,,16,73,102365,24,20,35,,,,,,,,,102302,20,17,27,16,72,102337,13,11,18,16,66,102323,12,10,16,17,74,102357,10,8,14,,,102325,15,13,22,16,76,102346,16,14,22,16,73,102275,18,15,25,16,75,,21,18,32,17,75,102398,14,12,19,,,,,,,17,76,,14,12,19,16,74,,15,13,21,16,74,,19,17,28,15,72,,16,13,22,16,73,,7,6,10,16,74,,15,13,22,16,73,,12,10,16,,,,,,,19,77,102422,17,14,23,15,74,102327,15,12,20,18,-3611,102250,14,12,19,15,72,102430,18,15,26,16,77,,19,16,26,16,72,,21,19,32,15,77,102559,19,15,24,17,72,,13,11,17,16,73,102407,17,15,25,,,,,,,,,,,,,15,70,102230,8,7,11,16,71,102356,16,13,21,,,,,,,17,72,102290,16,13,22,18,73,102282,12,10,16,16,72,102449,18,16,26,16,71,102466,9,7,12,,,,,,,16,77,102555,18,16,25,16,70,102454,13,10,17,16,69,102300,16,14,24,15,72,102364,14,12,19,16,70,102309,16,12,18,16,73,102427,18,15,26,16,74,102363,20,16,24,16,71,102354,16,13,21,,,102642,16,12,20,15,71,102425,16,14,23,15,72,102377,12,11,18,16,68,102562,22,18,31,,,,,,,,,,,,,,,,,,,16,68,102413,11,9,15
2017-05-27T09:00:00,,,,,,,17,65,102396,8,6,11,,,,,,,,,102347,10,8,13,17,67,102379,9,8,12,17,61,102362,9,8,13,17,65,102390,6,5,8,,,102359,8,6,10,16,66,102379,6,5,9,17,65,102312,8,7,11,16,66,,12,10,18,18,69,102429,8,6,10,,,,,,,18,70,,6,5,8,17,68,,11,9,15,17,66,,8,7,11,17,67,,10,8,13,17,67,,9,7,11,17,67,,7,6,10,16,67,,8,6,10,,,,,,,19,71,102460,7,6,10,16,64,102359,6,5,8,19,-4189,102293,7,6,9,16,64,102474,6,5,9,17,67,,7,6,9,17,67,,11,9,15,16,67,102593,13,10,16,19,63,,7,6,9,17,65,102435,6,6,10,16,66,102472,6,5,9,,,,,,,16,64,102264,6,5,9,17,64,102391,9,7,12,,,,,,,17,64,102322,7,6,9,19,64,102326,5,4,7,16,61,102483,6,5,8,18,66,102490,6,5,9,,,,,,,16,73,102576,8,7,11,16,64,102496,10,8,12,16,62,102334,8,7,11,16,66,102402,11,10,18,17,61,102326,9,7,10,18,65,102458,13,11,17,17,67,102388,11,8,11,17,63,102387,12,10,15,,,102680,11,8,13,16,64,102454,11,9,16,16,66,102411,9,8,13,17,61,102605,13,10,17,,,,,,,,,,,,,,,,,,,17,61,102446,6,5,8
2017-05-27T10:00:00,,,,,,,18,58,102415,10,8,14,,,,,,,,,102368,10,7,12,18,59,102371,7,6,9,17,51,102377,6,5,9,17,56,102391,6,5,9,,,102376,6,5,8,17,57,102391,5,5,7,18,57,102329,7,5,9,17,59,,12,9,17,20,65,102415,8,6,9,18,59,,7,6,8,19,62,,6,5,8,18,60,,8,7,11,19,62,,11,9,14,17,59,,9,7,11,18,58,,7,6,9,18,59,,5,5,8,17,58,,6,5,9,,,,,,,20,65,102469,6,5,9,17,55,102376,5,4,6,19,-3006,102296,8,6,10,17,55,102475,8,7,11,17,58,,8,7,11,18,59,,10,8,13,17,54,102610,7,6,9,21,52,,7,5,8,18,57,102447,8,7,12,17,58,102475,4,4,7,,,,,,,17,56,102273,5,4,7,18,55,102400,9,8,13,,,,,,,18,55,102338,5,4,7,19,54,102343,5,4,7,17,52,102488,7,6,10,19,56,102497,6,5,9,,,,,,,17,66,102591,4,4,6,17,56,102502,10,8,12,17,54,102346,9,7,12,18,58,102415,9,8,13,20,45,102329,6,4,6,19,54,102468,9,7,12,19,57,102412,5,4,6,17,54,102404,7,6,9,,,102694,9,6,10,17,55,102466,6,5,9,17,58,102431,4,4,7,18,53,102608,12,9,16,,,,,,,,,,,,,,,,,,,18,53,102458,6,4,7
2017-05-27T11:00:00,,,,,,,19,53,102431,9,6,11,,,,,,,,,102374,7,6,9,18,54,102377,6,5,9,18,46,102389,5,5,8,18,52,102404,5,5,8,,,102388,8,6,10,18,51,102404,6,5,8,19,52,102348,7,6,9,18,54,,9,7,13,20,58,102437,8,6,9,19,54,,8,7,11,19,56,,6,5,8,19,58,,8,6,11,20,58,,9,7,12,18,53,,8,7,11,18,54,,7,6,9,19,55,,5,5,8,18,55,,7,6,10,,,,,,,19,56,102482,6,5,8,18,49,102389,6,5,8,18,-2433,102303,7,6,9,18,50,102484,6,5,8,18,52,,6,5,8,19,54,,10,8,13,17,49,102616,8,6,10,20,50,,7,5,8,18,52,102459,8,7,11,17,52,102495,5,5,9,,,,,,,18,51,102291,6,6,9,18,50,102410,6,5,9,,,,,,,18,51,102351,6,5,9,19,50,102344,4,4,7,18,47,102498,5,5,8,19,50,102510,5,5,7,,,,,,,18,62,102601,6,5,8,18,51,102509,9,7,11,18,49,102358,8,6,10,18,53,102427,7,6,9,19,43,102354,7,5,8,20,48,102471,8,7,11,20,50,102430,13,11,15,18,50,102408,8,7,11,,,102707,6,4,8,18,50,102469,12,12,20,18,53,102437,6,5,9,18,48,102613,10,7,12,,,,,,,,,,,,,,,,,,,18,48,102473,7,5,9
2017-05-27T12:00:00,,,,,,,19,57,102424,5,4,7,,,,,,,,,102361,5,4,6,18,58,102362,5,4,7,18,50,102380,5,5,8,18,55,102389,4,4,6,,,102379,8,6,10,18,55,102394,6,5,8,20,56,102340,6,5,7,18,58,,7,6,11,19,61,102427,11,9,14,,,,,,,18,58,,5,5,7,20,63,,7,6,10,20,61,,7,5,9,18,57,,8,7,11,18,58,,8,6,10,19,59,,3,3,5,18,60,,7,6,10,,,,,,,19,59,102468,4,4,7,17,54,102379,6,5,8,18,-2432,102282,5,5,8,18,54,102468,5,4,7,18,55,,5,4,7,18,56,,8,6,11,17,52,102606,7,6,9,21,51,,6,4,7,18,56,102447,8,7,11,,,,,,,,,,,,,18,55,102275,6,5,9,18,54,102393,6,5,9,,,,,,,18,55,102339,5,5,8,18,54,102333,4,4,7,18,51,102486,5,4,7,20,54,102488,5,4,6,,,,,,,18,66,102592,6,5,8,18,55,102488,6,5,7,18,53,102348,7,6,9,18,58,102412,10,8,14,19,50,102354,5,4,6,19,52,102458,6,5,8,20,54,102418,6,4,6,18,53,102399,6,5,8,,,102696,5,3,6,18,54,102464,7,7,12,18,57,102422,6,5,9,18,51,102598,7,5,9,,,,,,,,,,,,,,,,,,,18,52,102459,7,6,10
2017-05-27T13:00:00,,,,,,,21,51,102388,4,3,6,,,,,,,,,102309,6,4,7,18,51,102323,4,4,6,19,42,102331,4,4,6,18,48,102339,4,4,6,,,102328,5,5,8,18,48,102346,5,4,7,22,48,102314,5,4,7,18,50,,9,7,13,20,53,102381,6,5,8,19,51,,6,5,8,20,53,,4,4,6,21,57,,7,5,10,21,57,,7,6,9,18,50,,8,6,10,18,49,,7,6,10,22,59,,3,3,5,22,59,,6,5,8,,,,,,,19,52,102419,4,4,7,18,46,102333,5,3,6,18,-2123,102234,4,4,6,18,47,102412,5,4,7,20,48,,5,4,7,18,48,,7,6,10,18,44,102566,7,6,9,21,45,,4,4,6,19,49,102400,8,7,12,18,49,102421,4,4,7,,,,,,,18,48,102224,5,4,8,19,47,102347,6,5,8,,,,,,,18,47,102295,5,4,7,18,46,102279,3,3,5,18,43,102440,11,10,15,21,46,102440,4,4,6,,,,,,,18,59,102544,6,5,8,20,48,102431,6,5,7,18,46,102299,7,6,9,19,49,102367,7,6,10,19,43,102304,5,3,5,21,42,102414,6,5,8,22,44,102386,4,3,4,18,46,102357,6,5,8,,,102658,3,2,5,18,47,102421,5,4,7,18,51,102381,6,5,9,18,44,102554,7,5,9,,,,,,,,,,,,,,,,,,,19,45,102408,6,4,8
2017-05-27T14:00:00,,,,,,,21,53,102383,5,4,7,,,,,,,,,102299,6,4,7,18,52,102308,4,4,6,19,43,102326,5,5,7,18,50,102333,4,4,6,,,102322,8,6,10,18,50,102339,6,5,8,22,49,102302,6,4,7,18,52,,7,6,11,19,53,102392,7,6,10,19,52,,6,5,8,19,54,,5,4,7,22,61,,6,5,9,21,59,,8,6,9,18,51,,7,6,9,18,52,,9,7,11,23,61,,4,3,6,23,61,,7,5,8,,,,,,,19,53,102407,4,4,7,18,47,102327,5,4,7,18,-2166,102224,5,4,7,18,48,102404,6,5,8,21,49,,5,4,6,18,50,,7,6,10,18,45,102562,7,6,9,19,49,,9,8,12,19,51,102390,6,5,9,18,50,102415,5,5,8,,,,,,,18,49,102219,5,4,7,19,48,102339,5,5,8,,,,,,,18,48,102288,5,5,8,18,48,102270,5,4,7,18,45,102428,12,12,18,21,44,102434,4,3,5,,,,,,,18,61,102535,5,4,6,22,47,102427,5,4,7,18,47,102293,7,6,9,19,50,102360,5,5,8,19,45,102293,5,4,6,20,44,102405,7,6,9,22,46,102378,5,3,5,18,48,102350,6,5,9,,,102647,3,2,4,18,49,102413,7,7,11,19,53,102373,5,5,8,18,46,102544,8,6,11,,,,,,,,,,,,,,,,,,,19,47,102399,6,5,8
2017-05-27T15:00:00,,,,,,,21,50,102376,6,4,8,,,,,,,,,102295,6,5,8,19,51,102302,5,4,7,19,42,102315,5,4,8,18,48,102328,4,4,7,,,102313,6,5,9,18,48,102334,7,6,9,21,48,102283,6,5,8,19,50,,7,6,11,19,50,102384,7,6,9,19,51,,6,5,8,19,51,,6,5,8,21,56,,5,4,8,21,57,,8,6,10,19,50,,7,6,10,19,50,,6,5,8,22,56,,4,3,6,22,60,,7,5,9,,,,,,,20,52,102402,5,4,7,19,46,102321,5,4,7,19,-2108,102216,5,5,8,19,47,102392,6,5,9,21,47,,5,4,6,19,49,,8,6,11,18,44,102559,6,5,8,20,47,,15,12,20,19,49,102383,7,6,11,18,49,102403,5,4,8,,,,,,,19,47,102210,6,5,8,19,47,102332,6,5,8,,,,,,,19,47,102279,5,4,8,19,47,102265,5,5,8,18,44,102424,5,5,8,22,44,102427,4,4,7,,,,,,,19,60,102531,6,5,9,21,46,102420,6,5,7,18,46,102288,7,6,10,19,49,102353,5,5,8,19,44,102282,5,4,6,19,46,102401,9,7,11,21,46,102368,5,3,5,18,46,102343,6,5,9,,,102642,3,2,4,18,47,102405,5,4,8,19,51,102367,8,7,12,19,44,102540,8,6,10,,,,,,,,,,,,,,,,,,,19,45,102391,7,5,9
2017-05-27T16:00:00,,,,,,,21,47,102377,6,4,8,,,,,,,,,102295,6,5,8,19,48,102305,5,4,7,19,40,102318,5,5,8,18,45,102325,5,5,8,,,102316,9,7,11,18,45,102336,7,6,9,19,45,102270,6,5,9,19,47,,8,7,12,19,47,102390,11,9,15,,,,,,,19,48,,6,5,8,22,56,,6,5,9,21,54,,10,8,13,19,48,,6,5,8,19,47,,7,5,9,21,52,,4,3,7,19,49,,7,6,9,,,,,,,19,48,102404,5,5,8,20,40,102329,5,4,6,19,-1994,102216,6,5,8,20,44,102377,6,5,9,21,44,,5,4,7,19,46,,7,6,10,18,41,102558,7,5,9,19,44,,8,6,10,19,46,102383,8,7,12,18,46,102410,5,5,8,,,,,,,19,45,102211,8,7,11,19,44,102333,6,5,9,,,,,,,18,44,102284,6,5,8,19,44,102264,5,4,8,18,41,102426,6,5,9,20,42,102434,9,7,12,,,,,,,19,57,102533,7,6,9,22,43,102420,7,5,8,18,43,102288,8,7,11,19,46,102352,6,5,8,19,42,102286,8,6,9,18,44,102407,10,8,12,20,44,102361,6,4,6,18,43,102346,7,6,9,24,34,102639,8,6,10,18,44,102410,5,4,7,20,50,102373,19,16,28,19,42,102542,10,7,12,,,,,,,,,,,,,,,,,,,19,42,102396,8,6,10
2017-05-27T17:00:00,,,,,,,20,50,102375,6,5,9,,,,,,,,,102295,8,6,10,18,51,102312,7,6,10,18,42,102316,6,5,8,18,48,102323,7,6,9,,,102313,11,9,14,18,48,102331,8,6,10,18,47,102263,7,6,9,18,50,,9,7,12,18,49,102393,10,8,12,,,,,,,18,50,,7,6,9,20,56,,7,6,10,20,55,,11,9,14,19,51,,8,6,10,18,50,,10,8,12,22,58,,4,4,7,18,51,,8,6,10,,,,,,,19,51,102404,8,6,10,19,43,102330,5,4,7,18,-1906,102215,8,6,10,19,47,102393,10,9,15,19,47,,6,5,8,18,49,,8,7,11,17,44,102557,11,9,14,18,47,,8,6,10,18,48,102383,10,9,15,18,49,102402,5,5,8,,,,,,,19,47,102207,18,16,28,18,47,102333,11,9,15,,,,,,,18,46,102282,7,6,9,18,47,102262,7,6,11,18,43,102425,7,6,10,19,46,102435,11,10,18,,,,,,,18,59,102532,9,7,11,19,47,102441,8,6,10,18,46,102288,10,8,12,18,48,102349,7,6,10,18,46,102283,21,19,27,18,47,102405,9,7,12,19,49,102353,6,5,7,18,47,102344,9,7,12,,,102652,7,5,9,18,47,102406,21,22,31,18,52,102381,11,9,16,18,44,102540,12,9,16,,,,,,,,,,,,,,,,,,,18,45,102397,11,8,14
2017-05-27T18:00:00,,,,,,,17,58,102394,10,7,12,,,,,,,,,102317,11,9,13,17,60,102340,17,15,25,16,51,102339,9,7,11,16,57,102357,9,7,12,,,102340,11,9,14,16,58,102357,9,7,12,16,56,102288,10,8,12,16,59,,16,13,24,16,57,102426,11,9,13,,,,,,,17,59,,10,8,12,17,62,,13,11,18,17,59,,15,12,19,16,59,,14,11,17,16,60,,14,11,18,17,61,,8,7,13,16,60,,10,8,13,,,,,,,17,59,102434,11,8,14,16,56,102348,6,5,8,16,-2041,102241,19,17,29,16,58,102436,8,7,12,16,56,,13,12,19,17,58,,14,11,19,16,54,102585,22,18,29,16,59,,14,11,18,17,57,102405,11,9,15,17,58,102431,8,7,12,16,60,102436,12,10,16,16,59,102249,12,9,15,17,57,102359,18,15,24,,,,,,,16,55,102304,8,7,11,17,56,102290,9,8,13,16,53,102458,13,10,17,16,56,102473,7,6,10,,,,,,,16,66,102561,16,15,24,16,57,102469,16,13,21,16,55,102316,12,10,16,16,57,102374,9,8,13,16,58,102317,33,29,43,16,56,102433,24,21,34,16,58,102378,8,6,8,16,57,102370,13,10,16,18,54,102684,12,9,15,16,56,102436,55,56,82,16,60,102403,12,10,17,17,54,102567,19,15,25,,,,,,,,,,,,,,,,,,,16,55,102423,24,22,40
2017-05-27T19:00:00,,,,,,,15,70,102445,18,13,23,,,,,,,,,102370,17,13,21,15,72,102404,16,13,21,14,63,102400,16,14,21,14,70,102414,19,16,25,,,102399,19,15,24,14,72,102413,20,17,28,14,68,102345,18,15,25,14,71,,33,29,56,14,70,102475,47,47,68,,,,,,,14,70,,14,11,18,15,72,,23,20,35,15,71,,21,18,29,14,70,,30,28,47,14,71,,15,12,19,14,71,,20,18,31,14,71,,22,18,30,,,,,,,15,71,102490,17,14,22,14,68,102400,8,6,10,14,-2382,102300,25,22,38,14,69,102505,7,7,11,14,70,,15,12,19,15,70,,19,16,26,13,67,102641,26,23,37,14,71,,18,15,24,15,69,102464,18,16,26,14,73,102499,17,15,25,14,69,102480,13,11,18,14,71,102308,20,17,29,14,69,102417,31,29,48,,,,,,,14,66,102357,13,11,18,14,71,102351,24,22,39,14,67,102522,21,18,30,14,68,102536,11,9,14,,,,,,,14,75,102609,11,8,14,14,69,102526,20,17,29,14,67,102372,23,19,33,14,69,102429,14,12,18,14,70,102390,20,16,25,13,68,102496,27,24,41,14,69,102429,14,11,15,14,68,102425,26,22,38,15,67,102731,26,23,40,14,69,102492,33,32,51,14,70,102455,24,22,38,15,65,102622,32,28,47,,,,,,,,,,,,,,,,,,,14,66,102485,27,24,45
2017-05-27T20:00:00,,,,,,,13,83,102480,24,18,32,,,,,,,,,102408,23,18,30,13,83,102442,17,15,24,12,76,102443,24,21,37,12,83,102448,21,18,29,,,102442,25,21,35,12,83,102450,27,24,37,12,79,102387,27,24,41,12,83,,36,33,62,12,82,102516,53,52,77,,,,,,,12,83,,31,29,49,12,83,,24,21,37,12,83,,25,22,37,12,82,,56,54,79,12,82,,17,14,22,12,82,,24,21,38,12,83,,31,29,50,,,,,,,13,83,102533,22,19,32,11,80,102436,11,8,13,12,-2708,102338,26,24,40,11,81,102550,13,11,19,12,83,,28,24,41,13,83,,23,19,33,11,82,102677,34,32,52,11,83,,19,15,24,13,82,102511,29,27,46,12,83,102527,29,28,48,12,83,102514,16,14,23,12,82,102340,33,32,55,12,81,102461,34,32,53,,,,,,,12,78,102394,18,15,24,12,83,102389,30,28,46,12,82,102567,31,28,48,12,80,102565,14,12,19,,,,,,,11,83,102645,14,12,19,12,80,102565,25,22,38,12,80,102411,36,33,55,12,82,102465,20,17,27,12,81,102431,24,19,30,11,82,102538,31,29,50,12,81,102468,15,11,16,11,80,102463,29,25,44,13,80,102767,35,32,55,12,81,102529,43,47,75,12,81,102493,15,13,22,12,77,102663,41,37,63,,,,,,,,,,,,,,,,,,,12,76,102525,25,23,41
2017-05-27T21:00:00,,,,,,,12,85,102505,32,28,51,,,,,,,,,102432,30,26,44,13,85,102461,22,19,32,12,78,102470,25,22,38,11,85,102483,30,28,48,,,102470,26,22,37,11,85,102482,25,22,36,12,82,102414,24,21,35,12,84,,30,28,53,12,84,102545,33,31,52,11,82,,23,20,31,12,85,,37,36,59,12,85,,24,21,37,12,85,,29,27,46,11,83,,39,37,62,11,84,,24,21,35,11,84,,22,20,35,12,85,,33,31,53,,,,,,,12,85,102563,28,25,44,11,82,102461,15,12,19,12,-2680,102366,29,27,46,11,84,102566,22,19,32,11,85,,31,29,49,12,85,,28,25,44,10,85,102699,37,35,56,11,85,,25,22,36,13,85,102544,38,37,59,11,85,102551,30,29,50,11,85,102534,24,21,38,11,83,102366,32,31,53,12,84,102486,30,28,47,,,,,,,12,81,102421,22,19,32,12,85,102416,21,18,30,11,85,102600,36,34,57,11,83,102593,18,17,28,,,,,,,11,85,102666,16,13,21,11,82,102590,30,28,47,11,83,102439,38,35,59,12,85,102495,22,19,31,11,83,102457,23,18,28,11,85,102568,34,33,56,11,83,102493,19,15,21,11,82,102489,30,28,48,12,83,102793,54,53,80,11,83,102555,28,26,46,11,82,102525,20,17,28,12,80,102692,36,34,62,,,,,,,,,,,,,,,,,,,11,79,102555,28,25,46
2017-05-27T22:00:00,,,,,,,11,90,102512,38,35,63,,,,,,,,,102438,33,31,52,12,90,102470,27,25,43,11,84,102477,25,22,38,11,90,102488,32,30,51,,,102474,29,27,45,10,90,102489,44,41,62,11,89,102422,27,23,41,11,90,,31,29,55,11,89,102566,30,27,46,,,,,,,11,90,,30,28,48,11,90,,29,26,46,11,90,,31,29,49,10,88,,36,33,56,11,89,,23,20,34,10,88,,24,21,36,11,90,,31,28,49,,,,,,,11,90,102572,27,24,42,10,89,102467,16,13,21,11,-2657,102372,29,28,47,10,89,102577,23,20,34,11,90,,30,28,47,11,90,,32,29,51,9,90,102708,38,36,59,10,90,,30,27,46,12,90,102554,35,35,57,,,,,,,10,90,102549,25,22,40,10,88,102377,26,23,40,11,90,102496,31,29,50,,,,,,,11,88,102428,24,21,35,11,90,102425,24,22,37,10,90,102611,35,33,56,11,88,102589,23,19,31,,,,,,,10,90,102677,16,13,21,10,87,102595,32,30,52,10,88,102443,34,33,55,11,90,102500,24,21,36,10,88,102473,20,16,23,10,90,102584,36,35,59,10,88,102507,22,18,26,10,87,102502,32,30,51,11,88,102798,31,29,50,10,89,102565,31,30,51,10,87,102528,21,17,30,11,85,102707,32,29,54,,,,,,,,,,,,,,,,,,,10,84,102569,28,25,47
2017-05-27T23:00:00,,,,,,,10,92,102513,36,33,60,,,,,,,,,102441,33,30,52,11,92,102466,32,30,51,10,87,102484,27,24,41,9,92,102490,29,25,44,,,102481,30,27,46,9,92,102494,32,29,49,10,92,102427,26,22,39,10,92,,34,32,60,10,92,102570,30,28,47,,,,,,,10,92,,29,27,45,10,92,,30,28,50,10,92,,29,27,46,9,91,,36,34,56,10,92,,23,21,34,9,91,,25,22,40,10,92,,30,26,45,,,,,,,10,92,102578,27,24,42,9,92,102477,23,19,31,10,-2747,102373,28,26,45,9,92,102579,28,26,45,10,92,,30,27,46,10,92,,31,28,50,8,92,102709,39,38,61,9,92,,32,30,51,11,92,102557,36,35,59,,,,,,,9,92,102556,25,23,41,9,91,102380,24,21,34,10,92,102497,30,27,47,,,,,,,10,91,102429,23,20,34,10,92,102430,25,22,38,9,92,102613,32,30,51,10,91,102598,24,21,37,,,,,,,9,92,102683,22,19,32,9,90,102600,31,29,49,9,91,102447,30,28,48,10,92,102505,27,25,43,9,91,102473,23,18,28,9,92,102591,37,36,61,9,91,102514,26,22,35,9,90,102504,29,25,43,10,91,102797,32,30,51,9,92,102568,40,43,70,9,90,102530,22,19,32,10,88,102712,35,32,59,,,,,,,,,,,,,,,,,,,9,87,102576,28,25,47
2017-05-28T00:00:00,,,,,,,9,94,102517,35,31,57,,,,,,,,,102447,36,33,56,10,94,102477,30,28,47,9,89,102489,28,25,42,8,94,102497,28,24,42,,,102488,31,29,49,8,94,102499,31,29,48,9,94,102433,28,25,43,9,94,,34,32,60,9,94,102582,25,22,37,,,,,,,9,94,,28,26,43,9,94,,29,26,46,9,94,,28,26,45,8,94,,35,33,55,9,94,,24,21,35,9,94,,24,21,37,9,94,,29,26,44,,,,,,,9,94,102589,27,24,41,8,94,102484,29,26,44,9,-2708,102379,28,26,45,9,94,102595,28,25,44,9,94,,28,25,43,9,94,,30,27,48,8,94,102713,32,28,45,8,94,,31,29,49,10,94,102562,30,29,50,,,,,,,8,94,102562,24,21,38,8,94,102385,23,20,33,9,94,102506,29,27,46,,,,,,,9,94,102431,22,20,32,9,94,102435,26,24,42,8,94,102624,31,29,49,9,94,102608,23,20,32,,,,,,,8,94,102689,27,24,42,8,93,102607,31,30,50,8,94,102454,29,26,44,9,94,102511,26,23,41,8,94,102476,24,20,31,8,94,102599,33,32,55,8,94,102519,28,25,39,8,93,102507,30,26,45,9,94,102804,31,29,50,8,94,102569,25,23,39,8,93,102540,18,15,26,9,91,102722,34,32,60,,,,,,,,,,,,,,,,,,,8,90,102581,29,26,48
2017-05-28T01:00:00,,,,,,,8,95,102535,36,33,60,,,,,,,,,102463,37,35,58,10,95,102508,27,24,42,9,90,102506,29,26,44,8,95,102517,25,22,36,,,102510,31,29,49,8,95,102517,27,25,41,8,95,102452,28,26,44,9,95,,34,32,60,8,95,102608,24,21,34,,,,,,,8,95,,26,24,39,9,95,,28,25,44,8,95,,30,29,49,8,94,,31,29,48,8,95,,24,21,37,8,94,,24,21,37,8,95,,31,28,47,,,,,,,9,95,102611,28,26,44,8,95,102498,29,26,44,8,-2730,102398,27,25,43,8,95,102621,24,22,36,8,95,,26,23,39,9,95,,31,29,52,7,95,102730,29,25,40,8,95,,31,29,49,9,95,102575,28,27,46,,,,,,,8,95,102586,22,19,34,8,95,102408,24,22,36,9,95,102526,26,23,40,,,,,,,8,95,102446,24,21,36,8,95,102452,26,24,42,8,95,102645,29,27,45,8,95,102627,22,20,33,,,,,,,8,95,102709,25,22,38,8,93,102635,31,29,49,8,95,102473,28,25,42,8,95,102530,25,22,38,8,95,102494,25,21,34,7,95,102617,32,30,51,8,94,102535,29,26,41,7,94,102526,25,21,34,8,95,102821,30,28,48,8,95,102588,27,25,43,8,93,102558,17,14,23,9,92,102742,34,32,59,,,,,,,,,,,,,,,,,,,8,90,102599,29,26,49
2017-05-28T02:00:00,,,,,,,8,94,102549,37,34,62,,,,,,,,,102478,36,34,57,10,94,102529,28,25,43,8,90,102522,28,25,43,8,94,102535,23,19,31,,,102526,30,28,47,8,94,102531,27,24,41,8,94,102468,27,24,41,8,94,,34,32,60,8,94,102625,24,21,33,,,,,,,8,94,,26,23,38,8,94,,28,25,44,8,94,,30,28,49,8,93,,26,23,39,8,94,,23,21,34,8,94,,25,22,39,8,94,,28,24,42,,,,,,,9,94,102624,28,25,43,8,94,102516,26,23,37,8,-2618,102413,25,23,40,8,94,102640,23,20,32,8,94,,25,22,37,9,94,,32,30,53,7,94,102747,26,22,34,8,94,,31,28,47,9,94,102589,28,26,45,,,,,,,8,94,102602,21,18,32,8,94,102421,21,18,29,8,94,102540,25,22,38,,,,,,,8,94,102459,23,20,33,8,94,102467,25,23,39,8,94,102662,28,25,41,8,94,102646,21,18,29,,,,,,,8,94,102727,24,21,36,7,92,102651,30,27,46,8,94,102486,27,24,39,8,94,102544,25,22,38,8,93,102512,27,23,38,7,94,102640,30,28,47,8,93,102554,29,26,41,7,92,102542,25,21,34,8,94,102836,30,28,48,8,94,102605,23,20,34,7,92,102574,15,13,21,8,91,102758,33,30,57,,,,,,,,,,,,,,,,,,,8,89,102618,29,26,48
2017-05-28T03:00:00,,,,,,,8,94,102578,38,35,64,,,,,,,,,102515,37,34,58,10,94,102560,28,26,44,8,90,102551,27,24,41,8,94,102558,23,20,34,,,102555,30,27,47,8,94,102561,26,24,39,8,94,102497,28,25,43,8,94,,33,31,59,8,94,102655,26,23,37,,,,,,,8,94,,26,23,38,8,94,,27,24,43,8,94,,31,29,50,7,93,,26,22,37,9,94,,22,19,32,8,94,,25,22,39,8,94,,29,26,45,,,,,,,8,94,102654,27,24,42,7,94,102547,28,25,42,8,-2820,102447,28,26,45,7,94,102673,22,19,31,8,94,,28,26,42,8,94,,32,30,54,6,94,102776,25,20,31,7,94,,30,26,44,9,94,102619,28,26,45,,,,,,,7,94,102642,20,17,28,8,94,102443,20,16,26,8,94,102572,25,22,37,,,,,,,8,94,102492,23,21,34,8,94,102497,88,108,159,7,94,102691,27,24,39,8,94,102668,19,16,27,,,,,,,7,94,102754,22,19,31,7,93,102683,27,24,41,7,94,102516,25,22,36,8,94,102579,23,19,32,7,94,102539,29,26,42,7,94,102671,26,23,40,7,94,102584,28,25,39,7,93,102570,23,19,31,8,94,102865,29,27,46,8,94,102632,21,18,30,7,93,102602,16,13,23,8,91,102795,32,29,54,,,,,,,,,,,,,,,,,,,7,90,102646,29,27,50
2017-05-28T04:00:00,,,,,,,9,94,102566,35,32,59,,,,,,,,,102499,34,31,52,11,94,102534,29,27,46,9,89,102544,27,24,41,9,94,102554,26,22,38,,,102549,31,29,49,11,94,102570,28,26,45,9,94,102489,36,34,55,10,94,,30,27,52,9,94,102639,27,23,40,,,,,,,9,94,,29,27,45,10,94,,25,22,39,9,94,,29,27,46,9,94,,28,25,42,13,94,,20,17,30,9,94,,25,22,38,9,94,,30,27,47,,,,,,,9,94,102646,27,25,43,9,94,102542,29,26,44,12,-4935,102448,26,24,41,9,94,102652,25,23,39,9,94,,28,26,43,10,94,,30,28,50,8,94,102763,20,16,25,9,94,,29,26,44,10,94,102610,26,25,43,,,,,,,11,94,102597,20,18,31,10,94,102440,21,18,29,10,94,102561,28,26,44,,,,,,,9,94,102488,23,21,35,9,94,102492,47,48,75,9,94,102672,29,27,46,9,94,102667,21,19,32,,,,,,,10,94,102755,22,19,33,8,94,102667,26,23,39,9,94,102508,30,28,47,9,94,102569,26,23,39,9,94,102523,27,24,39,8,94,102655,24,21,35,9,94,102578,27,24,38,9,94,102559,27,24,40,9,93,102853,24,20,35,12,94,102632,21,18,31,9,93,102582,21,18,30,9,89,102787,31,28,52,,,,,,,,,,,,,,,,,,,9,90,102632,28,26,48
2017-05-28T05:00:00,,,,,,,12,81,102583,28,24,41,,,,,,,,,102516,28,24,40,13,84,102542,24,22,38,12,75,102557,22,20,32,13,84,102573,24,20,36,,,102563,27,24,41,14,83,102594,22,19,34,12,81,102505,26,23,41,13,84,,28,25,48,12,82,102641,27,24,41,,,,,,,12,82,,26,23,39,12,83,,20,17,29,12,82,,24,21,36,12,81,,27,24,41,17,84,,15,13,21,12,81,,19,16,28,12,83,,24,21,35,,,,,,,13,84,102654,27,26,45,11,82,102557,26,23,39,17,-7903,102485,22,19,34,12,81,102658,24,22,37,12,84,,24,21,35,12,80,,25,22,39,11,84,102779,19,15,23,12,84,,29,27,46,12,80,102628,27,26,45,12,84,102658,22,20,33,15,83,102605,18,16,29,12,82,102450,22,19,30,16,80,102597,24,22,38,,,,,,,12,83,102508,25,22,38,12,84,102505,23,20,34,12,79,102674,26,23,42,12,79,102675,22,19,31,,,,,,,15,84,102784,16,14,22,11,80,102679,25,22,37,13,81,102532,30,28,48,12,81,102592,27,24,42,13,80,102523,22,18,28,11,83,102665,28,26,44,11,82,102591,25,21,33,12,83,102577,27,24,41,12,78,102871,24,21,36,14,83,102662,24,22,39,12,82,102601,16,13,22,12,76,102801,27,23,44,,,,,,,,,,,,,,,,,,,12,77,102643,23,20,35
2017-05-28T06:00:00,,,,,,,15,64,102603,22,18,31,,,,,,,,,102537,20,15,25,16,67,102562,18,15,25,15,60,102578,19,16,26,20,70,102624,18,15,25,,,102582,22,19,32,17,66,102618,19,16,27,15,64,102525,19,16,27,16,68,,23,19,36,15,65,102655,25,22,38,,,,,,,15,66,,23,21,34,16,67,,17,14,23,16,66,,19,16,26,15,66,,24,21,35,21,72,,13,11,17,15,65,,13,11,19,15,66,,20,17,28,,,,,,,20,72,102669,16,14,23,15,65,102579,22,19,30,21,-8131,102509,16,14,24,15,64,102673,19,17,27,15,65,,21,19,31,16,65,,22,19,32,15,63,102799,16,13,20,17,65,,20,17,28,18,70,102659,21,19,34,16,69,102675,18,16,26,20,64,102616,16,14,25,16,65,102476,18,15,25,20,56,102628,17,15,25,,,,,,,16,67,102537,21,19,31,17,71,102534,18,16,26,15,61,102693,24,22,39,15,63,102699,19,17,28,,,,,,,19,72,102814,13,10,16,15,64,102693,23,20,33,18,63,102563,26,23,42,15,64,102612,22,19,32,17,61,102545,18,14,21,15,65,102678,21,19,32,15,66,102610,21,18,25,16,64,102598,16,13,21,15,62,102889,19,15,25,17,66,102678,20,17,28,15,66,102618,12,10,17,15,60,102812,21,17,29,,,,,,,,,,,,,,,,,,,16,62,102659,20,16,28
2017-05-28T07:00:00,,,,,,,17,55,102595,12,9,16,,,,,,,,,102531,13,9,15,18,57,102559,11,9,15,17,50,102558,10,9,14,22,57,102611,7,5,9,,,102562,14,11,17,18,55,102592,10,8,12,17,54,102505,11,9,15,18,58,,14,11,21,18,58,102634,17,14,23,,,,,,,19,60,,12,10,16,17,58,,14,12,20,17,57,,12,10,16,17,57,,18,15,25,22,65,,10,8,13,17,56,,7,6,11,17,57,,15,12,19,,,,,,,23,65,102656,10,8,13,17,54,102561,12,9,15,23,-8191,102504,9,7,12,17,54,102660,10,8,14,17,54,,10,8,13,18,57,,12,10,16,18,51,102794,11,8,13,19,54,,14,12,20,22,65,102654,10,8,14,18,57,102658,11,9,16,21,53,102605,11,9,15,17,55,102460,12,10,16,21,49,102617,11,9,15,,,,,,,20,54,102542,11,9,14,23,51,102549,7,5,9,18,50,102665,11,9,15,17,52,102700,12,10,16,,,,,,,21,65,102803,14,12,18,17,54,102683,19,16,27,18,52,102549,18,15,26,17,54,102597,12,10,16,19,46,102521,8,6,9,17,55,102659,16,13,21,17,55,102590,13,10,14,18,54,102587,9,7,10,,,102877,12,8,15,18,56,102661,10,8,14,17,57,102608,10,8,14,18,51,102785,13,10,16,,,,,,,,,,,,,,,,,,,19,52,102638,12,9,15
2017-05-28T08:00:00,,,,,,,19,50,102550,9,6,11,,,,,,,,,102506,8,6,9,19,52,102515,7,6,10,18,44,102505,7,6,9,22,50,102553,4,3,5,,,102504,10,7,12,19,50,102534,8,6,10,19,49,102452,9,7,11,19,53,,10,8,14,20,54,102572,8,6,10,,,,,,,21,57,,6,5,8,19,53,,11,9,16,19,52,,9,7,12,19,53,,10,8,12,21,57,,8,6,10,19,51,,6,5,9,19,52,,8,6,10,,,,,,,24,61,102604,7,6,9,18,48,102509,7,6,9,24,-6906,102461,5,4,7,19,49,102608,6,6,9,19,49,,9,8,12,20,52,,10,8,12,18,46,102747,10,7,12,21,47,,7,5,8,21,54,102600,8,6,11,19,51,102603,4,4,7,20,48,102574,7,5,9,19,50,102403,8,7,11,21,46,102562,7,6,9,,,,,,,22,46,102502,8,6,10,23,45,102501,5,4,7,19,44,102618,5,5,8,19,48,102641,7,6,10,,,,,,,21,61,102747,9,7,12,18,49,102632,15,12,21,19,47,102492,9,7,12,19,50,102551,7,6,9,21,39,102468,9,7,10,20,49,102600,12,9,14,19,50,102541,10,7,10,19,48,102537,5,4,6,,,102828,6,4,8,19,50,102604,9,8,13,18,53,102560,8,7,12,20,47,102728,11,8,13,,,,,,,,,,,,,,,,,,,20,46,102585,8,6,11
2017-05-28T09:00:00,,,,,,,20,48,102499,5,4,6,,,,,,,,,102461,3,2,4,19,50,102458,4,3,5,19,43,102459,6,5,9,20,47,102497,3,2,4,,,102456,9,7,11,19,49,102479,6,5,8,19,48,102402,6,5,8,19,51,,5,4,7,21,53,102512,6,5,8,,,,,,,21,55,,5,4,6,19,51,,4,4,7,19,50,,7,6,9,20,51,,5,4,6,20,51,,9,6,10,19,50,,3,3,5,19,50,,7,5,9,,,,,,,24,60,102554,5,4,6,19,47,102458,8,6,9,23,-4894,102409,3,3,5,19,47,102549,4,3,6,19,47,,4,3,5,20,50,,5,4,6,19,42,102693,3,2,4,22,43,,9,7,12,20,50,102542,4,4,6,19,49,102555,4,4,7,19,46,102530,5,4,6,19,48,102359,5,4,7,20,45,102504,4,3,5,,,,,,,21,48,102443,7,5,9,23,44,102448,5,4,6,19,42,102570,4,3,6,20,45,102589,4,3,6,,,,,,,20,60,102686,8,6,10,19,47,102581,8,6,10,19,45,102443,9,7,11,19,48,102504,5,5,8,22,36,102392,3,2,3,21,43,102542,5,4,6,20,47,102482,4,3,4,20,46,102478,3,2,3,,,102775,1,1,3,19,46,102546,9,9,15,19,50,102506,2,2,4,20,44,102674,6,4,7,,,,,,,,,,,,,,,,,,,20,45,102534,8,6,10
2017-05-28T10:00:00,,,,,,,20,53,102490,5,4,7,,,,,,,,,102447,4,3,5,19,54,102430,5,4,7,19,47,102448,5,4,7,20,52,102473,5,4,6,,,102442,5,4,7,20,52,102466,4,3,6,21,52,102395,5,4,7,20,54,,6,5,9,23,60,102478,5,4,7,21,56,,5,4,7,22,60,,5,4,6,20,57,,5,5,8,21,58,,6,5,8,20,55,,6,5,8,20,54,,4,4,6,20,55,,2,2,4,20,54,,5,4,6,,,,,,,24,64,102539,5,4,6,19,49,102446,4,3,5,21,-2883,102373,6,5,8,20,51,102528,7,6,10,20,51,,9,8,12,21,55,,7,5,8,20,47,102680,4,3,5,24,45,,8,6,9,20,53,102525,4,4,7,20,53,102537,3,3,5,20,50,102508,6,5,8,20,51,102345,4,4,6,21,50,102481,5,5,8,,,,,,,20,51,102426,4,4,6,22,49,102425,4,3,5,20,47,102554,5,4,7,21,49,102563,5,5,7,,,,,,,20,64,102664,3,3,5,20,51,102560,6,5,8,19,49,102429,9,7,10,20,53,102484,10,8,14,23,41,102392,4,2,4,22,47,102524,6,5,7,21,51,102467,3,2,3,20,50,102461,4,3,5,,,102762,2,2,4,20,51,102531,6,5,9,20,55,102494,4,3,6,20,48,102657,7,5,8,,,,,,,,,,,,,,,,,,,21,49,102520,5,4,6
2017-05-28T11:00:00,,,,,,,23,47,102466,4,3,5,,,,,,,,,102404,5,3,6,20,47,102399,2,2,3,20,41,102413,14,12,19,21,46,102428,5,4,7,,,102411,6,5,8,20,46,102432,5,4,7,24,46,102389,6,4,7,20,47,,5,4,8,24,56,102429,7,5,8,,,,,,,23,52,,6,5,7,22,52,,4,3,5,23,54,,7,5,8,21,48,,4,3,6,21,48,,6,5,9,22,49,,3,3,5,21,48,,7,6,9,,,,,,,24,54,102505,5,4,7,20,43,102417,5,4,6,21,-2136,102328,5,4,7,20,44,102491,4,4,6,21,45,,6,5,7,22,48,,6,4,7,21,41,102649,5,4,6,25,35,,4,3,5,21,46,102491,8,7,12,21,47,102492,5,5,8,21,45,102469,7,6,10,21,45,102305,8,6,10,21,43,102442,4,3,6,,,,,,,21,45,102390,5,4,7,21,43,102375,4,3,6,21,40,102519,5,4,7,22,42,102539,7,5,8,,,,,,,20,58,102630,5,4,6,21,44,102523,7,5,8,20,43,102390,10,8,12,21,46,102449,8,6,10,23,34,102382,5,3,5,23,40,102488,6,4,7,24,42,102440,4,2,3,21,44,102427,5,4,6,,,102730,2,1,3,20,45,102499,16,18,30,21,48,102461,4,3,6,21,42,102624,6,4,8,,,,,,,,,,,,,,,,,,,22,42,102486,7,5,8
2017-05-28T12:00:00,,,,,,,24,46,102402,2,1,3,,,,,,,,,102325,3,2,3,21,45,102332,3,2,4,21,40,102339,10,8,13,21,43,102361,2,2,3,,,102339,5,4,6,21,44,102360,3,3,4,25,43,102327,4,3,5,21,46,,4,3,6,24,50,102371,4,3,5,22,48,,4,3,4,23,50,,3,2,3,24,53,,2,2,4,24,54,,5,4,7,21,46,,3,2,4,21,46,,4,3,5,23,50,,1,1,3,22,48,,4,3,6,,,,,,,23,50,102436,3,3,5,21,42,102345,4,3,5,21,-1967,102255,3,2,4,21,42,102417,2,1,3,22,43,,4,3,5,22,46,,4,3,5,21,39,102579,4,2,4,26,34,,4,3,5,22,44,102417,3,3,5,21,44,102420,3,2,4,21,42,102395,3,3,5,21,44,102227,5,4,7,21,41,102370,3,2,4,,,,,,,21,43,102318,3,3,5,21,41,102297,2,2,4,21,38,102451,2,2,3,23,40,102473,4,3,5,,,,,,,21,57,102557,4,3,5,21,43,102452,5,4,6,21,41,102317,4,3,5,22,44,102384,4,4,7,22,36,102300,3,2,4,24,35,102419,4,3,5,26,37,102382,3,2,3,21,42,102359,3,2,4,,,102658,4,3,5,21,43,102428,18,19,28,21,47,102392,2,2,3,21,40,102550,4,3,5,,,,,,,,,,,,,,,,,,,23,41,102407,5,3,6
2017-05-28T13:00:00,,,,,,,25,42,102359,2,2,3,,,,,,,,,102274,3,2,3,21,41,102274,3,3,5,22,34,102292,4,3,5,22,39,102308,2,2,3,,,102286,3,3,5,21,39,102314,3,2,3,27,37,102280,3,2,4,21,42,,7,5,8,23,44,102337,4,3,5,23,44,,4,3,5,24,46,,3,2,3,25,51,,3,3,5,25,51,,4,4,6,22,42,,4,3,5,22,41,,3,2,4,26,52,,3,3,5,26,53,,4,3,5,,,,,,,23,45,102369,3,2,4,21,36,102299,3,2,3,22,-1989,102200,3,2,4,22,38,102363,3,2,4,24,40,,10,8,12,22,41,,5,4,7,22,35,102530,3,2,4,24,34,,9,8,12,22,41,102368,4,3,6,21,38,102383,2,2,3,21,38,102343,4,3,6,22,39,102179,3,2,4,22,37,102317,2,2,3,,,,,,,22,38,102272,3,2,4,22,37,102254,2,2,3,21,34,102396,3,2,4,24,35,102409,4,3,6,,,,,,,22,53,102509,3,2,4,24,38,102389,4,3,5,21,37,102269,5,4,7,22,40,102335,5,4,7,22,33,102250,2,2,3,25,30,102367,4,3,5,26,31,102341,2,1,2,22,38,102311,3,2,4,,,102605,4,2,4,21,39,102380,13,12,19,22,43,102345,2,2,4,22,36,102499,5,3,6,,,,,,,,,,,,,,,,,,,23,36,102356,3,2,4
2017-05-28T14:00:00,,,,,,,26,41,102304,3,2,4,,,,,,,,,102213,4,3,4,22,39,102214,4,3,5,23,33,102232,4,3,5,22,37,102248,3,3,5,,,102225,4,3,5,22,37,102253,3,2,4,27,35,102219,4,3,5,22,39,,9,6,11,23,39,102291,5,4,7,,,,,,,24,44,,3,2,4,27,52,,3,3,5,27,51,,6,4,7,23,40,,4,3,5,22,39,,4,4,6,28,52,,2,2,4,30,52,,5,3,5,,,,,,,24,42,102321,3,3,4,22,35,102235,2,2,3,22,-1879,102142,4,3,5,23,36,102296,4,3,6,27,37,,8,7,11,23,39,,4,3,5,23,33,102477,5,3,6,23,36,,11,10,16,23,38,102308,3,3,6,,,,,,,22,37,102287,5,4,7,23,37,102122,4,4,6,23,35,102256,3,3,5,,,,,,,22,36,102213,3,3,4,22,35,102184,2,2,3,22,33,102332,4,3,6,26,33,102349,4,4,6,,,,,,,22,52,102451,3,2,4,26,34,102331,5,4,6,22,35,102210,7,6,9,23,38,102276,6,5,8,23,32,102189,3,2,4,26,28,102310,5,3,5,27,29,102290,3,2,2,22,36,102255,3,2,4,,,102543,6,4,7,22,37,102322,3,2,4,23,42,102291,3,3,5,23,34,102438,5,3,6,,,,,,,,,,,,,,,,,,,24,34,102296,4,3,5
2017-05-28T15:00:00,,,,,,,25,41,102253,3,2,4,,,,,,,,,102167,4,3,5,22,40,102164,3,3,4,22,33,102184,4,3,6,22,39,102200,4,4,6,,,102179,4,4,6,22,39,102205,3,2,4,25,37,102157,4,3,5,22,41,,6,5,10,22,40,102250,12,11,17,23,42,,5,4,6,23,42,,4,3,5,24,46,,6,5,8,27,52,,6,4,7,23,42,,4,4,6,22,41,,6,5,9,26,50,,2,2,3,27,52,,8,6,9,,,,,,,23,42,102266,3,3,5,23,35,102190,3,2,4,22,-1876,102091,4,4,6,23,38,102237,4,4,6,27,37,,7,5,8,23,40,,5,4,7,23,34,102434,6,4,7,23,37,,6,5,8,23,39,102256,4,4,6,22,39,102260,7,6,10,22,38,102239,6,5,8,23,38,102081,7,6,9,23,37,102207,3,3,5,,,,,,,22,37,102167,4,3,5,23,37,102138,2,2,4,22,34,102282,4,4,6,27,30,102293,22,19,31,,,,,,,22,52,102406,4,3,5,26,34,102285,5,4,6,22,36,102163,10,8,13,23,39,102224,6,5,8,23,33,102163,4,3,4,24,34,102264,5,4,6,26,32,102244,3,2,3,22,37,102208,4,3,5,,,102484,2,1,2,22,38,102275,3,2,4,23,43,102243,3,3,5,23,35,102388,6,4,7,,,,,,,,,,,,,,,,,,,23,36,102251,6,5,8
2017-05-28T16:00:00,,,,,,,25,47,102227,4,2,5,,,,,,,,,102141,4,3,5,21,45,102143,3,2,4,22,39,102160,6,5,8,22,44,102177,4,4,7,,,102152,7,6,9,22,45,102181,3,3,5,23,43,102107,5,4,6,22,47,,6,5,9,22,46,102227,7,6,10,,,,,,,22,47,,5,5,8,25,56,,6,5,9,26,57,,6,5,7,23,47,,5,4,6,22,46,,6,5,9,26,54,,3,2,4,23,48,,8,6,10,,,,,,,23,48,102237,5,4,7,24,37,102178,3,2,4,22,-1894,102067,5,4,7,24,42,102203,4,4,6,26,43,,4,3,5,22,45,,6,5,8,22,39,102412,5,3,5,22,43,,5,4,6,22,45,102232,5,4,7,22,44,102239,5,5,9,22,43,102216,9,8,12,22,44,102053,6,5,8,22,42,102183,4,3,5,,,,,,,22,42,102139,4,3,6,22,43,102112,4,3,6,22,39,102261,6,5,8,25,37,102279,103,108,145,,,,,,,22,57,102378,4,3,5,25,40,102265,5,4,6,22,42,102138,37,35,52,22,44,102199,5,4,7,23,39,102117,5,4,5,22,42,102244,6,4,7,23,42,102213,3,2,3,22,43,102187,8,6,10,28,34,102461,7,6,9,22,43,102256,3,3,5,23,49,102225,4,3,6,22,41,102362,6,4,7,,,,,,,,,,,,,,,,,,,22,41,102226,8,6,11
2017-05-28T17:00:00,,,,,,,23,50,102189,3,2,4,,,,,,,,,102103,5,3,5,21,49,102110,3,3,5,21,42,102124,6,5,8,21,48,102141,4,3,6,,,102117,7,6,9,21,49,102145,4,3,6,21,47,102067,5,4,7,21,51,,6,5,9,21,49,102194,5,5,7,,,,,,,21,51,,5,4,6,23,56,,7,6,10,24,56,,7,5,8,22,52,,6,5,8,21,50,,6,5,8,25,60,,3,3,5,21,50,,7,6,9,,,,,,,22,51,102204,5,4,7,22,45,102144,5,3,6,21,-1923,102029,13,11,18,22,47,102183,3,3,5,23,47,,4,3,5,21,49,,6,5,8,21,43,102370,5,3,6,21,46,,4,3,6,21,48,102196,6,5,8,21,49,102201,4,4,7,21,47,102179,7,8,15,21,48,102017,6,5,8,21,47,102145,6,5,9,,,,,,,21,46,102103,4,4,7,21,46,102077,4,3,6,21,43,102229,4,4,6,22,45,102255,20,18,31,,,,,,,21,60,102342,5,4,7,22,47,102248,5,4,6,21,46,102100,57,66,99,21,48,102159,4,3,6,22,44,102089,5,4,6,21,47,102208,6,5,7,22,48,102176,4,3,4,21,48,102150,11,9,14,,,102444,3,2,3,21,47,102217,10,9,15,21,51,102189,4,3,6,21,45,102330,7,5,8,,,,,,,,,,,,,,,,,,,21,45,102192,9,7,12
2017-05-28T18:00:00,,,,,,,21,54,102160,6,4,8,,,,,,,,,102078,6,5,7,19,53,102095,3,3,5,20,47,102097,5,4,7,19,53,102116,6,5,9,,,102094,7,6,9,19,54,102119,5,4,6,20,51,102041,6,5,8,20,55,,13,10,18,20,54,102175,6,5,8,,,,,,,20,55,,5,4,7,21,59,,9,7,12,20,56,,10,8,12,20,55,,14,11,17,20,55,,8,6,10,21,58,,3,3,6,20,55,,7,6,9,,,,,,,20,56,102185,8,6,10,19,52,102107,5,4,6,20,-2031,102007,17,14,23,20,53,102177,5,5,8,20,52,,5,4,7,20,54,,8,6,10,19,49,102348,10,7,11,20,52,,8,6,10,20,53,102170,6,6,9,20,53,102180,8,7,11,19,52,102159,7,5,9,20,54,102000,10,8,14,20,52,102121,9,8,12,,,,,,,20,51,102076,5,4,6,20,52,102053,5,4,7,19,48,102209,6,5,8,20,51,102226,5,4,7,,,,,,,19,64,102316,6,5,8,20,53,102220,12,10,18,20,51,102077,15,12,19,20,53,102136,8,7,11,19,54,102079,11,8,12,19,52,102188,8,6,9,20,53,102143,6,4,6,19,53,102128,7,5,9,,,102437,5,4,6,20,52,102196,15,15,23,19,56,102164,5,4,8,20,49,102311,11,8,14,,,,,,,,,,,,,,,,,,,20,50,102174,10,7,13
2017-05-28T19:00:00,,,,,,,18,63,102150,10,8,13,,,,,,,,,102074,12,9,14,18,63,102102,5,4,7,17,56,102093,9,7,11,17,63,102112,13,10,17,,,102093,17,14,23,17,65,102113,8,7,11,18,61,102037,10,8,12,17,64,,17,14,24,18,63,102180,13,10,16,,,,,,,18,64,,9,7,11,18,66,,18,16,27,18,65,,13,10,16,17,64,,21,17,28,17,64,,18,13,21,18,65,,10,8,14,17,64,,14,11,17,,,,,,,18,65,102181,11,9,15,17,61,102098,6,5,7,18,-2212,102004,20,18,30,17,62,102184,20,17,27,17,62,,10,8,12,18,63,,13,11,17,17,59,102344,20,16,26,17,63,,10,8,12,18,62,102163,9,7,12,17,65,102190,10,9,15,17,62,102155,9,7,13,17,64,102007,13,10,17,18,62,102118,12,10,15,,,,,,,17,61,102072,10,7,12,18,62,102048,10,8,13,17,58,102216,10,8,12,18,60,102222,8,6,10,,,,,,,17,70,102312,7,6,9,17,63,102224,13,11,17,17,60,102070,16,13,20,18,63,102133,15,13,22,17,64,102080,11,8,12,17,62,102190,13,10,15,17,63,102137,8,5,8,17,63,102124,15,12,19,,,102425,10,7,12,17,62,102191,20,19,30,17,63,102157,4,3,6,18,59,102311,15,12,20,,,,,,,,,,,,,,,,,,,17,59,102177,15,11,19
2017-05-28T20:00:00,,,,,,,16,73,102136,24,18,32,,,,,,,,,102062,17,13,20,16,71,102082,7,6,10,16,66,102089,15,12,19,15,73,102104,17,13,21,,,102093,50,45,67,15,76,102105,17,14,22,16,70,102032,21,18,30,16,72,,19,15,26,16,72,102184,14,12,18,,,,,,,16,73,,15,12,19,16,74,,15,12,21,16,73,,18,15,24,15,72,,23,19,30,15,72,,21,16,24,16,73,,16,14,24,16,73,,16,13,21,,,,,,,16,74,102177,15,12,19,15,71,102092,8,6,10,16,-2309,101987,19,16,27,15,71,102179,12,10,16,15,73,,11,9,14,16,73,,17,14,22,15,69,102329,30,27,43,15,73,,16,13,20,16,72,102159,17,15,24,15,75,102199,11,9,15,16,72,102148,11,10,16,15,73,102004,12,10,16,16,71,102105,14,11,18,,,,,,,16,69,102063,13,10,16,16,74,102046,24,22,37,15,69,102211,12,10,16,16,70,102213,9,8,13,,,,,,,15,77,102302,9,7,11,15,71,102218,13,10,16,15,69,102061,20,16,26,16,72,102124,31,30,47,15,73,102086,11,8,11,15,72,102183,19,16,25,15,72,102129,11,8,11,15,71,102110,15,11,18,,,102400,16,12,20,16,71,102182,29,32,50,15,71,102138,6,5,9,16,68,102303,20,16,27,,,,,,,,,,,,,,,,,,,15,68,102179,15,11,19
2017-05-28T21:00:00,,,,,,,15,81,102100,21,16,27,,,,,,,,,102026,20,15,24,15,79,102047,11,9,14,14,74,102051,16,13,21,14,82,102062,17,14,23,,,102055,25,21,35,14,82,102067,14,12,19,14,78,101999,21,18,29,14,80,,19,16,28,14,78,102157,14,11,18,,,,,,,14,80,,16,13,21,15,81,,21,18,30,15,81,,19,16,25,14,79,,25,22,37,14,78,,13,11,17,14,79,,14,11,20,14,80,,16,13,21,,,,,,,15,82,102144,17,14,23,14,78,102053,10,8,12,14,-2411,101951,18,15,24,14,79,102149,10,8,13,14,82,,16,13,21,15,81,,21,18,28,13,78,102298,23,18,29,14,81,,15,12,19,15,80,102124,17,15,24,14,82,102166,12,10,16,14,81,102119,12,10,17,13,80,101963,14,12,20,14,80,102068,12,10,16,,,,,,,15,77,102024,13,10,17,15,82,102010,21,18,30,14,79,102174,17,14,22,14,78,102185,12,10,18,,,,,,,14,82,102266,9,7,11,13,78,102183,14,12,19,14,78,102026,21,17,27,15,80,102084,19,16,25,14,79,102053,14,10,14,14,79,102155,20,18,29,14,79,102096,12,9,12,13,78,102075,17,14,23,14,78,102365,19,15,25,14,78,102149,15,13,21,14,78,102112,9,8,13,15,75,102275,20,16,27,,,,,,,,,,,,,,,,,,,14,74,102145,17,13,22
2017-05-28T22:00:00,,,,,,,14,85,102082,22,16,28,,,,,,,,,102007,22,17,26,14,85,102030,12,10,17,13,80,102035,15,13,20,13,86,102045,16,13,21,,,102040,22,18,29,12,86,102052,16,14,22,13,84,101981,18,15,25,13,85,,21,18,32,13,83,102147,14,12,18,13,83,,18,14,23,13,85,,15,13,20,13,86,,14,12,20,13,85,,19,16,25,12,83,,26,23,38,13,83,,14,11,19,13,84,,13,11,19,13,85,,17,14,22,,,,,,,14,86,102133,18,15,23,12,84,102036,12,10,15,13,-2493,101932,18,15,25,13,84,102137,13,10,17,13,86,,16,14,22,14,85,,20,17,28,12,85,102280,20,15,24,12,86,,16,13,21,14,85,102107,18,16,25,12,86,102154,12,10,17,13,86,102100,17,14,24,12,84,101945,13,11,18,13,86,102052,14,11,18,,,,,,,13,82,102006,13,11,17,13,86,101992,19,17,27,13,86,102160,18,15,25,13,84,102161,10,8,14,,,,,,,12,86,102249,11,8,13,12,83,102159,18,14,23,13,83,102011,20,16,26,13,86,102062,16,14,22,12,84,102034,15,11,16,12,86,102145,20,18,28,13,84,102082,12,9,12,12,82,102058,15,12,19,13,84,102347,19,14,24,13,84,102133,13,10,17,12,83,102092,11,9,16,13,80,102260,21,17,29,,,,,,,,,,,,,,,,,,,12,79,102125,23,19,33
2017-05-28T23:00:00,,,,,,,12,88,102041,23,17,29,,,,,,,,,101968,21,16,25,13,88,101992,14,12,19,12,84,101996,16,13,20,12,88,102006,15,12,19,,,102000,20,16,26,11,88,102010,17,14,22,12,88,101942,17,13,22,12,88,,20,17,29,12,86,102110,14,11,18,,,,,,,12,87,,15,13,20,12,88,,11,9,16,12,88,,19,16,25,12,86,,22,19,32,12,86,,26,21,33,12,87,,13,11,19,12,88,,18,14,23,,,,,,,13,88,102096,16,13,20,11,88,101996,17,13,21,12,-2474,101892,16,14,22,12,88,102104,13,11,18,12,88,,18,15,23,13,88,,21,18,29,11,88,102241,17,13,21,11,88,,17,14,22,13,88,102068,17,14,23,11,88,102121,13,11,18,12,88,102068,14,12,19,11,88,101906,14,11,18,12,88,102015,16,14,22,,,,,,,12,87,101960,14,12,19,12,88,101951,16,14,23,12,88,102129,17,14,24,12,88,102130,12,10,16,,,,,,,12,88,102208,15,13,21,11,86,102121,19,16,25,12,87,101972,19,15,25,12,88,102023,15,13,20,11,86,101994,16,12,18,11,88,102110,20,16,26,12,88,102047,16,12,17,11,86,102022,17,14,22,,,102303,16,12,20,12,88,102090,13,11,19,11,86,102052,13,11,18,12,83,102225,21,17,29,,,,,,,,,,,,,,,,,,,11,82,102088,23,19,33
2017-05-29T00:00:00,,,,,,,12,88,102009,23,17,29,,,,,,,,,101935,21,16,25,13,88,101959,15,13,20,11,84,101964,17,14,22,11,88,101977,17,14,22,,,101968,21,17,27,11,88,101977,15,13,20,11,88,101911,19,15,24,11,87,,19,15,27,11,86,102083,16,13,21,,,,,,,11,87,,17,14,22,12,88,,9,8,13,11,88,,19,15,24,11,86,,21,17,28,11,85,,22,18,28,11,86,,12,10,16,11,87,,21,17,28,,,,,,,12,88,102065,16,14,22,11,88,101964,18,15,23,12,-2501,101859,17,14,22,11,87,102080,12,10,17,11,88,,17,14,22,12,88,,20,17,27,10,88,102205,17,14,21,11,88,,18,14,22,12,87,102033,17,14,23,11,88,102104,14,12,20,11,88,102038,16,13,22,11,88,101874,17,14,22,12,88,101982,16,14,22,,,,,,,11,88,101925,14,12,19,11,88,101921,16,14,23,11,88,102102,17,14,23,11,86,102093,12,10,17,,,,,,,11,88,102176,18,15,24,11,85,102093,18,15,24,11,87,101941,18,15,24,12,88,101991,16,13,21,11,86,101966,14,11,15,11,88,102079,19,15,24,11,87,102012,18,13,19,11,86,101988,16,13,21,,,102267,16,12,19,11,88,102053,11,9,16,11,85,102019,10,8,14,12,83,102199,22,18,30,,,,,,,,,,,,,,,,,,,11,82,102061,21,17,29
2017-05-29T01:00:00,,,,,,,11,90,101963,23,18,30,,,,,,,,,101892,22,17,27,12,90,101922,15,13,20,11,87,101921,17,14,22,10,90,101934,19,15,24,,,101927,20,16,25,10,90,101934,16,13,21,10,90,101869,17,14,23,11,90,,20,17,30,10,89,102042,18,14,22,,,,,,,10,90,,18,15,24,11,90,,8,6,11,10,90,,19,16,25,10,88,,18,15,24,,,,,,,10,89,,12,9,16,10,90,,21,17,28,,,,,,,11,90,102027,16,13,22,10,90,101922,17,13,21,11,-2538,101817,17,15,23,10,90,102041,13,11,18,10,90,,16,14,21,11,90,,20,17,28,9,90,102161,18,14,22,10,90,,18,15,24,11,90,101991,16,14,22,,,,,,,10,90,101999,18,15,24,10,90,101832,20,16,26,11,90,101942,15,13,21,,,,,,,11,90,101883,15,13,21,10,90,101877,14,12,19,10,90,102059,17,14,24,11,90,102058,13,12,19,,,,,,,10,90,102133,19,16,25,10,88,102057,15,13,20,10,90,101897,18,15,24,11,90,101947,19,15,24,10,89,101909,18,13,20,10,90,102041,17,14,23,10,90,101970,19,14,21,10,89,101946,16,13,20,11,90,102223,18,13,21,10,90,102008,12,10,16,10,89,101981,8,7,12,11,86,102161,21,17,29,,,,,,,,,,,,,,,,,,,10,85,102020,23,19,33
2017-05-29T02:00:00,,,,,,,10,92,101926,25,19,33,,,,,,,,,101860,23,17,28,12,92,101891,15,13,20,10,90,101889,16,14,21,10,92,101903,18,15,23,,,101895,18,15,23,10,92,101906,18,16,25,10,92,101837,17,14,23,10,92,,20,17,30,10,92,102013,17,14,22,,,,,,,10,92,,19,16,25,11,92,,6,5,9,10,92,,20,17,27,9,91,,19,15,25,10,91,,21,18,28,10,92,,14,12,20,10,92,,23,19,31,,,,,,,10,92,101995,17,14,23,10,92,101890,17,14,22,10,-2493,101787,17,15,23,10,92,102012,13,11,18,10,92,,17,15,23,11,92,,21,18,29,9,92,102127,15,12,18,10,92,,18,14,23,11,92,101958,15,14,22,,,,,,,10,92,101962,19,16,27,10,92,101800,19,16,26,10,92,101910,16,14,22,,,,,,,10,92,101850,13,11,18,10,92,101843,14,12,20,10,92,102030,18,16,25,10,92,102021,17,14,23,,,,,,,10,92,102102,18,15,23,9,90,102025,13,11,17,10,92,101863,20,16,26,10,92,101914,19,16,25,9,92,101891,18,13,19,9,92,102009,16,13,21,10,92,101936,19,15,22,9,92,101912,15,11,19,10,92,102188,18,13,21,10,92,101976,11,9,16,10,91,101943,9,8,13,10,89,102133,22,18,31,,,,,,,,,,,,,,,,,,,10,88,101987,23,19,33
2017-05-29T03:00:00,,,,,,,10,92,101910,23,18,31,,,,,,,,,101845,19,15,24,12,92,101876,16,14,22,10,90,101877,18,15,23,10,92,101891,22,17,28,,,101881,19,15,25,10,92,101892,17,15,24,10,92,101823,20,16,26,10,92,,20,17,29,10,92,101998,19,16,24,,,,,,,10,92,,21,18,28,11,92,,6,5,8,10,92,,20,17,27,10,91,,21,18,29,10,92,,21,18,28,10,92,,14,12,21,10,92,,23,20,33,,,,,,,11,92,101978,18,15,25,10,92,101875,20,16,25,10,-2662,101774,22,19,31,10,92,101998,15,13,21,10,92,,19,16,25,11,92,,20,16,27,9,92,102111,13,9,15,10,92,,20,16,26,11,92,101947,14,13,21,,,,,,,10,92,101949,19,16,26,10,92,101782,21,18,29,10,92,101895,18,15,24,,,,,,,10,92,101836,10,9,14,10,92,101828,15,12,20,10,92,102013,21,17,28,10,92,102004,17,14,24,,,,,,,10,92,102087,13,11,17,9,91,102011,15,12,19,10,92,101850,23,18,30,10,92,101899,18,15,24,9,92,101872,17,13,19,9,92,101996,19,16,25,10,92,101921,20,16,24,9,92,101898,12,9,15,,,102174,18,13,21,10,92,101961,10,8,14,10,91,101929,8,7,12,10,88,102117,22,18,30,,,,,,,,,,,,,,,,,,,10,88,101973,22,19,32
2017-05-29T04:00:00,,,,,,,12,86,101889,20,15,26,,,,,,,,,101824,17,13,21,13,88,101848,17,14,23,12,83,101857,18,15,24,12,88,101873,21,17,28,,,101863,20,16,26,14,88,101884,15,12,19,12,87,101802,18,14,23,13,87,,16,13,23,12,86,101962,21,16,26,,,,,,,12,86,,19,15,24,13,87,,5,5,8,12,86,,19,15,24,12,86,,19,16,25,16,88,,13,11,17,12,86,,13,11,20,12,87,,20,17,27,,,,,,,12,87,101957,17,14,23,12,88,101857,20,16,25,15,-4548,101764,19,17,28,12,88,101965,15,13,21,12,88,,15,13,20,13,86,,18,14,23,12,88,102092,12,9,13,12,88,,19,15,24,13,85,101927,14,12,19,,,,,,,14,88,101911,16,14,23,13,88,101762,18,15,24,13,88,101875,17,14,23,,,,,,,12,86,101819,11,9,14,12,88,101809,14,12,20,12,88,101981,19,16,26,12,85,101991,15,13,20,,,,,,,13,88,102075,13,11,17,12,86,101979,20,16,25,12,87,101830,22,18,29,12,86,101880,18,14,23,12,87,101862,19,14,20,12,88,101972,15,12,19,12,86,101904,20,16,23,12,86,101882,13,10,15,,,102156,12,9,14,15,88,101948,12,13,20,12,85,101909,6,5,9,12,81,102097,21,16,27,,,,,,,,,,,,,,,,,,,12,82,101944,18,15,25
2017-05-29T05:00:00,,,,,,,15,78,101862,16,12,21,,,,,,,,,101795,15,12,19,15,78,101801,11,9,14,15,73,101829,12,10,15,15,81,101842,10,8,13,,,101830,14,11,18,17,78,101870,9,7,11,14,76,101770,11,9,14,16,81,,10,8,14,15,78,101922,14,11,17,16,82,,11,9,15,14,77,,11,9,14,15,78,,5,4,6,15,78,,13,11,17,15,77,,8,7,11,20,82,,10,7,12,14,78,,9,8,13,15,79,,13,10,16,,,,,,,16,81,101921,10,8,13,14,78,101829,11,9,14,20,-7480,101752,12,10,15,15,77,101924,10,8,14,14,82,,12,10,15,15,77,,15,12,20,14,76,102062,8,6,9,15,78,,13,10,15,15,76,101902,10,8,14,,,,,,,18,80,101874,12,10,16,15,79,101733,12,10,17,18,74,101859,13,11,18,,,,,,,15,77,101799,9,7,11,15,82,101778,9,7,12,15,73,101936,12,10,16,14,75,101954,11,9,14,,,,,,,18,82,102070,9,7,11,14,77,101940,12,10,16,16,77,101808,14,11,17,14,76,101848,11,9,15,16,77,101800,12,9,13,14,77,101937,10,7,11,14,80,101875,18,14,21,16,77,101860,7,6,9,,,102130,5,3,7,17,78,101938,4,3,6,15,77,101879,4,3,6,15,73,102065,17,13,22,,,,,,,,,,,,,,,,,,,15,74,101918,12,9,16
2017-05-29T06:00:00,,,,,,,18,64,101837,11,8,14,,,,,,,,,101767,8,6,10,18,64,101770,4,3,6,17,59,101798,9,7,11,22,68,101835,5,4,7,,,101797,10,8,12,19,64,101847,7,6,9,17,63,101743,10,8,13,18,67,,8,6,10,17,64,101889,11,9,14,19,68,,8,6,11,17,64,,8,7,11,18,65,,8,7,12,18,66,,10,8,12,18,64,,7,5,9,22,72,,10,8,13,17,65,,6,5,9,17,65,,12,9,15,,,,,,,21,72,101891,8,6,10,17,63,101801,7,6,9,23,-8048,101732,7,5,8,17,62,101885,7,6,10,17,67,,9,7,11,17,63,,11,8,13,18,59,102038,6,5,8,18,63,,8,6,9,20,69,101885,7,6,10,,,,,,,21,62,101840,7,6,9,18,64,101696,11,9,14,22,52,101844,8,6,10,,,,,,,18,65,101777,9,7,11,19,70,101759,7,6,9,18,58,101907,10,8,12,17,60,101919,6,5,8,,,,,,,21,72,102050,7,5,8,17,61,101904,7,6,9,20,60,101790,11,8,13,17,62,101822,7,6,9,19,59,101756,8,6,9,17,63,101903,9,7,11,17,63,101838,7,5,7,18,62,101835,7,5,8,,,102106,4,3,6,18,63,101907,3,3,5,17,64,101853,4,3,6,17,59,102029,10,7,12,,,,,,,,,,,,,,,,,,,17,61,101885,13,10,16
2017-05-29T07:00:00,,,,,,,20,53,101816,9,6,11,,,,,,,,,101746,5,4,7,19,54,101739,5,4,6,19,48,101769,7,6,9,25,56,101822,4,3,5,,,101767,8,6,10,21,53,101813,5,5,7,19,52,101714,8,6,10,20,57,,7,6,10,20,56,101842,10,8,12,,,,,,,21,57,,7,6,9,20,55,,4,4,7,20,56,,9,7,11,20,54,,8,6,10,23,63,,9,7,11,20,54,,5,5,8,20,55,,8,6,11,,,,,,,25,64,101864,7,5,8,19,51,101777,6,5,7,26,-7898,101709,8,7,12,20,52,101851,5,5,8,19,53,,8,6,9,20,55,,10,8,13,20,48,102015,6,4,7,21,52,,7,5,8,24,64,101862,7,6,9,20,55,101855,6,5,9,23,52,101811,6,5,8,20,54,101665,8,7,11,23,46,101815,6,5,8,,,,,,,22,52,101767,7,5,8,25,50,101759,4,4,6,21,48,101868,8,6,10,19,50,101896,6,5,8,,,,,,,24,64,102022,5,4,6,19,51,101881,6,5,8,21,50,101761,11,8,13,19,52,101801,6,5,8,22,42,101730,5,4,6,20,52,101867,7,5,8,20,52,101818,7,5,7,20,52,101808,5,4,7,,,102078,4,3,5,20,53,101877,3,3,6,19,55,101822,4,4,7,21,50,101981,8,5,9,,,,,,,,,,,,,,,,,,,20,51,101849,9,7,11
2017-05-29T08:00:00,,,,,,,21,48,101809,9,6,10,,,,,,,,,101752,5,4,7,21,52,101723,5,4,6,21,42,101762,7,6,9,25,51,101809,5,4,7,,,101758,8,6,9,21,47,101792,5,4,7,21,47,101700,8,6,10,22,51,,8,6,10,22,51,101815,8,6,10,,,,,,,22,52,,7,6,9,21,50,,4,4,7,21,50,,8,6,10,21,48,,7,6,9,23,53,,11,8,11,21,49,,3,3,6,21,49,,7,6,9,,,,,,,25,59,101848,7,5,8,21,45,101773,6,5,8,26,-6453,101701,6,5,8,21,46,101833,5,5,8,21,46,,8,6,10,22,50,,9,7,11,21,43,102009,6,5,8,22,45,,7,5,8,24,52,101852,7,6,9,21,48,101842,4,4,7,22,46,101812,6,5,8,21,47,101655,7,6,10,23,43,101794,6,5,9,,,,,,,24,46,101765,7,5,8,26,44,101751,4,4,6,22,42,101853,8,6,10,21,45,101885,6,5,8,,,,,,,24,59,102012,6,4,6,,,,,,,21,45,101745,11,8,12,21,47,101789,6,5,8,24,36,101713,5,4,6,23,45,101849,7,5,8,21,46,101800,7,5,7,22,46,101797,7,5,8,,,102072,5,3,6,22,47,101864,4,3,6,21,49,101815,5,4,8,22,43,101964,9,6,10,,,,,,,,,,,,,,,,,,,21,44,101838,8,5,9
2017-05-29T09:00:00,,,,,,,22,50,101773,9,6,10,,,,,,,,,101723,6,4,7,23,62,101681,5,5,7,21,45,101727,7,6,9,23,53,101760,5,4,7,,,101726,8,6,10,21,51,101751,6,5,8,21,49,101665,9,7,11,22,54,,9,7,11,24,57,101760,9,7,10,23,55,,7,5,7,23,56,,7,5,9,21,53,,5,4,8,21,52,,8,6,10,22,52,,8,6,10,,,,,,,21,52,,4,4,7,21,52,,8,6,10,,,,,,,25,62,101810,7,5,9,21,48,101734,7,5,8,26,-6283,101659,6,5,7,21,49,101783,6,5,8,21,49,,8,6,9,23,54,,10,7,12,22,45,101971,6,5,8,24,46,,7,5,8,23,52,101808,8,7,11,21,50,101817,5,5,9,22,49,101771,7,5,9,22,50,101614,10,7,12,23,47,101749,7,6,9,,,,,,,22,51,101724,7,6,9,26,45,101717,5,4,7,22,45,101815,9,7,11,22,47,101833,6,5,7,,,,,,,22,62,101968,7,5,7,21,48,101817,6,5,8,21,48,101705,9,7,11,21,50,101754,6,5,8,24,38,101675,6,4,6,24,46,101806,8,6,9,22,49,101764,7,5,7,22,48,101759,6,5,8,,,102031,7,5,8,21,50,101823,3,3,5,21,52,101778,6,5,9,22,46,101921,9,7,11,,,,,,,,,,,,,,,,,,,22,47,101798,8,6,10
2017-05-29T10:00:00,,,,,,,23,45,101727,10,7,12,,,,,,,,,101675,5,4,7,22,46,101631,6,5,8,22,40,101679,8,6,10,23,45,101699,6,4,7,,,101673,8,6,10,22,44,101699,5,4,7,23,44,101625,8,6,9,23,47,,9,7,11,26,55,101691,8,6,9,24,50,,7,5,8,25,51,,6,5,8,23,48,,5,5,8,24,50,,7,6,9,23,47,,8,6,10,,,,,,,23,47,,4,3,6,22,47,,8,6,10,,,,,,,27,57,101760,6,5,8,22,42,101686,6,5,7,25,-3506,101600,6,5,7,22,43,101732,6,5,9,22,43,,8,6,10,24,49,,9,7,12,23,40,101928,6,5,7,26,37,,6,4,7,24,47,101757,9,8,12,,,,,,,23,43,101721,6,5,8,23,44,101565,7,6,10,24,42,101697,6,5,8,,,,,,,23,45,101669,6,5,8,27,41,101666,5,4,7,23,40,101762,8,6,10,24,41,101787,5,4,6,,,,,,,23,58,101915,6,5,7,22,42,101775,7,6,10,22,42,101654,9,7,11,23,44,101709,5,4,7,26,34,101631,5,3,5,25,39,101757,7,5,8,24,43,101720,6,4,6,23,43,101711,7,6,9,,,101982,6,4,6,22,44,101774,4,3,6,22,47,101733,6,6,9,23,41,101871,9,6,11,,,,,,,,,,,,,,,,,,,23,42,101749,7,5,9
2017-05-29T11:00:00,,,,,,,24,43,101695,6,5,8,,,,,,,,,101629,4,3,6,23,45,101589,4,4,6,23,37,101639,6,5,8,23,42,101660,5,4,7,,,101636,8,6,10,23,42,101662,5,5,8,25,41,101606,8,6,9,23,44,,7,6,10,27,53,101648,7,5,8,25,47,,7,5,7,25,48,,6,5,8,24,46,,4,4,7,25,49,,7,6,9,23,43,,7,5,8,,,,,,,24,45,,4,4,7,23,44,,7,6,9,,,,,,,26,51,101722,8,6,10,23,39,101648,5,4,7,24,-2307,101554,6,5,7,23,40,101695,5,5,8,23,40,,8,6,10,25,46,,8,6,10,24,37,101887,5,4,7,27,32,,6,4,7,24,44,101718,10,9,14,,,,,,,23,41,101683,5,5,8,23,41,101521,6,5,8,24,39,101656,5,5,8,,,,,,,24,42,101632,7,5,9,24,40,101612,5,4,7,24,37,101724,8,6,10,24,38,101753,5,4,6,,,,,,,23,55,101873,6,5,7,23,39,101742,5,4,6,23,39,101614,10,8,12,24,41,101677,5,4,7,26,32,101603,5,4,5,26,34,101714,7,5,7,26,38,101689,5,4,5,23,40,101668,7,6,9,,,101944,4,3,5,23,41,101733,4,4,7,23,44,101691,7,7,12,23,38,101837,9,6,10,,,,,,,,,,,,,,,,,,,23,39,101709,7,5,9
2017-05-29T12:00:00,,,,,,,26,40,101649,7,5,9,,,,,,,,,101573,6,4,7,24,43,101539,4,3,6,23,34,101586,7,6,9,24,39,101610,5,4,7,,,101590,7,6,9,24,38,101616,5,4,7,27,37,101567,7,5,9,24,41,,7,6,10,27,46,101608,7,5,8,26,44,,7,5,7,26,44,,6,5,8,25,44,,6,5,8,27,47,,8,6,9,24,40,,8,6,9,,,,15,11,17,25,43,,4,4,6,24,42,,7,5,8,,,,,,,27,45,101676,6,5,7,24,35,101601,5,4,6,24,-2086,101498,7,5,8,24,37,101640,5,5,8,24,37,,7,5,8,25,42,,8,6,9,25,34,101838,7,5,8,28,29,,7,5,8,25,40,101667,7,6,10,,,,,,,24,37,101627,5,4,7,24,37,101473,6,6,10,24,35,101600,6,5,8,,,,,,,24,38,101582,6,5,8,25,36,101555,5,4,7,24,34,101676,8,6,10,25,34,101698,4,4,6,,,,,,,24,52,101820,6,4,7,24,36,101680,5,4,6,24,36,101567,10,8,12,25,37,101632,5,4,6,26,29,101572,6,4,6,27,30,101664,7,5,8,27,33,101646,5,3,5,24,37,101618,7,6,9,,,101898,4,3,5,24,37,101686,4,4,6,24,41,101643,6,5,8,24,35,101776,8,6,10,,,,,,,,,,,,,,,,,,,25,35,101654,6,4,7
2017-05-29T13:00:00,,,,,,,27,40,101587,7,5,8,,,,,,,,,101505,6,4,7,23,39,101478,5,4,7,24,34,101522,7,6,10,24,38,101539,5,4,7,,,101524,8,6,9,24,37,101550,5,5,7,28,35,101507,7,5,8,24,40,,8,6,11,26,41,101572,7,5,8,26,43,,6,5,7,26,43,,6,5,7,27,46,,6,5,8,28,47,,7,6,9,25,40,,8,6,10,25,40,,9,7,10,28,49,,5,4,7,28,50,,7,5,9,,,,,,,26,43,101603,6,5,8,24,34,101536,5,4,6,25,-2014,101433,6,5,8,24,36,101590,4,4,7,26,36,,6,5,8,25,40,,8,6,10,25,33,101777,6,5,7,27,32,,5,4,6,25,39,101599,9,8,12,24,37,101578,4,4,7,25,36,101561,5,4,7,25,37,101410,6,6,10,25,35,101534,7,6,10,,,,,,,25,37,101516,7,6,9,25,36,101485,5,4,7,24,33,101609,7,6,10,27,32,101628,4,3,5,,,,,,,25,52,101754,6,5,7,27,33,101604,4,3,5,24,35,101501,11,8,13,25,37,101563,5,4,6,26,30,101499,6,4,6,28,28,101598,7,5,8,28,31,101584,5,3,5,24,36,101556,7,6,9,,,101836,5,3,5,24,37,101622,4,3,6,25,40,101580,6,5,8,25,34,101708,10,7,12,,,,,,,,,,,,,,,,,,,25,35,101588,7,5,8
2017-05-29T14:00:00,,,,,,,27,42,101541,7,5,8,,,,,,,,,101451,6,4,7,24,44,101429,5,5,7,24,35,101476,7,5,8,24,40,101488,5,4,7,,,101473,7,6,9,24,40,101502,6,5,8,28,38,101455,7,5,8,24,43,,8,6,11,24,42,101534,7,6,9,26,45,,6,5,7,26,45,,6,5,8,28,51,,6,5,8,28,50,,8,6,9,25,43,,8,6,10,25,43,,7,6,8,30,55,,5,4,7,30,55,,7,5,8,,,,,,,26,45,101551,6,5,8,24,36,101488,4,3,6,25,-2019,101383,8,6,10,,,,,,,27,38,,7,5,7,25,43,,11,8,14,26,36,101732,6,5,7,25,38,,7,5,8,25,42,101550,8,7,11,24,39,101533,4,4,7,24,39,101514,5,4,7,25,39,101357,8,8,15,25,38,101486,8,6,9,,,,,,,25,39,101469,8,6,10,25,39,101429,5,4,6,24,36,101559,8,6,10,27,33,101563,5,4,7,,,,,,,25,55,101707,5,4,7,27,34,101554,5,4,6,24,38,101451,12,9,14,25,40,101515,5,4,7,25,34,101450,6,4,6,28,31,101550,7,5,8,28,33,101538,5,3,5,25,39,101511,7,5,8,,,101789,4,3,5,24,40,101573,3,3,6,25,43,101537,6,5,8,25,37,101659,10,7,12,,,,,,,,,,,,,,,,,,,25,37,101537,7,5,8
2017-05-29T15:00:00,,,,,,,26,41,101494,7,5,9,,,,,,,,,101403,6,4,7,23,41,101378,6,5,8,24,34,101429,7,6,9,24,40,101439,5,4,7,,,101425,7,6,9,24,39,101453,5,4,7,25,38,101391,7,6,9,24,43,,9,6,11,24,41,101490,7,6,9,25,44,,6,4,7,25,43,,6,5,8,26,46,,6,5,8,27,48,,8,6,9,25,42,,8,6,10,24,42,,6,5,8,28,51,,5,4,7,27,48,,7,5,9,,,,,,,25,44,101513,6,5,8,24,35,101444,4,3,5,24,-2065,101330,8,6,10,,,,,,,27,37,,7,5,7,25,42,,9,6,10,25,35,101689,6,5,7,25,37,,7,5,9,25,41,101503,7,7,11,24,38,101487,4,4,7,24,38,101468,5,4,7,24,38,101314,6,6,10,24,37,101435,8,6,9,,,,,,,24,38,101426,7,5,9,24,38,101384,5,4,7,24,35,101511,7,6,10,28,31,101522,4,4,6,,,,,,,24,53,101661,6,5,8,27,33,101512,6,4,6,24,37,101405,13,9,14,24,39,101462,6,5,8,25,34,101403,8,6,8,26,35,101508,7,6,9,27,35,101490,6,4,5,24,38,101463,7,5,9,,,101744,4,3,5,24,39,101526,7,6,11,25,43,101492,6,5,9,24,36,101611,10,7,12,,,,,,,,,,,,,,,,,,,24,36,101495,7,5,8
2017-05-29T16:00:00,,,,,,,25,44,101443,8,6,10,,,,,,,,,101362,6,5,7,23,47,101340,6,5,7,23,38,101383,9,7,11,23,43,101394,6,5,8,,,101379,9,7,10,23,43,101408,6,5,8,24,42,101331,8,7,10,24,46,,9,6,11,23,45,101443,8,6,10,24,47,,9,6,9,24,46,,7,6,9,26,50,,7,5,9,26,51,,8,6,10,24,46,,9,6,10,24,46,,10,7,11,26,51,,5,4,8,24,47,,8,6,10,,,,,,,24,47,101457,7,6,9,25,38,101402,6,5,7,24,-2013,101286,7,6,9,,,,,,,26,41,,7,5,8,24,45,,9,7,11,24,38,101649,8,6,9,24,40,,8,6,10,24,44,101457,11,10,16,24,43,101443,7,7,11,24,42,101422,6,5,8,24,42,101268,6,5,8,24,40,101392,7,6,9,,,,,,,24,42,101378,8,7,11,24,42,101340,5,4,7,23,38,101468,8,7,11,25,36,101486,4,4,6,,,,,,,24,56,101615,9,7,12,26,37,101470,6,4,7,23,40,101357,14,11,18,24,42,101413,6,5,8,24,39,101357,11,8,12,24,41,101469,9,7,11,25,41,101439,7,5,7,24,42,101421,8,6,9,,,101706,5,3,6,23,43,101489,7,6,11,24,47,101456,9,7,12,24,40,101570,11,8,13,,,,,,,,,,,,,,,,,,,23,40,101449,8,6,10
2017-05-29T17:00:00,,,,,,,23,53,101419,11,7,13,,,,,,,,,101341,10,7,12,23,57,101319,7,6,9,22,47,101365,11,8,13,22,52,101370,8,7,10,,,101357,13,10,16,22,53,101387,8,7,10,22,51,101306,11,8,14,22,54,,11,8,15,22,53,101424,11,9,14,23,55,,9,7,11,23,54,,9,7,11,24,57,,9,7,12,23,57,,12,9,14,23,54,,13,10,17,22,54,,15,12,19,24,58,,8,6,11,23,55,,11,9,14,,,,,,,23,55,101441,9,7,12,23,49,101377,8,6,9,22,-2140,101262,11,9,15,,,,,,,23,50,,9,7,11,23,54,,13,10,17,22,47,101625,13,10,15,22,49,,12,9,15,23,53,101439,11,9,16,22,52,101426,8,6,11,22,51,101402,9,8,13,22,51,101251,8,6,10,23,49,101371,10,8,13,,,,,,,22,51,101356,10,8,12,23,51,101318,8,6,10,22,46,101451,10,8,13,23,48,101465,7,6,9,,,,,,,22,63,101594,14,11,19,23,48,101456,8,6,9,22,49,101337,15,12,19,22,50,101387,10,8,13,23,50,101342,14,11,17,22,50,101448,11,8,13,23,50,101414,13,10,13,22,51,101401,14,12,19,,,101681,9,6,10,22,51,101467,8,7,11,22,54,101433,10,8,14,23,48,101552,13,10,17,,,,,,,,,,,,,,,,,,,22,49,101430,11,8,13
2017-05-29T18:00:00,,,,,,,21,56,101422,16,12,20,,,,,,,,,101345,14,10,16,21,59,101338,9,7,12,21,50,101369,14,12,19,21,56,101376,11,9,14,,,101366,20,16,27,21,56,101388,11,9,13,21,54,101306,14,11,18,21,58,,14,11,20,21,57,101432,15,12,19,21,58,,15,12,18,21,58,,13,10,16,22,59,,16,13,23,21,59,,17,14,22,21,57,,18,15,25,21,57,,15,12,19,21,60,,12,10,17,21,58,,17,13,22,,,,,,,22,59,101440,13,11,17,21,53,101377,11,8,12,21,-2179,101269,14,12,19,,,,,,,21,54,,14,11,17,22,58,,19,16,27,20,51,101629,19,15,24,21,54,,12,9,15,22,57,101449,22,20,34,,,,,,,21,55,101411,12,10,17,21,55,101262,12,9,15,21,54,101377,13,11,17,,,,,,,21,54,101354,13,10,16,21,55,101320,10,8,13,21,50,101466,13,11,18,21,52,101484,11,8,12,,,,,,,21,65,101603,17,14,23,21,52,101466,10,8,12,21,53,101342,16,13,21,21,54,101394,12,9,15,21,57,101361,14,11,16,20,54,101458,15,12,20,21,56,101418,12,9,12,21,55,101406,20,17,28,21,52,101680,14,10,18,21,55,101472,32,36,56,21,57,101436,15,12,21,21,52,101560,19,15,26,,,,,,,,,,,,,,,,,,,21,53,101441,16,12,21
2017-05-29T19:00:00,,,,,,,19,65,101457,22,18,31,,,,,,,,,101380,19,15,25,18,64,101376,12,10,15,19,59,101405,18,15,23,19,65,101412,15,12,19,,,101404,20,16,26,19,67,101425,16,13,21,19,64,101344,18,15,24,19,67,,20,17,31,19,66,101470,19,16,24,19,67,,20,17,29,19,66,,15,13,20,20,68,,21,19,33,19,67,,20,17,29,19,66,,20,17,28,19,66,,17,15,24,19,68,,14,12,21,19,67,,21,17,28,,,,,,,20,68,101489,17,14,23,19,63,101408,14,11,17,19,-2341,101305,18,16,26,,,,,,,19,64,,19,15,24,20,67,,24,21,37,18,61,101664,24,20,32,19,64,,16,12,20,20,67,101490,29,27,44,19,66,101483,17,15,24,19,64,101455,16,13,22,19,64,101302,14,12,19,19,63,101413,19,16,26,,,,,,,19,63,101390,17,14,23,19,64,101358,13,11,19,19,59,101506,20,17,28,19,62,101513,16,14,24,,,,,,,19,73,101634,19,17,27,19,62,101500,12,10,15,19,62,101381,21,18,28,19,64,101429,14,12,19,19,67,101392,22,18,28,19,65,101496,22,19,33,19,66,101450,17,13,19,19,64,101444,24,21,37,19,61,101716,20,16,28,19,64,101507,37,39,63,19,66,101472,16,14,23,19,61,101599,23,19,33,,,,,,,,,,,,,,,,,,,19,61,101476,21,18,31
2017-05-29T20:00:00,,,,,,,19,69,101451,25,20,37,,,,,,,,,101378,23,20,33,16,61,101373,16,14,23,19,63,101415,22,20,33,19,70,101418,20,17,27,,,101410,24,21,35,19,71,101433,20,17,27,19,68,101351,21,18,31,19,71,,24,21,41,19,70,101471,23,20,33,,,,,,,19,70,,21,18,30,19,71,,21,18,32,19,71,,22,19,34,19,69,,20,17,28,19,71,,23,20,35,19,71,,19,17,30,19,71,,27,24,42,,,,,,,19,72,101489,19,17,28,18,68,101413,19,16,25,19,-2456,101307,21,19,33,,,,,,,19,68,,21,18,30,19,70,,24,21,38,18,64,101658,23,20,32,19,68,,22,19,32,20,70,101488,27,25,43,19,70,101477,21,19,33,19,68,101454,19,17,30,18,69,101300,22,19,32,19,67,101415,21,19,32,,,,,,,19,67,101392,19,16,26,19,68,101365,20,18,31,19,64,101508,31,33,54,19,66,101517,18,15,26,,,,,,,18,76,101640,23,20,36,19,67,101502,16,13,21,19,66,101384,28,25,43,19,68,101437,20,18,29,19,69,101386,23,19,31,18,68,101498,25,22,39,18,70,101457,22,18,27,18,68,101445,28,25,45,18,65,101715,24,20,35,19,68,101511,26,24,43,19,69,101466,17,14,24,19,65,101601,25,21,40,,,,,,,,,,,,,,,,,,,18,65,101482,27,24,45
2017-05-29T21:00:00,,,,,,,19,67,101434,31,26,48,,,,,,,,,101363,26,21,37,16,61,101354,21,18,30,19,61,101398,22,20,34,19,68,101402,21,18,31,,,101388,25,22,38,18,68,101409,19,16,25,18,66,101334,24,21,38,19,68,,24,21,42,19,68,101453,24,20,36,,,,,,,19,68,,22,19,32,19,69,,22,19,35,19,69,,25,22,39,19,67,,22,19,32,19,69,,22,19,33,19,69,,24,22,41,19,69,,27,24,43,,,,,,,19,70,101474,21,19,32,18,65,101391,20,16,26,19,-2398,101292,20,18,29,,,,,,,19,66,,22,20,33,19,69,,25,22,41,18,61,101647,28,24,41,19,66,,20,18,29,20,69,101475,29,27,46,19,69,101461,21,19,34,19,67,101433,22,19,35,18,68,101279,23,20,33,19,66,101403,23,20,36,,,,,,,18,66,101368,20,17,27,19,66,101345,19,16,28,18,62,101494,24,21,38,19,64,101495,19,17,28,18,67,101492,27,24,42,18,74,101627,23,20,36,19,65,101476,20,17,27,18,64,101364,27,24,41,19,67,101422,20,17,29,19,68,101374,27,24,40,18,66,101488,25,22,39,18,68,101443,25,21,33,18,66,101437,30,27,47,18,63,101701,24,20,36,18,66,101500,24,22,40,18,67,101459,20,17,30,19,63,101589,26,23,43,,,,,,,,,,,,,,,,,,,18,64,101466,27,24,45
2017-05-29T22:00:00,,,,,,,19,65,101423,28,23,43,,,,,,,,,101353,25,20,35,17,60,101338,22,19,33,19,59,101389,22,19,33,19,66,101394,21,18,29,,,101380,25,21,38,19,68,101403,19,17,26,19,64,101326,26,22,39,19,66,,23,20,39,19,66,101450,24,21,36,19,67,,27,24,42,19,66,,22,19,32,19,66,,19,16,28,19,66,,24,21,38,19,64,,20,16,27,19,67,,22,19,33,19,66,,23,21,39,19,67,,27,24,42,,,,,,,19,67,101467,24,20,36,19,64,101383,19,16,26,19,-2246,101281,21,19,33,,,,,,,19,64,,23,21,35,19,66,,26,23,42,18,59,101633,21,17,27,19,64,,22,19,32,20,66,101465,24,22,40,19,67,101454,21,19,33,19,66,101426,22,20,36,19,66,101273,24,21,36,19,64,101394,24,20,36,,,,,,,18,65,101360,22,19,33,19,65,101333,18,15,25,19,66,101489,25,22,39,19,63,101488,20,17,31,19,65,101491,25,22,39,19,73,101617,24,21,37,19,63,101467,20,18,28,19,63,101355,26,22,39,19,65,101410,20,18,29,19,66,101365,26,22,36,18,64,101480,23,20,35,19,65,101433,24,20,31,18,63,101422,23,20,34,19,61,101688,22,19,31,19,64,101485,20,18,30,19,65,101447,14,12,21,19,61,101583,26,21,41,,,,,,,,,,,,,,,,,,,18,62,101458,27,24,45
2017-05-29T23:00:00,,,,,,,18,73,101424,25,21,36,,,,,,,,,101355,21,17,27,17,73,101350,19,17,28,18,67,101395,22,20,34,18,75,101397,20,17,27,,,101389,25,22,39,17,78,101407,19,16,26,18,72,101332,24,21,36,18,74,,21,19,34,18,74,101457,23,20,34,,,,,,,18,74,,22,19,31,18,74,,17,14,24,18,74,,22,19,32,18,73,,19,15,25,18,75,,21,18,31,18,75,,22,19,35,18,75,,26,22,40,,,,,,,18,75,101475,21,19,32,17,72,101387,17,14,22,18,-2455,101293,20,19,31,,,,,,,18,74,,21,19,31,18,74,,24,21,38,17,66,101637,20,15,24,18,73,,21,18,30,19,74,101469,22,20,35,18,75,101455,20,18,33,18,75,101433,22,20,36,17,74,101282,24,21,36,18,72,101405,22,19,33,,,,,,,17,73,101364,20,18,30,18,74,101338,19,17,27,17,72,101494,23,20,34,18,71,101501,20,17,28,18,72,101500,22,19,32,17,79,101619,22,19,33,18,71,101482,21,18,29,17,71,101360,25,21,36,18,73,101416,20,17,27,18,73,101368,24,20,33,17,71,101486,20,18,30,18,73,101434,21,17,23,17,71,101426,22,18,30,17,70,101688,19,15,24,17,72,101489,18,16,26,17,72,101451,14,12,21,18,68,101589,23,19,33,,,,,,,,,,,,,,,,,,,17,69,101464,24,21,40
2017-05-30T00:00:00,,,,,,,16,78,101413,24,20,35,,,,,,,,,101346,21,16,26,16,77,101353,18,15,24,16,73,101382,22,19,32,16,81,101387,21,19,31,,,101377,25,22,39,16,82,101397,20,17,27,16,78,101321,22,19,33,17,80,,22,19,34,17,80,101448,22,19,32,,,,,,,16,80,,22,20,32,16,79,,17,14,24,16,80,,20,18,30,16,79,,19,16,26,17,81,,20,18,29,16,80,,21,19,33,16,81,,23,19,33,,,,,,,17,81,101463,20,18,30,16,79,101379,20,17,26,17,-2575,101281,21,19,31,,,,,,,16,80,,21,19,31,17,79,,22,19,34,16,72,101627,22,17,26,16,79,,21,18,30,17,79,101459,21,19,32,,,,,,,16,81,101429,22,19,35,16,79,101272,25,22,38,17,78,101393,20,18,29,,,,,,,16,79,101353,20,17,27,17,82,101329,20,18,30,16,78,101490,22,20,34,16,77,101485,20,17,28,16,78,101493,20,17,28,16,82,101606,20,17,29,16,78,101474,21,19,30,16,77,101350,24,21,37,17,79,101407,21,18,30,16,79,101359,22,18,28,16,77,101479,21,18,31,16,79,101419,20,16,23,16,77,101411,20,16,26,16,75,101674,19,15,24,16,78,101476,20,16,27,16,78,101438,14,12,21,17,73,101580,22,18,31,,,,,,,,,,,,,,,,,,,16,74,101454,22,19,34
2017-05-30T01:00:00,,,,,,,16,81,101383,24,19,33,,,,,,,,,101316,22,18,29,15,78,101328,18,15,25,16,76,101353,22,20,34,16,84,101358,21,19,31,,,101347,26,23,40,15,84,101364,20,16,26,16,80,101290,21,18,31,16,82,,22,19,35,16,82,101422,22,19,31,16,81,,21,18,29,16,83,,22,20,32,16,82,,15,13,21,16,82,,20,17,29,16,81,,19,16,25,16,83,,21,19,31,16,81,,20,17,29,16,83,,24,21,37,,,,,,,16,83,101436,20,17,28,15,81,101350,21,17,27,16,-2444,101252,21,19,32,,,,,,,16,84,,21,18,29,16,81,,22,19,32,15,76,101589,19,15,23,16,81,,22,19,30,17,81,101426,19,18,29,,,,,,,16,84,101401,21,19,33,15,83,101241,23,21,35,16,81,101364,21,18,30,,,,,,,16,81,101323,20,17,28,16,84,101297,20,18,30,15,82,101467,23,20,34,16,80,101460,20,17,28,16,81,101462,21,18,29,15,84,101574,20,17,28,15,80,101454,22,19,30,15,80,101318,25,21,37,16,82,101381,21,19,31,15,81,101336,21,17,26,15,80,101445,20,17,28,15,81,101387,20,16,22,15,79,101374,20,15,25,16,78,101643,20,16,27,15,80,101441,16,14,23,16,80,101403,13,11,19,16,76,101555,24,20,35,,,,,,,,,,,,,,,,,,,15,77,101424,24,21,39
2017-05-30T02:00:00,,,,,,,15,87,101383,25,21,36,,,,,,,,,101317,23,19,30,15,88,101332,19,15,25,15,81,101352,22,20,34,14,88,101359,23,20,34,,,101348,26,23,40,14,88,101365,18,16,25,15,87,101293,23,20,34,15,87,,24,20,38,15,87,101426,23,20,33,15,86,,22,19,33,15,88,,23,20,34,15,86,,13,10,17,15,88,,21,18,30,14,85,,20,16,26,15,88,,21,19,32,14,86,,19,16,27,14,88,,25,22,38,,,,,,,15,88,101439,21,18,30,14,87,101350,20,16,26,15,-2532,101251,21,19,31,,,,,,,14,88,,21,18,29,15,87,,22,18,33,13,85,101590,19,15,23,14,88,,23,19,32,15,87,101428,20,17,29,,,,,,,14,88,101403,22,20,35,14,87,101245,24,21,36,15,87,101367,22,19,31,,,,,,,15,86,101322,17,14,23,14,88,101300,21,19,32,14,88,101471,23,21,35,15,85,101460,21,18,30,14,87,101466,22,19,32,14,88,101573,20,17,27,14,86,101455,23,20,33,14,86,101318,25,22,39,15,88,101379,21,19,31,14,87,101337,21,18,26,14,86,101452,19,16,27,14,87,101388,20,16,23,14,85,101376,22,18,29,15,84,101652,22,19,33,14,85,101441,14,12,19,14,85,101408,11,9,16,15,81,101563,24,20,36,,,,,,,,,,,,,,,,,,,14,82,101427,26,23,43
2017-05-30T03:00:00,,,,,,,14,87,101384,26,21,37,,,,,,,,,101317,24,20,33,15,88,101331,19,16,25,14,82,101354,22,20,34,14,88,101359,22,19,32,,,101349,26,23,39,14,88,101366,20,17,27,14,88,101295,23,20,35,14,88,,23,20,38,14,88,101428,26,22,38,14,87,,22,19,32,14,88,,23,20,33,14,87,,12,10,16,14,88,,22,19,32,14,86,,20,16,27,15,88,,18,16,25,14,87,,19,16,28,14,88,,28,26,44,,,,,,,15,88,101443,22,19,31,14,88,101351,21,17,28,14,-2681,101251,23,21,36,,,,,,,14,88,,22,19,31,15,87,,22,19,33,13,88,101591,23,19,29,14,88,,23,20,34,15,87,101428,21,18,31,,,,,,,14,88,101399,23,20,36,14,88,101241,24,21,36,14,87,101365,21,19,30,,,,,,,14,87,101323,22,19,32,14,88,101301,21,19,31,14,88,101472,24,21,36,14,86,101463,20,18,30,14,88,101470,21,18,30,14,88,101575,23,20,34,14,87,101453,23,21,34,14,88,101319,25,22,39,15,88,101378,21,18,31,14,88,101340,22,18,28,13,88,101453,19,17,27,14,88,101390,21,17,25,14,85,101381,23,20,34,14,84,101651,19,15,26,14,87,101438,15,13,21,14,85,101406,12,10,17,14,81,101564,25,21,38,,,,,,,,,,,,,,,,,,,13,83,101429,25,21,40
2017-05-30T04:00:00,,,,,,,16,81,101393,26,22,39,,,,,,,,,101327,22,18,29,16,83,101329,19,16,26,16,77,101366,22,19,32,16,84,101370,20,17,28,,,101359,27,24,43,17,84,101389,19,17,27,16,81,101306,23,20,35,16,82,,22,19,34,16,82,101434,22,19,30,16,81,,22,19,33,16,82,,22,19,31,16,82,,13,11,18,16,82,,21,19,31,15,80,,17,14,22,18,84,,17,15,24,16,82,,20,18,31,16,82,,23,20,34,,,,,,,16,84,101449,22,19,32,16,82,101365,23,19,31,17,-3440,101269,24,22,38,,,,,,,16,84,,22,20,32,16,81,,22,19,33,15,81,101600,22,18,27,16,83,,22,19,32,17,81,101441,21,19,31,,,,,,,17,84,101400,20,18,32,16,83,101250,22,19,31,16,81,101375,21,18,30,,,,,,,16,82,101336,22,20,34,16,84,101314,20,18,30,16,83,101475,24,21,38,16,79,101472,18,15,25,16,82,101478,21,18,29,16,84,101589,21,18,32,15,82,101457,22,19,32,16,81,101328,23,20,34,16,81,101385,20,17,27,16,83,101340,23,20,31,15,82,101462,20,18,30,15,82,101403,22,18,26,15,79,101394,24,21,35,,,101658,19,15,24,18,81,101458,15,13,22,15,80,101415,13,11,18,16,76,101575,24,20,37,,,,,,,,,,,,,,,,,,,15,77,101438,24,21,38
2017-05-30T05:00:00,,,,,,,17,80,101402,24,20,34,,,,,,,,,101333,21,16,26,18,84,101326,17,14,23,17,75,101377,20,17,28,17,84,101378,18,15,24,,,101370,23,20,34,18,84,101401,18,15,24,17,80,101316,22,19,31,18,83,,21,18,32,17,81,101439,22,19,32,18,84,,19,16,26,17,81,,20,17,28,17,81,,15,12,20,17,82,,21,18,32,17,80,,15,13,20,19,84,,18,15,25,17,82,,20,17,30,17,82,,27,24,41,,,,,,,18,84,101456,20,17,28,17,81,101375,19,16,26,19,-4073,101281,19,17,28,,,,,,,17,81,,21,18,28,17,80,,21,18,32,16,77,101608,20,16,25,17,81,,20,16,26,18,81,101450,19,17,29,,,,,,,18,82,101411,18,15,26,17,82,101261,19,16,26,18,80,101383,19,17,27,,,,,,,17,81,101350,21,18,30,18,84,101326,18,16,26,17,79,101472,21,19,32,17,78,101486,16,14,22,17,82,101485,19,16,26,19,84,101605,18,16,27,17,79,101469,18,14,22,17,80,101341,23,20,34,17,80,101390,19,15,25,17,82,101341,23,19,31,16,80,101468,20,17,28,17,82,101414,22,19,28,17,80,101401,24,20,34,,,101662,17,12,20,17,80,101474,18,15,26,16,80,101423,13,11,18,17,75,101579,22,18,30,,,,,,,,,,,,,,,,,,,16,77,101448,26,23,44
2017-05-30T06:00:00,,,,,,,20,69,101420,20,15,26,,,,,,,,,101349,18,14,22,19,69,101337,15,12,19,20,64,101387,18,16,25,21,71,101397,14,11,18,,,101382,19,16,26,21,71,101418,14,11,17,19,69,101331,19,16,26,20,71,,17,14,25,20,70,101446,19,16,25,,,,,,,19,70,,17,14,22,20,71,,16,13,22,20,70,,18,15,24,19,69,,18,14,23,22,76,,15,12,19,19,70,,15,13,22,19,71,,22,19,32,,,,,,,21,73,101471,18,15,25,19,68,101390,15,12,18,23,-4826,101298,14,12,19,20,67,101451,13,12,19,19,69,,17,14,22,20,69,,18,15,25,19,65,101629,22,17,27,20,68,,16,13,20,20,70,101462,17,15,24,,,,,,,21,69,101428,15,13,21,19,70,101275,18,16,26,22,65,101402,16,13,22,,,,,,,20,70,101371,17,14,22,21,70,101342,13,11,17,20,66,101482,18,15,25,19,66,101496,14,12,19,20,70,101498,18,14,23,21,76,101628,16,14,23,19,67,101476,15,12,19,20,67,101360,19,17,27,19,68,101404,15,13,21,20,68,101354,20,16,23,19,70,101483,18,15,25,20,69,101428,19,15,21,20,67,101421,21,17,28,,,101682,16,11,19,20,69,101488,13,11,18,19,70,101438,18,15,25,20,65,101593,20,16,27,,,,,,,,,,,,,,,,,,,19,66,101456,22,19,34
2017-05-30T07:00:00,,,,,,,21,61,101413,20,15,26,,,,,,,,,101341,18,14,22,20,60,101327,15,12,20,21,56,101367,16,14,21,23,65,101387,13,11,17,,,101366,18,15,24,22,62,101399,13,11,18,21,60,101317,18,15,25,22,63,,19,16,29,22,64,101426,18,15,24,22,64,,19,16,25,22,63,,17,14,22,21,63,,15,13,21,21,63,,19,16,26,21,62,,18,15,23,23,68,,14,12,18,21,62,,16,14,23,21,62,,19,15,24,,,,,,,24,69,101452,15,12,20,21,60,101373,15,13,20,25,-4615,101281,14,12,19,21,60,101430,14,13,20,21,60,,17,14,21,22,62,,19,16,27,21,57,101622,19,15,22,22,60,,16,12,19,23,65,101452,16,14,22,,,,,,,23,62,101408,14,12,20,21,62,101256,19,17,27,23,59,101386,16,13,21,,,,,,,23,63,101360,15,12,19,24,62,101334,13,11,18,22,57,101454,17,14,23,21,59,101473,14,12,20,22,62,101476,18,15,25,24,70,101611,14,11,17,21,60,101456,16,13,20,22,59,101346,21,18,29,21,60,101390,15,13,20,23,58,101335,17,13,19,21,62,101467,17,15,25,21,61,101413,18,13,19,21,61,101409,18,14,23,,,101671,17,13,22,21,62,101472,13,11,19,21,62,101435,16,13,22,22,57,101567,21,17,29,,,,,,,,,,,,,,,,,,,21,59,101438,19,15,25
2017-05-30T08:00:00,,,,,,,24,53,101377,21,16,28,,,,,,,,,101318,15,12,19,20,47,101281,15,12,19,23,48,101335,15,12,19,27,57,101372,11,9,14,,,101334,16,13,21,23,54,101361,14,11,17,24,52,101278,17,14,22,24,56,,18,15,27,25,56,101381,18,14,23,25,58,,15,12,18,25,57,,15,12,19,23,55,,15,12,21,24,55,,17,15,23,23,54,,18,15,23,25,59,,14,12,19,23,54,,14,12,20,23,55,,17,14,23,,,,,,,28,63,101416,14,11,18,23,51,101342,13,10,16,29,-6814,101255,12,10,15,23,52,101390,15,13,21,23,52,,16,13,20,24,55,,19,16,26,24,49,101584,18,13,20,25,51,,15,12,18,26,57,101416,16,14,23,23,53,101412,13,12,19,25,53,101373,15,13,22,23,54,101226,16,13,21,25,51,101347,17,14,23,,,,,,,26,53,101342,14,12,18,28,50,101319,9,8,13,25,48,101416,16,14,22,24,51,101451,14,12,19,25,54,101426,15,12,20,26,63,101580,12,9,14,23,51,101417,18,14,22,23,51,101311,21,17,28,23,53,101362,16,14,22,26,44,101283,13,10,14,25,52,101421,15,13,21,23,52,101374,15,11,15,24,52,101375,17,14,21,,,101633,14,11,23,24,53,101437,12,10,17,23,54,101394,16,13,22,24,49,101522,20,15,25,,,,,,,,,,,,,,,,,,,24,51,101403,17,13,21
2017-05-30T09:00:00,,,,,,,25,50,101397,17,13,22,,,,,,,,,101342,13,10,16,23,46,101300,14,11,18,24,45,101350,15,13,20,27,53,101383,12,10,15,,,101348,17,14,22,25,51,101379,14,12,18,25,49,101297,17,14,22,25,52,,17,14,24,27,55,101379,16,13,20,,,,,,,27,55,,15,12,19,25,52,,13,11,18,25,52,,16,13,21,25,52,,17,14,21,26,55,,14,12,18,25,51,,12,10,17,25,52,,18,14,23,,,,,,,29,61,101432,14,11,17,25,48,101361,14,11,17,30,-6109,101280,12,10,15,25,49,101403,14,12,19,25,48,,16,13,20,26,53,,17,14,23,25,45,101605,15,11,17,27,47,,15,11,17,26,52,101436,21,22,40,24,50,101424,15,13,21,26,50,101389,15,13,21,25,50,101240,18,15,25,26,48,101366,16,13,21,,,,,,,26,51,101361,15,12,18,30,46,101341,10,8,13,26,45,101433,17,14,23,26,47,101459,13,11,18,26,50,101447,14,11,18,26,61,101599,13,10,16,24,48,101440,16,13,20,25,48,101325,20,17,27,25,50,101384,15,12,19,28,37,101305,12,8,12,27,46,101437,14,12,18,25,49,101396,14,10,14,25,48,101394,14,11,18,,,101655,13,10,20,25,49,101457,12,10,16,25,51,101409,13,11,18,25,46,101538,18,13,22,,,,,,,,,,,,,,,,,,,25,48,101414,18,13,22
2017-05-30T10:00:00,,,,,,,27,50,101385,18,14,23,,,,,,,,,101331,16,12,18,23,45,101290,15,12,19,25,44,101335,17,14,22,27,51,101356,15,11,18,,,101337,18,15,24,26,50,101367,16,13,20,27,49,101290,17,15,23,26,51,,18,15,26,29,57,101349,15,13,19,27,54,,15,12,18,28,56,,16,13,21,26,52,,15,12,19,27,54,,17,15,24,26,51,,17,14,23,27,53,,15,12,19,26,51,,13,11,19,26,51,,19,16,26,,,,,,,30,60,101417,15,12,20,26,48,101352,15,12,19,29,-3590,101264,15,13,20,26,48,101380,17,14,22,26,48,,17,14,22,27,53,,18,15,26,26,44,101598,16,13,19,30,44,,14,11,17,27,51,101419,20,19,34,25,50,101411,16,14,23,27,49,101379,15,13,21,26,49,101229,17,15,25,27,47,101352,17,15,23,,,,,,,27,50,101346,16,14,22,30,47,101325,12,10,16,27,44,101415,18,16,25,28,46,101442,13,11,17,27,49,101436,14,12,19,27,61,101579,14,11,17,25,47,101431,16,12,19,26,47,101310,20,18,29,26,49,101375,15,12,19,29,37,101294,13,9,13,28,45,101426,15,12,20,27,48,101386,15,11,15,26,48,101383,16,12,19,,,101647,14,11,20,26,49,101449,12,10,17,26,50,101406,14,12,20,27,46,101519,19,14,24,,,,,,,,,,,,,,,,,,,27,47,101398,18,14,23
2017-05-30T11:00:00,,,,,,,29,46,101369,17,13,22,,,,,,,,,101301,17,13,20,24,40,101264,15,12,19,27,40,101312,17,15,23,28,46,101331,15,11,18,,,101314,18,15,24,27,45,101344,16,13,20,30,45,101286,16,14,22,27,47,,18,15,26,30,51,101327,15,12,18,,,,,,,29,50,,16,13,21,28,48,,15,12,20,29,52,,16,14,24,27,46,,17,14,23,28,48,,14,12,19,28,48,,14,12,21,27,47,,19,16,26,,,,,,,30,53,101395,15,13,21,27,43,101332,16,13,20,28,-2252,101231,16,13,20,27,43,101353,17,14,23,27,43,,17,14,21,29,49,,18,15,27,28,40,101580,16,12,19,32,35,,13,10,15,28,46,101396,24,24,44,,,,,,,28,44,101354,15,12,21,27,44,101205,17,14,22,28,43,101324,17,14,23,,,,,,,28,45,101326,17,14,23,29,43,101286,13,11,18,28,40,101389,18,16,26,29,41,101418,13,12,19,28,44,101413,14,12,18,28,57,101557,15,12,18,27,43,101398,15,12,19,27,43,101289,20,17,29,28,44,101355,14,11,17,31,34,101293,13,9,14,30,40,101404,14,12,19,30,42,101369,15,10,14,27,43,101364,17,13,20,,,101624,15,11,18,27,44,101431,13,10,17,27,46,101381,15,12,20,28,41,101493,20,15,25,,,,,,,,,,,,,,,,,,,28,43,101374,18,14,24
2017-05-30T12:00:00,,,,,,,29,48,101320,17,13,22,,,,,,,,,101240,19,14,22,26,47,101207,15,12,20,27,42,101259,19,16,26,28,47,101271,16,13,20,,,101258,19,16,26,27,47,101288,16,13,21,30,45,101230,17,14,24,28,48,,18,15,28,29,51,101276,16,14,21,,,,,,,29,52,,17,14,22,29,52,,16,13,22,30,54,,16,14,23,27,47,,18,15,24,28,49,,17,15,23,29,50,,14,12,21,28,50,,20,17,29,,,,,,,30,53,101336,16,14,22,27,44,101274,17,13,20,28,-2223,101173,17,14,23,28,45,101292,16,14,23,28,44,,17,14,22,29,49,,19,16,29,28,41,101524,17,13,19,31,38,,15,12,19,28,47,101338,19,18,32,,,,,,,28,46,101295,16,14,24,28,46,101150,18,16,26,28,44,101267,18,15,25,,,,,,,28,46,101267,17,15,24,28,45,101217,15,13,21,28,41,101334,19,16,27,29,42,101357,14,12,20,28,45,101358,15,13,21,28,58,101492,15,12,19,28,44,101338,16,14,21,27,44,101234,21,18,31,28,46,101298,16,13,21,29,38,101225,17,12,18,30,40,101342,15,12,21,30,42,101326,14,10,13,27,44,101309,16,13,20,,,101568,14,11,17,27,45,101370,13,10,17,27,48,101328,16,13,21,28,42,101434,20,15,25,,,,,,,,,,,,,,,,,,,28,43,101318,19,15,25
2017-05-30T13:00:00,,,,,,,29,45,101264,18,14,23,,,,,,,,,101182,18,14,22,24,40,101160,16,13,22,27,39,101211,20,17,29,28,45,101218,17,14,22,,,101204,19,16,26,28,44,101234,17,13,21,29,43,101169,17,14,24,28,47,,19,16,29,28,46,101242,18,16,25,29,48,,15,13,20,29,48,,18,15,24,29,50,,15,13,21,30,51,,17,14,24,28,46,,19,16,25,28,47,,18,15,24,30,51,,15,12,21,29,51,,19,16,27,,,,,,,29,50,101281,17,14,23,27,41,101219,17,13,21,28,-2141,101128,19,16,28,28,43,101240,17,15,24,28,42,,17,14,22,28,46,,19,16,29,28,38,101465,17,12,18,29,41,,18,15,25,28,45,101281,101,113,158,,,,,,,27,44,101245,17,15,26,28,44,101096,19,16,28,28,42,101218,19,16,27,,,,,,,28,44,101214,17,14,23,28,42,101164,15,12,20,27,39,101278,20,17,30,28,42,101312,16,14,22,28,43,101299,16,13,21,28,56,101437,15,13,20,28,42,101296,17,14,22,27,42,101183,21,18,32,27,44,101251,18,15,24,29,36,101193,16,12,17,30,38,101282,15,13,21,30,39,101260,14,10,13,28,42,101248,16,12,19,,,101515,15,11,20,27,43,101307,13,11,18,28,46,101270,15,13,21,28,40,101373,21,16,27,,,,,,,,,,,,,,,,,,,28,41,101262,20,16,26
2017-05-30T14:00:00,,,,,,,26,59,101257,19,15,26,,,,,,,,,101171,19,15,24,22,50,101157,17,15,23,26,52,101198,16,14,22,25,57,101203,17,13,21,,,101187,18,15,24,25,56,101217,16,14,21,27,55,101149,17,15,25,26,60,,19,17,31,26,58,101233,18,15,24,26,58,,16,12,19,26,60,,17,14,23,27,64,,16,13,22,27,64,,18,15,26,25,60,,20,17,27,26,59,,16,14,22,28,64,,14,12,21,28,66,,19,16,27,,,,,,,27,61,101264,17,14,22,25,54,101202,17,13,20,26,-2411,101115,19,16,28,26,55,101231,18,16,26,26,56,,17,14,22,26,59,,20,17,29,26,50,101452,18,14,21,26,55,,17,15,23,26,58,101269,20,18,31,,,,,,,25,57,101237,17,14,25,26,57,101088,18,16,25,26,55,101210,19,16,27,,,,,,,26,56,101193,17,14,23,26,55,101146,14,12,19,25,52,101269,23,20,35,27,54,101301,16,13,22,26,56,101290,16,13,21,25,67,101431,17,14,24,27,54,101275,16,13,20,25,54,101166,20,18,30,25,57,101236,17,15,24,26,51,101182,17,13,19,27,52,101272,15,13,22,27,53,101246,14,10,14,25,54,101235,18,14,23,25,59,101510,16,12,23,25,55,101298,14,12,19,25,58,101256,16,13,22,26,53,101367,21,16,27,,,,,,,,,,,,,,,,,,,25,53,101254,19,15,25
2017-05-30T15:00:00,,,,,,,25,64,101236,19,14,25,,,,,,,,,101154,19,15,24,21,59,101154,18,15,25,24,58,101190,17,15,23,24,67,101197,17,14,23,,,101182,19,16,26,24,63,101209,16,13,20,24,62,101131,18,15,24,24,68,,19,16,30,24,65,101234,18,15,24,,,,,,,24,66,,17,14,22,25,69,,16,14,23,25,69,,18,15,25,23,67,,21,19,31,24,67,,17,14,23,25,70,,14,12,21,25,69,,19,16,28,,,,,,,25,68,101258,17,15,25,23,61,101192,16,13,20,24,-2620,101104,19,17,28,24,65,101229,18,16,26,24,60,,17,15,23,24,65,,19,16,28,24,57,101437,19,15,22,24,72,,19,16,25,24,64,101258,18,16,26,,,,,,,24,68,101231,18,15,27,24,64,101087,19,16,26,24,64,101204,19,16,27,,,,,,,24,63,101181,17,14,22,24,62,101137,14,12,20,24,58,101263,54,54,81,24,61,101299,15,13,21,24,63,101282,17,14,22,24,72,101420,19,17,30,25,65,101281,19,17,28,24,60,101159,20,17,29,23,64,101225,18,15,25,24,63,101163,18,14,20,24,61,101263,16,14,23,24,65,101232,17,13,18,24,62,101218,18,14,23,,,101491,16,12,22,24,63,101284,17,15,25,24,66,101242,17,14,24,24,60,101356,21,16,27,,,,,,,,,,,,,,,,,,,23,60,101251,20,16,27
2017-05-30T16:00:00,,,,,,,23,63,101394,19,15,25,,,,,,,,,101308,16,13,20,23,67,101286,16,14,25,22,65,101346,17,15,25,22,66,101362,16,13,22,,,101329,17,14,23,21,67,101343,13,11,18,22,62,101262,16,13,22,22,65,,18,15,28,22,63,101418,17,14,22,23,63,,14,12,18,22,63,,16,14,22,23,65,,15,12,21,23,64,,17,15,24,22,65,,18,15,25,22,63,,13,11,18,23,64,,12,10,17,22,65,,17,14,24,,,,,,,23,66,101409,15,13,20,21,65,101331,14,11,18,22,-1719,101252,21,19,32,22,65,101416,17,15,25,22,68,,16,14,22,23,64,,22,19,32,22,55,101558,16,12,19,21,70,,19,16,28,23,63,101405,15,14,23,22,64,101472,12,11,18,22,66,101405,17,15,26,22,64,101281,16,13,22,23,64,101355,19,17,28,,,,,,,22,61,101289,14,11,18,22,64,101303,12,10,17,22,62,101446,25,24,38,22,63,101484,14,12,20,22,62,101424,14,12,19,22,70,101525,14,12,20,22,69,101428,15,13,21,22,61,101325,20,17,28,22,64,101377,17,14,23,22,62,101396,13,10,15,22,60,101397,16,13,22,22,61,101374,13,9,13,22,59,101334,15,12,20,,,101639,15,11,21,22,60,101406,12,10,17,22,63,101374,14,12,21,23,58,101510,19,15,24,,,,,,,,,,,,,,,,,,,22,59,101419,17,14,24
2017-05-30T17:00:00,,,,,,,18,85,101535,16,12,21,,,,,,,,,101462,13,11,17,18,81,101483,16,14,24,17,86,101471,20,18,29,17,86,101489,16,13,22,,,101471,14,12,19,17,86,101504,14,13,20,18,86,101420,13,11,18,17,82,,12,10,18,17,82,101571,13,11,18,18,84,,14,12,19,17,82,,13,11,18,18,85,,12,10,16,18,84,,15,13,20,17,83,,13,10,17,17,83,,12,10,17,18,85,,10,8,15,17,83,,15,13,20,,,,,,,19,86,101565,11,9,15,17,86,101483,16,14,22,17,-1492,101382,12,10,17,17,86,101581,10,9,15,17,86,,14,12,20,18,84,,14,11,19,18,86,101751,15,12,18,17,86,,11,9,15,18,83,101546,11,10,16,17,86,101598,11,9,16,17,86,101557,12,10,17,17,86,101411,18,16,27,18,85,101498,10,8,14,,,,,,,18,86,101453,12,10,17,18,86,101425,12,10,17,17,84,101624,15,14,23,18,85,101618,7,7,11,18,86,101614,13,11,18,17,86,101696,13,11,18,17,86,101658,8,7,12,17,86,101447,14,12,19,18,86,101520,9,8,13,18,86,101482,14,10,16,18,86,101588,15,13,20,18,85,101506,15,11,16,17,85,101530,14,12,20,,,101798,11,9,16,18,85,101603,11,9,16,18,84,101564,11,9,15,18,80,101704,16,12,20,,,,,,,,,,,,,,,,,,,17,81,101557,17,14,24
2017-05-30T18:00:00,,,,,,,17,90,101624,19,15,26,,,,,,,,,101547,15,12,19,15,76,101537,13,12,20,17,90,101580,18,16,25,16,90,101575,16,14,23,,,101582,14,12,19,16,90,101597,13,11,18,17,90,101527,13,11,18,17,88,,14,11,21,17,87,101678,13,10,17,,,,,,,17,88,,13,11,18,17,90,,12,10,18,17,89,,15,13,20,17,89,,15,12,20,17,88,,10,9,14,18,90,,11,10,17,17,88,,15,13,22,,,,,,,18,90,101666,11,9,16,16,90,101582,15,12,20,17,-1642,101451,15,14,23,17,90,101670,12,10,17,17,90,,14,11,18,18,89,,15,12,20,17,90,101836,17,14,22,16,90,,12,11,17,18,88,101648,17,15,26,17,90,101684,10,9,15,17,90,101644,12,10,17,16,90,101497,17,14,24,18,90,101579,12,10,16,,,,,,,17,90,101562,11,9,16,17,90,101533,12,10,16,17,90,101727,20,18,30,17,90,101698,8,7,12,17,90,101717,13,11,18,17,90,101818,17,14,23,17,90,101666,10,9,14,17,90,101549,15,13,22,17,90,101586,10,9,14,17,90,101600,15,12,17,17,90,101686,16,14,22,18,90,101636,18,14,19,17,90,101622,16,14,22,17,90,101879,12,11,19,17,90,101687,14,13,21,17,89,101644,12,10,18,18,85,101802,17,13,23,,,,,,,,,,,,,,,,,,,17,86,101669,16,13,23
2017-05-30T19:00:00,,,,,,,17,93,101569,25,21,38,,,,,,,,,101492,22,19,30,15,83,101512,14,13,21,17,94,101522,20,17,27,16,94,101523,19,16,27,,,101519,19,16,26,16,94,101545,20,18,29,16,94,101474,21,19,32,17,93,,20,17,31,17,92,101615,18,16,25,,,,,,,16,93,,19,17,27,17,94,,20,17,29,17,94,,20,17,29,16,93,,20,17,28,16,93,,18,16,26,17,94,,18,15,26,17,94,,20,17,28,,,,,,,18,94,101614,18,15,24,16,94,101521,19,16,26,17,-1877,101417,24,22,39,17,94,101612,19,16,27,17,94,,20,17,28,17,93,,22,19,33,16,94,101787,29,26,43,16,94,,18,16,26,18,94,101605,33,31,51,17,94,101615,15,14,23,17,94,101582,16,14,24,16,94,101429,22,20,33,17,94,101537,18,15,25,,,,,,,16,94,101504,20,17,28,17,94,101471,15,13,21,16,94,101671,25,22,39,17,94,101638,13,12,19,17,94,101660,20,17,28,17,94,101767,20,17,28,16,94,101613,14,11,18,17,94,101491,20,17,29,17,94,101543,17,14,23,17,94,101510,20,17,25,16,94,101638,22,20,35,17,94,101603,19,16,22,17,94,101578,22,19,31,17,94,101830,18,15,25,17,94,101630,25,23,39,17,94,101595,18,16,27,17,90,101747,22,18,31,,,,,,,,,,,,,,,,,,,16,91,101608,23,20,37
2017-05-30T20:00:00,,,,,,,16,92,101414,26,23,41,,,,,,,,,101339,24,20,34,16,84,101382,19,16,27,16,92,101372,22,20,34,16,92,101390,23,20,34,,,101369,22,20,34,16,92,101390,23,20,34,16,92,101317,23,20,35,17,92,,21,19,35,16,91,101462,23,20,35,,,,,,,16,92,,23,21,35,17,92,,19,16,27,16,92,,21,19,32,16,91,,22,19,31,16,92,,22,20,33,17,92,,19,16,28,16,92,,24,20,35,,,,,,,17,92,101470,20,18,29,16,92,101366,23,20,33,16,-2002,101288,25,22,39,16,92,101463,26,24,42,16,92,,22,19,31,17,91,,23,20,35,16,92,101624,25,22,35,16,92,,22,20,33,17,92,101456,27,25,43,17,92,101465,18,16,27,17,92,101439,21,18,34,16,92,101290,25,23,40,17,92,101401,21,18,30,,,,,,,16,92,101345,22,20,34,17,92,101324,20,18,30,16,92,101526,27,25,45,16,92,101511,19,17,28,16,92,101499,21,18,31,16,92,101599,21,19,32,16,92,101486,21,18,29,16,92,101347,25,22,38,16,92,101414,21,19,31,17,92,101332,22,19,29,16,92,101480,22,20,35,17,92,101403,22,18,25,16,92,101415,21,18,30,16,92,101681,19,16,26,16,92,101466,28,27,42,16,92,101437,17,15,25,17,88,101593,22,19,33,,,,,,,,,,,,,,,,,,,16,89,101453,25,22,42
2017-05-30T21:00:00,,,,,,,17,91,101377,24,20,36,,,,,,,,,101301,22,18,30,15,78,101324,18,15,25,17,91,101345,22,20,35,17,91,101357,22,19,32,,,101345,23,20,36,17,91,101360,21,18,30,17,91,101287,20,18,30,17,89,,19,16,29,17,89,101432,24,21,36,17,89,,18,15,24,17,90,,23,20,33,17,90,,15,13,21,17,90,,20,17,28,17,88,,18,15,25,17,90,,22,19,32,17,90,,17,14,24,17,90,,25,22,38,,,,,,,18,91,101441,18,16,26,17,91,101349,21,18,29,17,-2027,101243,21,19,31,17,91,101421,21,19,31,17,91,,20,17,27,17,89,,20,18,30,16,91,101574,21,17,27,17,91,,24,21,37,18,89,101423,29,28,47,17,91,101414,20,18,31,17,91,101412,22,20,36,17,91,101271,25,23,41,17,91,101357,21,18,30,,,,,,,17,91,101316,19,16,27,17,91,101295,20,17,29,16,91,101487,25,23,40,17,91,101473,19,17,28,17,91,101465,19,16,27,17,91,101567,18,16,26,17,91,101452,21,18,29,17,91,101315,25,22,39,17,91,101375,21,19,33,17,91,101319,22,18,29,16,91,101438,19,17,28,17,91,101358,21,17,24,16,90,101362,18,15,24,,,101636,17,12,20,17,91,101427,27,30,47,17,88,101379,12,10,17,17,85,101557,21,17,29,,,,,,,,,,,,,,,,,,,16,87,101430,24,21,39
2017-05-30T22:00:00,,,,,,,17,92,101451,26,22,40,,,,,,,,,101376,22,19,30,15,83,101396,17,15,24,17,92,101418,22,20,35,17,92,101427,25,22,39,,,101421,24,21,38,16,92,101434,21,19,31,17,92,101364,22,19,33,17,92,,22,19,35,17,92,101501,25,22,37,,,,,,,17,92,,24,22,37,17,92,,17,14,23,16,92,,21,19,33,16,92,,17,14,23,17,92,,22,20,35,17,92,,19,17,29,17,92,,25,22,39,,,,,,,17,92,101508,21,18,31,16,92,101425,20,17,28,17,-2277,101311,21,19,33,17,92,101492,22,20,34,17,92,,22,19,32,17,92,,21,18,31,16,92,101654,23,18,29,16,92,,26,23,40,17,92,101494,22,20,35,,,,,,,17,92,101483,25,22,41,16,92,101339,26,24,43,17,92,101427,22,19,31,,,,,,,16,92,101390,20,17,29,17,92,101370,20,18,30,16,92,101554,27,25,44,17,92,101537,20,18,32,17,92,101538,20,17,29,16,92,101647,20,18,31,16,92,101517,23,21,36,16,92,101387,26,23,42,17,92,101446,22,19,33,17,92,101429,21,18,27,16,92,101522,20,18,31,17,92,101462,21,18,26,16,92,101443,20,17,28,16,92,101711,18,15,24,16,92,101504,20,18,29,16,91,101467,14,12,20,17,88,101632,23,19,33,,,,,,,,,,,,,,,,,,,16,90,101505,25,22,42
2017-05-30T23:00:00,,,,,,,17,90,101474,24,20,36,,,,,,,,,101396,21,17,28,17,88,101421,19,16,27,17,91,101433,19,17,28,17,91,101443,20,18,30,,,101436,21,18,31,16,91,101445,17,15,24,17,91,101382,20,17,29,17,89,,21,18,32,17,88,101523,19,16,26,,,,,,,17,89,,20,17,28,17,89,,17,15,24,17,89,,20,17,29,17,88,,19,17,27,17,90,,17,15,25,17,89,,18,15,26,17,89,,22,18,31,,,,,,,17,91,101541,17,15,24,16,91,101436,18,15,24,17,-2163,101333,22,20,34,17,91,101520,19,17,28,17,91,,20,17,27,17,89,,21,18,31,16,91,101686,22,18,29,17,91,,22,19,32,18,88,101513,18,16,27,,,,,,,17,91,101495,21,19,34,16,91,101352,20,18,29,17,91,101449,21,18,30,,,,,,,17,91,101401,17,15,24,17,91,101382,14,12,20,16,91,101570,22,19,34,17,90,101562,18,16,26,17,91,101566,19,16,26,17,91,101669,18,16,25,17,91,101535,20,18,29,17,91,101401,22,19,33,17,91,101464,20,17,28,17,91,101437,20,17,26,16,91,101547,20,18,30,17,91,101477,18,14,19,16,90,101475,21,17,28,16,91,101736,17,13,22,17,91,101536,17,15,24,16,88,101498,15,13,22,17,85,101656,21,18,30,,,,,,,,,,,,,,,,,,,16,86,101523,22,19,34
2017-05-31T00:00:00,,,,,,,17,90,101446,16,12,22,,,,,,,,,101374,14,11,18,18,90,101396,13,12,19,17,91,101408,13,11,17,16,91,101417,13,11,17,,,101415,13,11,18,16,91,101423,9,8,13,17,91,101354,11,9,15,17,88,,14,12,21,17,87,101514,13,11,17,,,,,,,16,88,,13,11,18,17,89,,12,10,17,17,89,,13,11,18,16,87,,13,11,17,16,88,,10,9,15,17,89,,11,9,16,16,88,,15,13,22,,,,,,,17,90,101508,9,7,12,16,91,101415,11,9,14,17,-1996,101298,14,12,20,17,91,101509,13,11,18,16,91,,12,10,15,17,88,,16,13,22,16,91,101652,15,12,19,16,91,,15,13,20,17,87,101483,10,9,15,,,,,,,16,91,101483,15,13,22,16,91,101341,12,11,17,17,91,101414,14,11,19,,,,,,,17,91,101379,12,10,16,17,91,101362,9,8,13,16,91,101549,14,12,20,16,89,101541,11,10,16,17,91,101545,11,10,16,17,91,101643,9,8,12,16,91,101514,13,11,18,16,91,101378,14,12,20,17,91,101429,13,10,17,17,91,101421,9,7,10,16,91,101520,14,12,19,17,91,101454,8,6,9,16,88,101440,10,8,14,,,101702,11,8,14,17,91,101502,10,9,15,16,87,101460,7,6,11,17,85,101643,15,12,20,,,,,,,,,,,,,,,,,,,16,87,101510,15,12,21
2017-05-31T01:00:00,,,,,,,17,89,101457,9,7,12,,,,,,,,,101383,6,5,8,15,78,101416,9,8,13,17,91,101413,7,6,10,16,91,101428,8,7,11,,,101416,8,7,11,16,91,101427,5,5,8,16,91,101361,7,6,10,17,87,,7,6,11,17,87,101527,8,7,10,,,,,,,16,88,,7,6,10,17,88,,5,4,7,17,88,,6,5,9,16,87,,6,5,9,17,89,,6,5,9,17,88,,4,4,8,16,88,,9,8,12,,,,,,,17,90,101520,6,5,8,16,91,101414,6,5,8,17,-1942,101312,8,7,12,17,90,101518,6,6,10,16,91,,7,6,10,17,88,,8,6,11,16,91,101667,8,6,10,16,91,,9,7,11,17,87,101494,6,5,9,,,,,,,16,91,101501,9,7,13,16,91,101346,9,8,13,17,91,101434,7,6,9,,,,,,,16,91,101383,6,5,9,17,91,101368,5,4,7,16,91,101559,8,7,12,16,89,101551,6,6,10,17,91,101555,5,5,8,16,91,101644,6,5,9,16,91,101524,7,6,10,16,91,101389,9,8,13,17,91,101441,7,6,10,17,91,101427,7,6,8,16,91,101533,7,6,9,17,90,101458,5,3,5,16,88,101453,6,4,8,,,101715,4,3,6,16,90,101511,4,3,6,16,87,101478,3,3,5,17,84,101656,8,6,10,,,,,,,,,,,,,,,,,,,16,86,101517,10,8,14
2017-05-31T02:00:00,,,,,,,16,94,101469,7,5,10,,,,,,,,,101392,5,4,7,15,84,101421,5,5,8,16,94,101430,8,7,11,16,94,101443,8,7,11,,,101431,9,7,12,16,94,101446,7,6,10,16,94,101375,6,5,9,16,92,,5,4,8,16,93,101548,8,7,11,,,,,,,16,94,,6,6,10,16,94,,3,2,4,16,93,,5,5,8,16,92,,3,2,4,16,94,,7,6,10,16,94,,4,4,7,16,94,,9,7,11,,,,,,,16,94,101534,4,3,6,16,94,101435,5,4,7,16,-2097,101327,9,8,13,16,94,101530,5,4,8,16,94,,5,4,7,16,93,,6,5,8,15,94,101669,4,3,4,16,94,,7,6,10,16,92,101504,4,4,6,,,,,,,16,94,101519,8,7,12,15,94,101359,9,8,13,16,94,101447,5,5,8,,,,,,,16,94,101404,5,4,7,16,94,101384,5,4,7,15,94,101569,6,6,10,16,94,101564,5,5,9,16,94,101568,5,4,8,16,94,101651,6,5,8,16,94,101548,6,5,9,16,94,101404,8,7,11,16,94,101458,6,6,9,16,94,101429,6,5,7,15,94,101541,4,4,7,16,94,101460,4,3,5,16,93,101454,3,3,5,,,101721,2,2,3,16,94,101518,3,2,4,16,92,101480,2,1,3,16,89,101667,7,5,9,,,,,,,,,,,,,,,,,,,15,91,101536,10,8,14
2017-05-31T03:00:00,,,,,,,16,92,101521,11,8,15,,,,,,,,,101442,8,6,11,16,90,101475,5,4,7,16,92,101477,10,8,12,16,92,101491,11,8,13,,,101479,10,8,13,16,92,101496,8,7,12,16,92,101426,9,7,12,16,91,,7,6,11,16,90,101594,11,9,14,,,,,,,16,92,,9,8,12,16,92,,5,4,7,16,92,,8,7,11,16,91,,6,5,8,16,92,,10,8,13,16,92,,5,5,8,16,91,,11,8,14,,,,,,,16,92,101586,7,6,10,16,92,101484,8,7,11,16,-2234,101377,13,11,19,16,92,101589,8,7,11,16,92,,8,7,11,16,91,,7,6,10,15,92,101724,7,6,9,16,92,,10,8,13,16,90,101554,7,6,10,,,,,,,16,92,101563,11,9,16,16,92,101407,12,10,18,16,92,101496,7,6,10,,,,,,,16,92,101452,7,6,10,16,92,101432,7,6,10,15,92,101618,10,8,14,16,92,101612,8,7,11,16,92,101618,7,6,10,16,92,101691,8,7,11,16,92,101594,9,7,12,16,92,101452,11,9,15,16,92,101504,10,8,13,16,92,101493,8,6,9,15,92,101593,7,6,10,16,92,101513,8,6,9,16,92,101509,6,5,8,,,101777,6,4,7,16,92,101571,5,4,7,16,91,101536,3,3,5,16,87,101721,9,7,12,,,,,,,,,,,,,,,,,,,15,89,101579,12,9,16
2017-05-31T04:00:00,,,,,,,17,90,101566,13,10,17,,,,,,,,,101491,10,8,13,17,86,101511,8,7,11,17,91,101521,10,8,13,17,91,101531,11,9,15,,,101525,11,9,15,16,91,101541,8,7,12,17,91,101472,10,8,13,17,88,,11,9,16,17,88,101623,11,8,13,,,,,,,17,88,,11,8,14,17,89,,10,9,15,17,89,,11,9,15,17,88,,9,8,12,17,89,,8,7,11,17,89,,8,7,12,17,88,,12,10,16,,,,,,,17,89,101631,9,7,12,16,91,101533,9,7,12,17,-2217,101414,15,13,21,17,90,101629,9,8,13,17,91,,11,9,14,17,88,,11,8,14,16,91,101781,13,10,15,17,91,,11,9,14,17,87,101589,9,8,13,,,,,,,17,91,101598,12,10,18,16,91,101445,11,9,15,17,91,101534,10,8,13,,,,,,,17,91,101499,8,7,11,17,91,101478,8,7,11,16,91,101659,12,10,17,17,90,101647,9,8,13,17,91,101665,9,8,12,17,91,101754,12,10,15,16,91,101623,10,8,13,17,91,101493,12,10,16,17,91,101541,10,8,14,17,91,101539,12,9,13,16,91,101646,12,10,16,17,91,101586,12,9,12,16,89,101569,11,8,14,,,101826,9,6,10,17,91,101633,9,8,13,16,87,101591,7,6,11,17,85,101768,12,9,15,,,,,,,,,,,,,,,,,,,16,86,101626,12,10,16
2017-05-31T05:00:00,,,,,,,17,87,101620,16,13,22,,,,,,,,,101546,14,10,17,17,80,101554,10,8,14,17,88,101573,11,9,14,17,88,101586,12,10,16,,,101579,13,10,17,17,88,101599,11,9,14,17,88,101529,14,11,18,17,86,,14,11,21,17,85,101675,12,9,15,,,,,,,17,86,,13,10,17,17,86,,11,9,15,17,86,,14,12,19,17,84,,12,10,16,18,88,,10,8,14,17,86,,11,9,16,17,86,,14,12,19,,,,,,,18,88,101679,10,8,14,17,88,101587,11,9,14,18,-2602,101468,13,11,18,17,87,101678,10,9,15,17,88,,12,10,16,18,85,,13,11,18,17,88,101837,14,11,17,17,88,,12,10,16,18,85,101646,10,8,14,,,,,,,18,88,101641,11,9,16,17,88,101494,12,10,17,18,88,101584,11,10,16,,,,,,,17,88,101555,12,10,16,18,88,101536,9,7,12,17,88,101702,13,11,18,17,86,101698,9,8,13,17,88,101697,12,10,17,18,88,101814,12,10,15,17,88,101676,10,8,13,17,88,101546,14,12,19,17,88,101593,11,9,15,17,88,101577,13,10,15,17,88,101698,13,11,18,17,88,101627,12,9,13,17,87,101626,13,11,18,,,101879,11,8,13,17,88,101685,9,8,13,17,85,101648,10,8,14,17,82,101820,16,12,20,,,,,,,,,,,,,,,,,,,17,83,101678,15,12,20
2017-05-31T06:00:00,,,,,,,18,81,101664,18,14,24,,,,,,,,,101585,14,11,18,19,80,101600,11,9,15,18,84,101616,12,10,16,20,84,101636,11,9,15,,,101621,13,11,18,18,84,101645,12,10,15,18,84,101568,14,12,20,19,81,,17,14,25,18,81,101708,14,12,19,,,,,,,18,81,,14,12,19,18,81,,12,10,17,18,81,,15,12,20,18,79,,13,11,17,20,84,,11,9,15,18,81,,11,9,16,18,81,,15,13,21,,,,,,,20,84,101716,11,9,15,18,84,101634,12,10,16,20,-2954,101521,13,11,17,18,82,101718,12,11,18,18,84,,13,11,18,18,80,,15,12,20,18,84,101875,13,10,16,19,84,,14,11,18,20,84,101717,11,9,15,,,,,,,20,84,101678,13,11,19,18,84,101535,15,13,21,20,82,101634,12,11,17,,,,,,,19,84,101600,11,9,15,20,84,101579,10,8,13,18,84,101738,14,12,20,18,81,101741,12,11,17,,,,,,,20,84,101865,11,9,14,18,84,101728,14,12,19,19,82,101591,17,14,22,18,83,101637,14,12,19,19,81,101619,11,8,12,18,84,101738,13,11,18,18,83,101683,12,9,13,18,81,101669,12,10,16,,,101925,11,8,14,18,83,101724,9,8,13,18,80,101687,10,8,14,18,77,101857,16,12,20,,,,,,,,,,,,,,,,,,,18,79,101714,15,12,20
2017-05-31T07:00:00,,,,,,,19,82,101702,21,17,30,,,,,,,,,101622,17,14,22,17,73,101629,12,10,17,19,84,101663,17,15,24,22,84,101691,15,13,20,,,101665,18,16,26,19,84,101688,15,13,21,19,84,101611,18,15,26,19,82,,17,14,26,19,81,101738,19,17,28,,,,,,,19,82,,19,16,27,19,81,,16,13,23,19,82,,18,15,25,19,80,,16,14,23,21,84,,17,15,25,19,81,,15,13,22,19,82,,22,19,33,,,,,,,22,84,101759,14,12,19,18,84,101674,17,15,24,23,-5822,101571,13,12,19,19,82,101747,16,14,23,19,84,,18,15,24,19,81,,16,13,22,19,84,101914,17,13,21,20,84,,17,14,23,21,84,101751,14,12,20,,,,,,,20,82,101720,17,15,26,19,84,101571,21,18,31,21,81,101677,14,12,20,,,,,,,20,83,101650,14,11,18,22,83,101634,12,10,16,19,84,101771,18,15,26,19,81,101782,15,14,22,,,,,,,20,84,101906,15,13,20,18,84,101760,19,17,27,20,81,101637,21,19,32,19,83,101682,23,21,35,20,79,101652,15,12,17,19,84,101772,17,15,24,19,82,101713,19,16,22,19,81,101706,16,14,23,,,101966,13,10,17,19,83,101762,14,12,21,18,80,101721,13,11,19,19,77,101883,18,14,24,,,,,,,,,,,,,,,,,,,19,78,101754,21,18,32
2017-05-31T08:00:00,,,,,,,20,77,101759,29,26,49,,,,,,,,,101681,24,21,37,19,70,101667,19,16,28,20,81,101727,23,21,37,21,80,101742,21,19,34,,,101722,24,22,40,20,81,101751,24,23,39,20,79,101673,25,22,40,20,78,,23,21,41,20,77,101778,24,22,38,,,,,,,20,77,,25,24,41,20,77,,25,22,40,20,77,,25,23,41,20,76,,24,21,38,21,79,,23,21,38,20,77,,24,22,41,20,77,,27,25,45,,,,,,,22,81,101811,22,20,36,19,81,101734,25,23,41,24,-5204,101628,18,16,29,20,77,101784,25,23,41,20,81,,24,22,39,20,77,,24,21,39,20,81,101968,28,24,42,21,79,,22,20,35,21,77,101802,23,22,39,,,,,,,20,77,101772,23,21,38,20,81,101620,26,24,43,21,76,101731,22,19,34,,,,,,,21,78,101709,22,20,35,22,77,101689,20,18,33,20,81,101824,25,23,41,20,76,101819,20,19,33,,,,,,,21,81,101955,21,19,34,19,79,101806,24,22,39,20,76,101692,26,24,43,20,78,101742,24,22,39,21,74,101702,23,20,32,20,78,101822,22,20,37,20,77,101780,25,22,34,20,76,101760,25,23,41,20,76,102021,21,19,33,20,77,101818,25,22,40,19,76,101767,23,21,39,20,72,101924,26,23,43,,,,,,,,,,,,,,,,,,,20,73,101805,26,25,48
2017-05-31T09:00:00,,,,,,,20,72,101811,28,24,46,,,,,,,,,101736,26,23,42,20,71,101731,22,20,35,21,77,101778,22,20,36,21,75,101790,24,21,39,,,101770,24,21,38,20,77,101794,25,23,41,21,72,101722,24,22,40,21,73,,23,21,42,21,72,101826,24,22,38,,,,,,,20,72,,25,23,41,20,73,,27,25,45,20,72,,25,23,42,20,72,,25,23,42,21,75,,22,20,35,21,73,,25,23,44,20,73,,26,24,43,,,,,,,22,75,101858,23,21,37,20,76,101780,25,23,41,22,-3300,101686,22,20,36,20,72,101841,26,25,45,20,77,,23,21,37,21,72,,25,23,42,20,77,102012,29,26,45,21,73,,22,21,37,21,71,101845,24,22,40,,,,,,,21,72,101825,24,22,40,20,76,101671,25,24,42,21,71,101787,24,22,40,,,,,,,21,72,101754,23,21,38,21,72,101732,22,20,36,20,75,101877,25,23,42,21,70,101884,21,20,36,,,,,,,21,77,101998,22,19,35,20,74,101864,23,22,39,20,71,101740,26,24,44,20,73,101799,25,23,42,21,70,101749,24,21,34,20,73,101867,24,22,40,21,72,101807,24,21,31,20,71,101802,26,24,43,20,70,102075,21,20,36,20,72,101868,25,23,42,20,72,101821,25,23,43,20,68,101977,27,25,47,,,,,,,,,,,,,,,,,,,20,68,101851,25,23,45
2017-05-31T10:00:00,,,,,,,20,75,101799,26,22,43,,,,,,,,,101721,24,21,36,19,74,101728,20,18,31,20,79,101761,19,18,30,20,78,101769,21,19,33,,,101754,21,19,33,19,79,101780,21,19,33,20,75,101709,22,19,35,20,76,,22,20,40,21,79,101787,21,18,32,,,,,,,20,77,,21,18,31,20,77,,25,22,41,20,76,,22,20,37,19,74,,23,21,38,20,77,,20,18,30,20,76,,21,19,35,20,76,,23,21,38,,,,,,,20,77,101851,22,20,35,19,79,101764,21,19,32,21,-3278,101672,20,18,32,19,74,101821,23,21,38,20,79,,22,20,35,20,75,,24,22,40,19,79,102013,28,25,43,21,76,,20,18,32,20,74,101831,23,22,38,19,79,101820,21,19,34,20,75,101798,21,19,35,20,78,101649,22,20,36,20,73,101773,23,20,36,,,,,,,20,75,101740,20,18,32,21,76,101715,19,17,30,19,78,101856,23,21,38,20,73,101873,20,18,32,,,,,,,20,79,101985,21,19,32,19,75,101848,20,18,30,20,73,101723,24,22,39,20,75,101784,23,21,38,21,74,101734,22,19,29,20,78,101859,23,21,38,20,75,101806,23,20,29,19,75,101800,26,23,42,19,72,102067,20,18,32,20,76,101865,24,21,39,19,75,101825,24,22,40,20,70,101964,24,21,39,,,,,,,,,,,,,,,,,,,20,71,101825,22,20,35
2017-05-31T11:00:00,,,,,,,22,62,101770,23,19,34,,,,,,,,,101689,22,19,31,19,53,101689,18,16,28,22,63,101731,18,16,27,22,63,101739,19,17,28,,,101728,20,18,30,22,67,101752,20,18,30,23,61,101690,20,18,31,22,63,,21,18,36,23,65,101756,19,17,28,,,,,,,23,64,,20,18,29,22,64,,22,19,35,23,65,,20,18,32,22,61,,21,19,32,22,63,,18,16,27,22,63,,20,18,31,22,63,,22,19,34,,,,,,,24,66,101809,19,17,28,22,62,101734,20,17,28,23,-2857,101636,18,16,28,21,60,101783,21,19,33,22,65,,20,18,30,23,62,,22,19,35,22,62,101979,24,21,35,25,59,,18,15,26,22,61,101802,20,19,32,22,66,101785,20,19,33,22,60,101771,19,17,31,22,62,101626,21,18,31,22,59,101738,20,18,31,,,,,,,22,61,101713,19,17,29,23,60,101681,18,15,26,22,61,101815,21,18,33,23,59,101830,17,16,27,,,,,,,22,68,101958,20,18,32,22,61,101808,19,17,29,22,59,101695,23,20,36,22,61,101756,20,18,31,23,56,101697,20,17,24,23,60,101823,19,17,31,23,60,101783,21,17,25,22,60,101772,23,20,36,22,58,102036,18,15,26,22,61,101833,21,18,32,21,61,101794,21,19,34,22,57,101920,23,20,36,,,,,,,,,,,,,,,,,,,22,58,101797,21,18,32
2017-05-31T12:00:00,,,,,,,23,58,101766,19,15,27,,,,,,,,,101678,19,16,25,19,50,101688,17,14,24,23,57,101725,15,13,21,22,58,101727,16,14,22,,,101719,17,14,23,22,60,101743,16,14,22,24,56,101681,17,15,25,23,59,,19,16,31,23,59,101766,17,14,23,,,,,,,22,59,,17,15,24,23,60,,20,18,31,24,61,,18,16,27,22,58,,20,18,32,22,59,,15,13,21,23,59,,16,14,25,23,60,,18,15,26,,,,,,,24,61,101801,15,13,22,22,57,101727,16,13,21,23,-2440,101623,18,16,26,22,56,101785,18,15,26,22,59,,16,14,22,23,58,,19,17,29,22,58,101971,22,19,30,24,56,,16,13,21,23,57,101791,18,16,28,,,,,,,22,56,101774,16,14,25,22,58,101629,16,14,23,23,55,101728,18,16,26,,,,,,,22,56,101709,16,14,22,23,56,101669,14,12,21,22,56,101812,18,16,26,23,55,101832,14,13,21,,,,,,,22,65,101951,16,14,23,22,57,101814,16,14,22,22,55,101688,20,17,29,22,57,101747,17,15,24,23,53,101708,17,14,20,23,57,101812,18,16,28,23,56,101772,18,14,20,22,56,101763,20,17,29,22,55,102025,16,13,22,22,57,101824,18,15,26,22,58,101783,19,17,30,22,53,101912,22,18,31,,,,,,,,,,,,,,,,,,,23,54,101791,17,14,23
2017-05-31T13:00:00,,,,,,,24,56,101749,16,12,21,,,,,,,,,101657,16,13,20,20,50,101664,13,11,17,23,55,101702,13,11,18,23,56,101699,13,11,18,,,101694,15,13,21,22,58,101712,13,12,18,25,54,101666,14,12,19,23,56,,16,14,24,23,56,101747,14,12,19,,,,,,,23,57,,14,11,18,24,58,,15,13,21,24,60,,16,13,22,22,56,,16,14,23,23,57,,13,11,18,25,61,,12,10,18,25,63,,16,13,21,,,,,,,24,59,101775,13,11,18,22,54,101699,14,12,19,23,-2258,101592,14,12,19,22,54,101759,13,12,19,23,54,,13,11,17,23,55,,17,14,22,23,53,101944,18,14,22,25,54,,14,11,18,23,54,101763,15,13,22,,,,,,,23,54,101747,14,12,20,22,55,101599,14,12,19,23,53,101701,14,12,19,,,,,,,23,54,101679,14,12,19,23,54,101642,12,10,17,22,53,101786,15,13,21,24,52,101806,12,10,16,,,,,,,23,64,101922,14,12,18,24,54,101779,14,11,18,22,52,101664,17,14,23,23,54,101720,15,13,21,23,51,101683,15,12,17,24,52,101781,14,12,20,25,53,101748,13,9,13,22,53,101732,18,15,23,,,102002,12,8,14,22,54,101793,14,12,21,22,56,101755,15,13,22,23,51,101895,18,14,24,,,,,,,,,,,,,,,,,,,23,52,101766,15,12,20
2017-05-31T14:00:00,,,,,,,24,55,101729,17,12,22,,,,,,,,,101635,16,13,20,19,47,101632,13,11,18,23,53,101683,14,12,19,22,55,101676,15,13,20,,,101672,16,13,21,22,56,101691,14,12,19,24,53,101643,15,12,19,22,55,,16,14,24,22,54,101731,17,14,21,,,,,,,23,56,,16,13,21,23,58,,15,12,20,23,58,,16,14,22,22,54,,16,14,22,22,56,,14,12,19,25,62,,12,10,17,25,63,,16,13,22,,,,,,,23,57,101753,15,12,20,22,53,101676,15,12,19,23,-2250,101566,15,13,21,22,52,101734,15,13,22,24,52,,14,12,18,23,54,,17,14,24,22,51,101921,17,13,20,23,53,,16,13,19,22,53,101741,15,14,23,22,56,101743,13,12,20,22,53,101723,16,14,23,22,54,101574,19,16,26,22,52,101671,16,13,21,,,,,,,22,53,101654,14,12,19,23,53,101621,12,11,18,22,52,101762,16,14,23,24,51,101778,13,11,18,,,,,,,22,63,101899,14,11,18,23,52,101759,14,11,18,22,52,101643,19,16,26,22,53,101693,16,14,23,23,50,101655,18,14,21,24,51,101755,14,12,20,24,51,101728,13,9,13,22,51,101707,16,13,21,,,101981,12,9,14,22,53,101771,13,11,19,22,55,101725,14,12,20,22,50,101873,19,14,24,20,50,99309,17,13,22,,,,,,,,,,,,,22,51,101747,16,13,21
2017-05-31T15:00:00,,,,,,,23,54,101720,15,12,21,,,,,,,,,101630,15,12,19,20,50,101629,13,11,17,22,52,101674,13,11,18,22,54,101670,14,11,18,,,101662,16,13,22,22,55,101682,13,11,18,23,52,101626,14,12,19,22,55,,15,13,23,22,54,101725,16,13,21,,,,,,,22,54,,15,12,20,23,56,,14,12,20,24,58,,15,13,20,22,54,,15,13,21,22,55,,13,11,18,24,59,,11,9,16,24,59,,16,13,21,,,,,,,23,56,101747,13,11,18,22,52,101670,13,11,17,22,-2140,101558,14,12,20,22,52,101723,14,12,20,24,51,,13,10,16,22,53,,17,14,23,22,50,101920,18,14,22,23,53,,15,12,19,22,53,101732,15,13,22,22,55,101742,13,11,19,22,52,101719,15,13,22,22,53,101570,14,12,20,22,51,101666,15,12,19,,,,,,,22,52,101648,13,11,17,22,52,101612,12,10,17,22,51,101760,15,13,22,24,49,101764,11,10,15,,,,,,,22,63,101890,13,11,17,23,51,101757,12,10,16,22,51,101642,17,15,24,22,53,101686,15,13,21,22,50,101652,15,12,18,23,51,101750,15,12,20,24,51,101723,13,10,13,22,51,101702,16,13,21,,,101977,12,8,13,22,52,101765,16,15,24,22,55,101723,14,12,19,22,49,101866,17,13,22,21,46,99292,16,12,20,,,,,,,,,,,,,22,50,101740,16,12,21
2017-05-31T16:00:00,,,,,,,23,53,101738,13,10,17,,,,,,,,,101649,13,10,16,19,47,101652,12,10,17,22,51,101690,11,10,15,21,52,101686,13,10,16,,,101680,13,11,18,21,53,101698,11,9,14,22,50,101631,12,10,16,22,53,,14,12,21,21,52,101746,13,11,18,,,,,,,22,53,,13,11,17,23,56,,11,10,16,23,57,,13,10,17,22,52,,12,10,17,22,53,,11,9,15,24,58,,9,7,12,22,54,,14,12,19,,,,,,,22,54,101766,11,9,14,22,48,101693,9,7,12,22,-2095,101578,14,13,20,22,50,101733,12,10,17,23,50,,12,9,15,22,52,,14,12,20,21,48,101942,14,10,16,22,52,,15,12,19,22,51,101750,12,11,18,21,53,101757,11,10,16,21,51,101737,14,11,19,21,52,101585,12,11,18,22,50,101686,14,11,18,,,,,,,21,50,101663,10,9,14,22,50,101628,10,8,14,21,49,101778,13,11,19,23,48,101790,11,9,15,,,,,,,21,62,101908,11,9,15,23,50,101773,12,10,16,22,49,101658,16,13,21,22,52,101709,19,17,28,22,48,101674,11,8,12,21,50,101772,13,11,17,22,50,101733,12,9,12,21,49,101725,12,10,17,,,101995,10,7,11,21,51,101784,10,9,14,22,53,101743,12,10,16,22,48,101886,15,11,18,20,44,99311,14,10,17,,,,,,,,,,,,,21,48,101760,13,11,18
2017-05-31T17:00:00,,,,,,,22,55,101740,15,11,19,,,,,,,,,101649,13,10,17,18,49,101661,13,11,18,21,52,101693,14,12,19,20,54,101692,15,12,19,,,101683,15,12,20,20,55,101702,10,8,13,21,52,101629,12,10,17,21,55,,14,12,21,21,54,101751,16,13,21,,,,,,,21,54,,14,12,19,22,57,,10,8,14,22,57,,15,12,20,21,54,,11,9,15,21,55,,13,11,18,24,62,,8,7,12,21,55,,17,13,22,,,,,,,21,56,101770,13,12,19,21,50,101698,10,8,12,21,-2067,101585,15,13,21,21,52,101751,13,12,19,22,51,,12,10,16,21,54,,19,17,30,20,49,101938,11,8,13,21,53,,14,12,18,21,53,101752,15,13,22,21,56,101761,13,11,19,21,53,101744,15,13,22,21,54,101592,13,11,18,21,52,101694,15,12,20,,,,,,,20,52,101665,9,8,13,21,52,101632,12,10,17,20,51,101788,16,13,22,21,51,101797,10,9,15,,,,,,,20,63,101911,9,7,12,21,51,101794,11,9,15,21,51,101663,19,16,27,21,54,101723,23,22,37,21,50,101674,9,7,11,20,52,101776,12,10,15,21,51,101728,10,7,10,20,50,101721,11,8,14,,,102001,11,8,14,20,52,101781,8,7,12,20,54,101743,9,8,13,21,49,101891,15,11,19,19,46,99317,12,9,15,,,,,,,,,,,,,20,50,101767,16,13,22
2017-05-31T18:00:00,,,,,,,19,64,101773,16,12,21,,,,,,,,,101687,14,11,18,17,59,101707,10,8,14,19,63,101726,16,14,22,18,64,101727,12,10,17,,,101720,15,13,21,18,67,101736,11,9,15,18,62,101662,13,11,18,19,64,,15,12,22,19,64,101788,15,12,20,,,,,,,19,65,,13,11,17,19,66,,11,9,15,19,65,,16,14,22,18,64,,14,11,18,18,66,,15,13,21,19,67,,9,8,14,19,65,,19,16,27,,,,,,,19,66,101807,12,10,17,18,63,101726,11,8,13,19,-2236,101619,14,13,20,19,62,101789,14,12,21,19,62,,14,12,18,19,65,,17,14,23,18,60,101972,12,9,14,18,64,,13,10,16,19,64,101792,18,16,28,19,66,101799,12,11,18,18,63,101781,14,12,19,18,67,101629,13,11,18,19,62,101730,13,11,17,,,,,,,18,62,101699,10,8,14,19,63,101656,12,11,18,18,62,101823,24,22,37,19,61,101830,10,8,13,,,,,,,18,71,101945,10,8,13,18,62,101829,9,7,12,19,61,101698,18,15,25,19,64,101746,13,10,17,18,63,101715,11,9,13,18,62,101816,12,11,17,18,62,101761,12,9,13,18,61,101753,13,10,16,,,102038,13,10,18,18,62,101818,9,7,12,18,63,101779,10,8,14,19,59,101928,24,19,32,17,53,99364,12,9,16,,,,,,,,,,,,,18,60,101804,18,15,25
2017-05-31T19:00:00,,,,,,,17,72,101837,18,13,23,,,,,,,,,101757,13,10,17,17,72,101783,10,9,15,17,72,101794,16,13,21,16,73,101797,15,13,20,,,101792,20,16,27,16,74,101803,13,12,19,17,70,101733,19,16,27,17,73,,14,12,21,17,72,101864,19,16,26,,,,,,,17,73,,15,13,21,17,73,,13,11,19,17,73,,15,12,20,17,72,,27,24,39,16,73,,15,13,21,17,73,,11,10,17,17,73,,19,15,25,,,,,,,17,74,101881,11,9,15,16,70,101792,10,8,13,17,-2310,101686,16,14,22,16,72,101873,13,11,18,17,71,,13,11,18,17,73,,16,13,21,16,68,102037,13,10,15,16,73,,15,12,20,18,72,101864,19,17,29,17,77,101878,16,14,23,16,71,101861,15,13,21,16,76,101704,16,14,23,17,71,101800,15,13,21,,,,,,,17,69,101763,10,8,13,,,,,,,16,73,101901,20,18,29,17,70,101903,11,9,15,,,,,,,16,77,102013,13,11,18,16,72,101906,10,8,13,17,70,101768,21,18,30,17,71,101815,13,11,18,16,71,101789,16,13,19,16,70,101888,15,13,20,16,71,101830,13,10,14,16,69,101822,14,11,19,,,102098,12,9,15,16,69,101887,10,8,14,16,72,101850,12,10,17,17,67,102004,18,14,23,15,63,99444,19,16,27,,,,,,,,,,,,,16,68,101878,19,16,27
2017-05-31T20:00:00,,,,,,,15,79,101844,18,14,23,,,,,,,,,101765,22,18,29,16,82,101789,13,12,19,15,80,101806,18,15,24,15,82,101807,20,17,28,,,101806,20,17,27,14,82,101815,13,11,18,15,78,101750,20,17,28,15,79,,16,14,24,15,80,101876,21,18,30,,,,,,,15,80,,16,14,22,15,80,,13,11,19,15,80,,19,16,25,15,79,,18,15,25,15,80,,17,15,24,15,80,,20,17,30,15,80,,21,18,30,,,,,,,15,81,101895,14,12,19,14,78,101803,13,11,17,15,-2473,101694,18,16,25,15,80,101886,13,12,19,15,78,,15,13,20,16,79,,18,16,26,14,76,102049,15,12,19,14,81,,14,12,19,16,79,101874,20,18,30,15,82,101893,19,17,28,15,78,101870,18,16,27,14,82,101714,16,14,23,15,80,101810,16,13,21,,,,,,,15,76,101773,10,8,14,,,,,,,15,81,101918,17,14,24,15,78,101919,12,10,17,14,79,101919,22,19,31,14,82,102017,15,12,20,14,80,101911,13,10,17,15,78,101778,23,20,34,15,79,101822,17,14,24,15,77,101799,14,11,17,14,77,101903,17,15,23,15,78,101842,15,12,17,14,77,101834,15,12,20,15,75,102106,17,14,23,15,77,101898,20,19,30,15,79,101861,13,11,19,15,74,102021,20,16,27,14,61,99468,17,14,24,,,,,,,,,,,,,14,75,101891,22,19,33
2017-05-31T21:00:00,,,,,,,14,84,101847,18,14,25,,,,,,,,,101769,19,15,24,14,83,101796,15,13,21,14,86,101809,20,18,29,13,86,101812,21,18,30,,,101808,21,18,30,13,86,101814,12,10,16,13,84,101753,19,16,26,13,84,,18,15,27,14,85,101878,21,18,30,,,,,,,13,85,,19,16,26,14,86,,18,16,26,13,84,,17,15,23,13,84,,19,16,25,13,84,,19,16,26,14,85,,17,14,25,13,86,,21,19,31,,,,,,,14,86,101898,17,14,23,13,84,101803,14,11,18,14,-2699,101704,21,18,31,13,86,101904,15,13,21,13,84,,16,14,21,14,85,,20,16,27,13,85,102056,24,19,31,13,86,,20,16,26,14,85,101879,23,21,35,14,86,101897,19,16,27,13,85,101869,20,18,32,13,86,101709,21,18,30,14,85,101815,17,15,24,,,,,,,13,82,101772,12,9,15,,,,,,,13,86,101926,19,16,27,13,84,101924,16,14,24,13,84,101931,18,16,26,13,86,102023,14,12,19,13,86,101916,15,13,22,14,83,101779,23,20,34,14,85,101829,20,17,27,13,83,101806,17,13,20,13,84,101911,22,20,33,13,84,101846,17,13,19,13,83,101842,20,17,28,13,81,102108,18,14,24,13,84,101905,24,24,40,13,84,101868,14,12,21,14,79,102030,18,14,24,12,67,99481,20,17,29,,,,,,,,,,,,,13,80,101893,23,20,35
2017-05-31T22:00:00,,,,,,,13,82,101853,24,19,34,,,,,,,,,101776,23,19,31,12,76,101803,14,12,20,14,84,101813,18,15,24,13,84,101817,20,17,28,,,101812,20,17,28,13,84,101819,14,12,19,13,81,101758,18,15,25,13,82,,22,19,36,13,82,101895,19,16,25,,,,,,,13,82,,18,16,25,13,82,,16,14,23,13,83,,20,18,29,13,81,,16,14,23,13,82,,18,15,25,13,82,,17,15,25,13,82,,20,16,27,,,,,,,14,84,101908,16,13,22,13,81,101805,15,13,20,14,-2472,101706,18,16,26,13,83,101911,16,14,23,13,84,,17,15,23,14,83,,21,18,31,12,84,102056,23,19,30,13,84,,20,17,27,14,82,101885,18,17,27,14,84,101908,15,13,22,13,82,101875,20,17,31,13,84,101716,20,18,29,14,82,101822,20,17,27,,,,,,,13,81,101770,15,13,21,,,,,,,13,84,101935,18,15,25,13,81,101931,16,14,23,13,82,101939,22,19,32,13,84,102030,22,19,32,13,83,101919,18,16,25,13,81,101783,21,18,30,14,83,101833,20,16,27,13,81,101812,19,15,22,13,83,101919,21,19,31,13,82,101850,19,16,22,13,80,101846,20,17,27,13,79,102112,19,14,24,13,81,101910,19,17,29,13,81,101869,13,11,19,14,77,102037,22,19,33,12,66,99483,23,19,35,,,,,,,,,,,,,13,77,101904,20,17,28
2017-05-31T23:00:00,,,,,,,13,82,101848,25,20,36,,,,,,,,,101774,23,19,31,13,84,101800,15,13,22,13,84,101812,18,15,24,13,84,101817,20,18,29,,,101812,19,16,26,12,84,101817,15,13,21,13,82,101756,20,17,28,13,81,,20,17,31,13,82,101900,20,16,26,,,,,,,13,82,,17,15,23,13,83,,19,16,27,13,82,,21,19,31,13,81,,19,16,27,13,83,,22,19,31,13,82,,19,17,29,13,82,,20,17,28,,,,,,,13,83,101907,17,15,24,12,82,101802,17,15,23,13,-2450,101706,20,17,28,13,82,101910,17,15,24,13,84,,20,17,26,14,82,,23,20,35,12,84,102052,24,21,33,13,84,,20,17,27,14,82,101885,20,18,30,,,,,,,13,82,101877,20,18,31,12,83,101714,20,18,29,13,83,101821,21,18,29,,,,,,,13,82,101766,14,12,19,12,84,101753,16,13,21,13,84,101936,19,16,27,13,81,101930,16,14,23,13,83,101940,21,18,30,12,84,102027,21,18,30,12,83,101921,19,16,26,13,80,101781,20,17,28,13,82,101831,18,15,25,13,82,101800,23,19,30,12,83,101919,20,18,30,12,82,101849,19,16,22,13,80,101845,23,20,33,,,102107,18,14,23,13,82,101905,18,15,25,12,81,101869,13,10,18,13,77,102037,22,19,33,12,68,99484,23,19,35,,,,,,,,,,,,,12,77,101901,21,18,31
